0 0 0.8674213836477986 0.0181447963800905 0.8481761006289309 0.02438914027149321 0.8210691823899372 0.02081447963800905 0.7827672955974843 0.0083710407239819 0.7704402515723271 0 0.7704402515723271
0 0.06701357466063348 0.4753459119496855 0.00751131221719457 0.5309433962264151 0.004841628959276019 0.5889308176100629 0.010180995475113122 0.6284276729559749 0.040361990950226245 0.6086792452830189 0.06791855203619909 0.5309433962264151
0 0.21357466063348418 0.5506918238993711 0.17357466063348417 0.5877358490566038 0.19936651583710407 0.6148427672955975 0.23221719457013576 0.609937106918239 0.23398190045248868 0.5691823899371069
0 0.40009049773755656 0.7630188679245282 0.38497737556561085 0.7728930817610062 0.3876470588235294 0.7976100628930817 0.40099547511312217 0.8074842767295597 0.4152036199095023 0.7913836477987422
0 0.959683257918552 0.5111949685534591 0.9170135746606335 0.5333962264150943 0.9223529411764706 0.5840251572327044 0.968552036199095 0.5815094339622641 0.9792307692307692 0.5457232704402516
0 0.7636651583710408 0.37641509433962267 0.799366515837104 0.370503144654088 0.8010859728506787 0.41188679245283016 0.765339366515837 0.4308176100628931
0 0.12918552036199096 0.6136477987421384 0.07502262443438913 0.6235220125786164 0.06343891402714932 0.6926415094339622 0.08832579185520362 0.7111949685534591 0.11321266968325791 0.6976100628930818 0.12298642533936652 0.6518867924528302
0 0.3154751131221719 0.5880503144654088 0.29592760180995475 0.5974842767295597 0.3052488687782805 0.6246540880503144 0.3129411764705882 0.6293710691823899
0 0.24321266968325791 0.7109433962264151 0.2720814479638009 0.7121383647798742 0.2720814479638009 0.7605660377358491 0.24574660633484163 0.7664779874213836
0 0.6003619909502262 0.43553459119496857 0.6216289592760181 0.43201257861635217 0.6190950226244344 0.4887421383647798 0.5833484162895927 0.4910691823899371
0 0.4178733031674208 0.49264150943396223 0.39565610859728506 0.5037735849056604 0.40719457013574656 0.5272327044025157 0.4249773755656109 0.5247169811320755 0.4294117647058824 0.5086792452830189
0 0.05692307692307692 0.33031446540880505 0.0467420814479638 0.3551572327044025 0.040769230769230766 0.39534591194968555 0.06968325791855204 0.41308176100628935 0.08755656108597286 0.4473584905660377 0.12669683257918551 0.4390566037735849 0.14877828054298645 0.37761006289308174 0.12072398190045248 0.3433333333333334
0 0.4320814479638009 0.007484276729559748 0.39918552036199095 0.0037735849056603774 0.36990950226244346 0.001257861635220126 0.36633484162895924 0.022264150943396226 0.3823076923076923 0.05188679245283019 0.4125339366515837 0.059308176100628926 0.44185520361990954 0.032138364779874216 0.446289592760181 0.01119496855345912