0 0.38035555555555556 0.4314213197969543 0.3574666666666667 0.4649238578680203 0.3519555555555555 0.505736040609137 0.3895555555555556 0.4963451776649746 0.40422222222222226 0.4565482233502538
0 0.012755555555555556 0.5681725888324873 0.004622222222222222 0.5880710659898477 0.013777777777777778 0.6048223350253807 0.028444444444444446 0.5932994923857868 0.026533333333333332 0.5807614213197969
0 0.27986666666666665 0.6434010152284264 0.24155555555555555 0.6291878172588833 0.2332888888888889 0.676497461928934 0.28813333333333335 0.6788324873096446
0 0.5416888888888889 0.6280203045685279 0.4827111111111111 0.6315736040609137 0.4858222222222222 0.6989340101522843 0.5686222222222223 0.6883248730964466
0 0.1284888888888889 0.7476142131979695 0.11777777777777777 0.7650761421319797 0.1216 0.789492385786802 0.14377777777777778 0.7886294416243655 0.14453333333333335 0.7598477157360406
0 0.16106666666666666 0.8674619289340101 0.11373333333333334 0.8750253807106598 0.10382222222222222 0.9391370558375634 0.10164444444444445 0.9755837563451777 0.12915555555555555 0.9931472081218274 0.18746666666666667 0.9944162436548224 0.21826666666666666 0.9780710659898477 0.19075555555555557 0.920253807106599
0 0.3602222222222222 0.831015228426396 0.3392888888888889 0.8460913705583757 0.3426222222222222 0.8674619289340101 0.36573333333333335 0.8699999999999999 0.36902222222222225 0.8561928934010151
0 0.6430222222222223 0.7656852791878173 0.5527555555555556 0.7820304568527919 0.5450666666666667 0.8436040609137055 0.5560888888888889 0.8913705583756345 0.5934666666666667 0.9215228426395938 0.6408 0.924010152284264 0.6716000000000001 0.917766497461929 0.6891999999999999 0.8888324873096446 0.6881333333333334 0.8436040609137055
0 0.8410666666666667 0.6525888324873097 0.7948444444444445 0.6588832487309645 0.7893333333333333 0.7128934010152285 0.8311555555555555 0.7191878172588833 0.8487555555555556 0.7003553299492385
0 0.8927999999999999 0.4162944162436549 0.8531555555555556 0.4603045685279188 0.8916888888888889 0.48416243654822333 0.9148000000000001 0.44649746192893397
0 0.4922666666666667 0.04685279187817259 0.41413333333333335 0.03680203045685279 0.3184 0.04182741116751269 0.28097777777777777 0.09710659898477157 0.2545777777777778 0.18634517766497463 0.30191111111111113 0.30700507614213196 0.3448 0.355989847715736 0.3855111111111111 0.37736040609137056 0.3943111111111111 0.31203045685279185 0.4009333333333333 0.2881218274111675 0.42515555555555556 0.31203045685279185 0.45262222222222226 0.3232994923857868 0.48786666666666667 0.3396446700507614 0.5197777777777778 0.3547208121827411 0.5362666666666667 0.3232994923857868 0.5142666666666666 0.2780710659898477 0.5252444444444445 0.23411167512690353 0.5296888888888889 0.19766497461928934 0.5285777777777778 0.16873096446700508
0 0.42897777777777774 0.3539086294416244 0.3968888888888889 0.36959390862944164 0.3950222222222222 0.4010152284263959 0.4308 0.39685279187817263 0.43995555555555554 0.3801015228426396