0 0.8423030303030302 0.8260344827586207 0.804060606060606 0.8255459770114943 0.7886060606060606 0.8510057471264367 0.8124242424242425 0.8617816091954023 0.8568484848484849 0.8627586206896553 0.8732727272727273 0.8387643678160919
0 0.2513939393939394 0.4418678160919541 0.2438787878787879 0.4785344827586207 0.2912727272727273 0.4714367816091954 0.29624242424242425 0.4595977011494253
0 0.024484848484848484 0.24801724137931036 0.08181818181818182 0.2610344827586207 0.06442424242424243 0.28704022988505745 0.034484848484848486 0.28586206896551725 0 0.28586206896551725 0 0.27663793103448275
0 0.26381818181818184 0.09554597701149425 0.2912727272727273 0.1357183908045977 0.3036969696969697 0.14991379310344827 0.35109090909090906 0.1617241379310345 0.4657575757575757 0.12982758620689655 0.48818181818181816 0.1085344827586207 0.48818181818181816 0.0979022988505747
0 0.4715151515151515 0.7106321839080461 0.3975757575757575 0.796264367816092 0.48321212121212126 0.8520402298850575 0.5448484848484849 0.9034482758620689 0.6903030303030303 0.864367816091954 0.7303030303030303 0.8204022988505747 0.7225454545454545 0.7220114942528736 0.6278181818181818 0.692471264367816
0 0.5776363636363636 0.2189942528735632 0.5136363636363637 0.23382183908045978 0.53 0.26132183908045975 0.591030303030303 0.2648563218390805 0.6133333333333334 0.2323850574712644
0 0.19975757575757577 0.18373563218390804 0.1253939393939394 0.21758620689655173 0.10012121212121212 0.2556609195402299 0.11496969696969696 0.27402298850574713 0.19381818181818183 0.26201149425287357 0.22806060606060607 0.2197126436781609 0.22806060606060607 0.19712643678160918
0 0.2533333333333333 0.29870689655172417 0.18636363636363637 0.32339080459770114 0.18339393939393941 0.3614655172413793 0.2250909090909091 0.3762931034482758 0.2875151515151515 0.3642816091954023 0.3098787878787879 0.3304310344827586
0 0.1403030303030303 0.37135057471264366 0.09121212121212122 0.38333333333333336 0.07484848484848484 0.40238505747126435 0.11648484848484848 0.41364942528735626 0.1744848484848485 0.3847413793103448
0 0.21115151515151517 0.7109195402298851 0.16575757575757577 0.7216954022988505 0.17290909090909093 0.743735632183908 0.20903030303030304 0.7510919540229885 0.24636363636363637 0.730028735632184
0 0.06248484848484849 0.6227586206896552 0.013818181818181816 0.6261781609195403 0.0015151515151515152 0.653132183908046 0.032424242424242425 0.6658620689655173 0.08406060606060606 0.6545977011494253
0 0.608909090909091 0.3242816091954023 0.581030303030303 0.32772988505747125 0.5804242424242424 0.3395114942528736 0.6040606060606061 0.3423850574712644 0.6198181818181818 0.3375
0 0.8255151515151515 0.1446264367816092 0.7751515151515151 0.13821839080459772 0.7696969696969697 0.16551724137931034 0.7856969696969696 0.18931034482758619 0.7961818181818182 0.1952586206896552 0.8275757575757576 0.17689655172413793 0.836 0.15603448275862067