0 0.518 0.7748299319727892 0.48895000000000005 0.7844557823129251 0.4393 0.7906122448979592 0.38645 0.7906122448979592 0.33744999999999997 0.7866666666666666 0.3181 0.7739455782312925 0.3671 0.7502721088435375 0.40645000000000003 0.7353401360544217 0.4445 0.7305102040816327 0.4767 0.7327210884353741 0.50315 0.7485034013605443 0.51475 0.7634013605442177
0 0.21364999999999998 0.7555102040816327 0.1808 0.7651700680272109 0.1943 0.7857823129251701 0.2169 0.7923809523809524 0.233 0.777891156462585
0 0.15689999999999998 0.7077210884353742 0.13824999999999998 0.713843537414966 0.1305 0.7292176870748299 0.14855000000000002 0.7410544217687075 0.17370000000000002 0.73578231292517 0.184 0.713843537414966
0 0.8347 0.555204081632653 0.78125 0.5560884353741496 0.7545000000000001 0.5852040816326531 0.7331 0.6115646258503402 0.7358 0.6334013605442177 0.77455 0.6434013605442177 0.8240000000000001 0.6343197278911565 0.8547499999999999 0.6124829931972788 0.8815000000000001 0.5924829931972789
0 0.319 0.7925170068027211 0.2216 0.7987414965986395 0.17125 0.8401360544217688 0.162 0.8680272108843538 0.25984999999999997 0.8909523809523809 0.3515 0.8996598639455783 0.4025 0.8608843537414966
0 0.1479 0.8419387755102041 0.1305 0.8410544217687075 0.1208 0.8485034013605443 0.1234 0.8586054421768707 0.14015 0.8612244897959184 0.15689999999999998 0.855952380952381 0.16144999999999998 0.8436734693877551
0 0.45365 0.36149659863945577 0.37965000000000004 0.3526190476190476 0.37265 0.38833333333333336 0.39165 0.4077210884353742 0.42965000000000003 0.41282312925170067 0.45765 0.4029591836734694 0.47064999999999996 0.38255102040816324
0 0.74685 0.05139455782312925 0.67345 0.05904761904761904 0.6743000000000001 0.11605442176870748 0.7183499999999999 0.1377891156462585 0.7581 0.1307482993197279 0.77105 0.09547619047619048 0.7728 0.07666666666666666
0 0.57435 0.7266326530612245 0.5309 0.7230952380952381 0.5378499999999999 0.7717006802721088 0.55175 0.76921768707483
0 0.99835 0.5315986394557823 0.9375 0.5564285714285715 0.9097 0.6215646258503401 0.9444499999999999 0.6356462585034014 0.9931 0.6320748299319728
0 0.1782 0.4063265306122449 0.16774999999999998 0.4548979591836735 0.19035 0.4677891156462585 0.24075 0.4335034013605442 0.2477 0.3980612244897959
0 0.26335000000000003 0.2705102040816327 0.23379999999999998 0.302312925170068 0.2807 0.31884353741496596 0.29285 0.28928571428571426
0 0.6456000000000001 0.16874149659863946 0.5813 0.22428571428571428 0.6178 0.2468707482993197 0.6577500000000001 0.19826530612244897