0 0.5596145610278372 0.6942394822006472 0.5377301927194861 0.693042071197411 0.541627408993576 0.7533333333333333 0.574475374732334 0.7344336569579288
0 0.8364882226980728 0.5665695792880259 0.8091220556745182 0.5665695792880259 0.8255460385438972 0.6162135922330096 0.8474518201284796 0.5973139158576052
0 0.8592291220556745 0.4422006472491909 0.8405781584582441 0.44284789644012945 0.8410064239828694 0.4585760517799352 0.8535974304068522 0.4657928802588997 0.8640042826552463 0.45466019417475734
0 0.6801070663811564 0.3062459546925566 0.6738758029978587 0.3145631067961165 0.6801070663811564 0.32809061488673136 0.6877087794432549 0.3188025889967638 0.6855460385438972 0.30731391585760515
0 0.3851605995717345 0.004077669902912621 0.37912205567451823 0.000453074433656958 0.3676873661670236 0.000453074433656958 0.3622483940042826 0.012297734627831715 0.35051391862955034 0.05692556634304207 0.34569593147751604 0.0792233009708738 0.3592505353319058 0.08242718446601942 0.3770235546038544 0.05647249190938511 0.3830406852248394 0.015922330097087378
0 0.40957173447537476 0.025954692556634303 0.3914775160599572 0.05601941747572815 0.388779443254818 0.08559870550161812 0.3950963597430407 0.09061488673139159 0.4089507494646681 0.06692556634304207 0.4128693790149893 0.04051779935275081
0 0.17417558886509638 0.07181229773462784 0.1576017130620985 0.08045307443365696 0.14586723768736617 0.099126213592233 0.1494646680942184 0.11592233009708738 0.16483940042826553 0.1173462783171521 0.17961456102783724 0.08864077669902913 0.17809421841541756 0.07317152103559871
0 0.04715203426124197 0.8463430420711974 0.03419700214132763 0.8445307443365695 0.03177730192719486 0.8673139158576052 0.03751605995717345 0.8695792880258899 0.04805139186295503 0.86
0 0.6645610278372591 0.5310032362459547 0.6551605995717344 0.5441100323624596 0.6566167023554603 0.5555663430420712 0.6678158458244111 0.5555663430420712 0.6710706638115631 0.5375404530744337
0 0.29445396145610275 0.25355987055016177 0.28203426124197006 0.25679611650485434 0.2854603854389722 0.2733009708737864 0.2938115631691649 0.27427184466019416 0.30087794432548176 0.2619741100323625
0 0.6713704496788008 0.736116504854369 0.6410278372591006 0.7316504854368933 0.6402997858672377 0.7512297734627832 0.659914346895075 0.7618446601941747 0.6724839400428265 0.7495469255663431
0 0.2569593147751606 0.8166666666666667 0.23809421841541756 0.8155339805825242 0.24068522483940044 0.8429449838187704 0.25843683083511776 0.8474110032362461 0.2669379014989293 0.827831715210356
0 0.7262098501070664 0.8112621359223301 0.6792933618843684 0.8171844660194174 0.6949250535331906 0.8609061488673139 0.7379443254817988 0.8478964401294499