0 0.5551785714285714 0.7284172661870504 0.534702380952381 0.7357553956834532 0.5285714285714286 0.7653956834532374 0.5388095238095237 0.7876258992805756 0.5592261904761905 0.7888489208633094 0.5704761904761905 0.7617266187050359 0.5694642857142858 0.7394964028776979
0 0.21636904761904763 0.3013669064748202 0.20369047619047617 0.3143884892086331 0.1948809523809524 0.3510071942446043 0.19976190476190478 0.38057553956834533 0.21440476190476193 0.3793525179856115 0.23107142857142857 0.35575539568345327 0.23595238095238097 0.3273381294964029 0.2280952380952381 0.3013669064748202
0 0.68875 0.0720863309352518 0.6545238095238095 0.08978417266187051 0.6642857142857143 0.13 0.6916666666666667 0.12877697841726618 0.7180952380952381 0.12287769784172661 0.7357142857142857 0.11223021582733812 0.7376785714285715 0.08151079136690648 0.7200595238095238 0.06733812949640287
0 0.21910714285714286 0.5876258992805756 0.17720238095238094 0.5938129496402879 0.17107142857142857 0.6222302158273381 0.19148809523809524 0.6518705035971223 0.23339285714285715 0.6419424460431655 0.24565476190476193 0.6074100719424461
0 0.6031547619047619 0.6357553956834533 0.5500595238095238 0.6579856115107913 0.5418452380952381 0.6987769784172662 0.5582142857142858 0.7160431654676259 0.5867857142857142 0.7197122302158274 0.6164285714285714 0.7 0.618452380952381 0.6629496402877698
0 0.6133928571428571 0.5197122302158274 0.5827380952380953 0.5148201438848921 0.5602380952380953 0.5357553956834532 0.5602380952380953 0.5653956834532374 0.5469642857142857 0.5753237410071942 0.534702380952381 0.5802158273381295 0.5296428571428572 0.6172661870503597 0.5479761904761905 0.6370503597122302 0.5694642857142858 0.630863309352518 0.6001190476190476 0.6024460431654676 0.6154166666666667 0.5715827338129497 0.6245833333333334 0.5456834532374101
0 0.6900000000000001 0.5802158273381295 0.6613690476190476 0.5913669064748202 0.65625 0.6086330935251798 0.6644642857142857 0.6184892086330935 0.6858928571428572 0.6123021582733813 0.6910119047619048 0.6024460431654676
0 0.47851190476190475 0.6548201438848921 0.4598809523809524 0.6500719424460432 0.45208333333333334 0.6642446043165467 0.45011904761904764 0.6902877697841727 0.46869047619047616 0.7032374100719424 0.5 0.6949640287769784 0.5097619047619047 0.6890647482014388 0.5097619047619047 0.6772661870503597 0.5097619047619047 0.6571942446043165 0.5029166666666667 0.6476978417266187
0 0.7395833333333334 0.700863309352518 0.7288690476190476 0.7162589928057554 0.7298214285714286 0.7399280575539567 0.7278571428571429 0.7635251798561151 0.7317857142857143 0.7694244604316547 0.7464285714285714 0.7658992805755396 0.7572023809523809 0.7399280575539567 0.763095238095238 0.7363309352517985 0.7523214285714286 0.7162589928057554
0 0.38654761904761903 0.7859712230215827 0.36601190476190476 0.7859712230215827 0.35035714285714287 0.7919424460431654 0.37386904761904766 0.8120143884892087 0.39732142857142855 0.8226618705035971 0.40511904761904766 0.7978417266187051
0 0.6183333333333333 0.7387050359712231 0.5988095238095238 0.7588489208633094 0.6183333333333333 0.7671223021582734 0.6359523809523809 0.7493525179856115 0.6339880952380953 0.713884892086331
0 0.68875 0.9124460431654676 0.6741071428571429 0.9207194244604316 0.6858333333333333 0.9408633093525179 0.6985119047619047 0.9302158273381296
0 0.831547619047619 0.8498561151079136 0.816845238095238 0.8462589928057553 0.8236904761904762 0.8793525179856115 0.8501190476190476 0.8829496402877698
0 0.5616071428571429 0.21273381294964028 0.5469642857142857 0.22928057553956835 0.5371428571428571 0.27179856115107914 0.5684523809523809 0.2671223021582734 0.5860714285714286 0.27892086330935256 0.6105357142857143 0.24582733812949642 0.5889880952380953 0.21151079136690645
0 0.8980357142857143 0.34510791366906474 0.870654761904762 0.3415827338129496 0.8628571428571429 0.3734532374100719 0.8697023809523811 0.4006474820143885 0.893154761904762 0.39827338129496404 0.9136904761904762 0.38532374100719424 0.930297619047619 0.3510071942446043 0.9371428571428572 0.3427338129496403
0 0.5714880952380953 0.007410071942446043 0.534702380952381 0.003669064748201439 0.5163095238095238 0.03705035971223022 0.5469642857142857 0.06913669064748201 0.5786309523809523 0.0518705035971223 0.5847619047619047 0.03330935251798561