0 0.21295238095238095 0.3024110671936759 0.18914285714285714 0.3073517786561265 0.18614285714285717 0.33822134387351777 0.20847619047619048 0.34687747035573124 0.2292857142857143 0.33205533596837944 0.22780952380952382 0.31478260869565217
0 0.7810952380952381 0.43699604743083004 0.7483809523809524 0.46415019762845855 0.7662380952380953 0.48268774703557316 0.798952380952381 0.47774703557312254 0.8034285714285714 0.4567588932806324
0 0.9089999999999999 0.8728063241106719 0.8837142857142858 0.8728063241106719 0.859952380952381 0.8900790513833992 0.8778095238095238 0.9110671936758893 0.9149523809523809 0.91600790513834 0.9268571428571428 0.904901185770751
0 0.561 0.7493280632411068 0.5222857142857144 0.7604347826086956 0.5460952380952381 0.7814229249011857 0.5773333333333333 0.7764822134387351 0.5847619047619047 0.7604347826086956
0 0.3706190476190476 0.30612648221343874 0.320047619047619 0.3036758893280632 0.3021904761904762 0.33822134387351777 0.323 0.36169960474308305 0.36314285714285716 0.35798418972332013 0.3929047619047619 0.3407114624505929 0.3959047619047619 0.3197233201581028
0 0.34085714285714286 0.04565217391304348 0.3021904761904762 0.048102766798418975 0.2783809523809524 0.08762845849802373 0.2724285714285714 0.1283399209486166 0.3081428571428571 0.14316205533596837 0.34085714285714286 0.14071146245059288 0.3497619047619048 0.10367588932806324
0 0.323 0.1567588932806324 0.26352380952380955 0.19130434782608696 0.25757142857142856 0.24193675889328065 0.2888095238095238 0.2592094861660079 0.32895238095238094 0.2357707509881423 0.34380952380952384 0.18636363636363637
0 0.4003333333333333 0.35549407114624504 0.3616666666666667 0.36043478260869566 0.3304285714285714 0.3950197628458498 0.31257142857142856 0.41351778656126487 0.3423333333333333 0.42711462450592885 0.3884285714285714 0.41723320158102767 0.4003333333333333 0.3826877470355731
0 0.7342857142857142 0.3505138339920949 0.8054761904761905 0.3363241106719368 0.8154761904761905 0.3753359683794466 0.7428095238095238 0.38359683794466404
0 0.25161904761904763 0.4530434782608696 0.22633333333333333 0.46415019762845855 0.22333333333333333 0.48268774703557316 0.2441904761904762 0.4937944664031621 0.2530952380952381 0.48268774703557316
0 0.3720952380952381 0.6839130434782609 0.29623809523809524 0.6937944664031621 0.26795238095238094 0.7160079051383399 0.3066190476190476 0.7592094861660079 0.3468095238095238 0.7863636363636363 0.3973809523809524 0.7863636363636363 0.41671428571428576 0.7505928853754941 0.4033333333333333 0.702411067193676