0 0.5428776978417266 0.2048898678414097 0.5269424460431655 0.2073127753303965 0.5229856115107914 0.23171806167400882 0.5299280575539568 0.24026431718061675 0.5438848920863308 0.23784140969162995 0.5448920863309352 0.22929515418502203
0 0.11061151079136691 0.16220264317180616 0.0697841726618705 0.15731277533039648 0.04190647482014389 0.20365638766519822 0.05086330935251799 0.23537444933920704 0.08374100719424461 0.24757709251101323 0.1255755395683453 0.22563876651982379 0.13553956834532374 0.1817180616740088 0.129568345323741 0.16220264317180616
0 0.2948920863309353 0.41101321585903083 0.2709712230215827 0.41837004405286343 0.2530575539568345 0.43176211453744495 0.22715827338129496 0.4769162995594714 0.2251798561151079 0.517136563876652 0.2540647482014388 0.5366519823788546 0.30384892086330934 0.5293392070484582 0.3277697841726619 0.5098237885462555 0.33057553956834534 0.479295154185022 0.3277697841726619 0.45127753303964757 0.30582733812949636 0.4256828193832599
0 0.41442446043165465 0.4293392070484581 0.3835251798561151 0.4293392070484581 0.3506474820143885 0.4488546255506608 0.3416906474820144 0.4622466960352423 0.33672661870503595 0.4878854625550661 0.34071942446043163 0.5134801762114538 0.3635971223021583 0.5147136563876652 0.3885251798561151 0.5183700440528635 0.40446043165467627 0.5159471365638767 0.4193884892086331 0.4976211453744493 0.42535971223021585 0.4695594713656388 0.42535971223021585 0.46105726872246694
0 0.7739568345323741 0.7818502202643172 0.7211870503597123 0.7903964757709251 0.691294964028777 0.8025550660792952 0.6833453237410072 0.8318502202643172 0.6923021582733814 0.8672246696035243 0.7201798561151079 0.8903964757709252 0.7639928057553956 0.9025991189427313 0.7968705035971223 0.8806607929515419 0.8018345323741007 0.8281938325991189 0.7908992805755396 0.7964757709251101
0 0.5478776978417266 0.8513656387665198 0.5398920863309352 0.8562555066079295 0.5369064748201439 0.8672246696035243 0.5448920863309352 0.872114537444934 0.552841726618705 0.872114537444934 0.5548561151079137 0.8586784140969163
0 0.7420863309352519 0.47933920704845817 0.7171942446043166 0.46590308370044053 0.705251798561151 0.4988546255506608 0.7191726618705037 0.5329955947136563 0.7420863309352519 0.5391189427312775 0.7520503597122302 0.5049339207048459
0 0.941294964028777 0.2817180616740088 0.9273381294964029 0.2548898678414097 0.8665827338129496 0.2341850220264317 0.8426978417266188 0.23171806167400882 0.8048561151079137 0.2341850220264317 0.7719784172661871 0.2622026431718062 0.7699640287769784 0.3256387665198238 0.8088129496402877 0.3549339207048458 0.867589928057554 0.34149779735682817 0.9183812949640288 0.3281057268722467 0.9402877697841726 0.3170925110132159
0 0.160431654676259 0.8586784140969163 0.15546762589928056 0.8574449339207048 0.1474820143884892 0.8611453744493391 0.14647482014388488 0.872114537444934 0.15046762589928056 0.8855066079295154 0.16143884892086333 0.8867400881057268 0.16442446043165468 0.8769603524229075
0 0.5697841726618705 0.37563876651982375 0.5617985611510792 0.37563876651982375 0.5558273381294965 0.3914977973568282 0.5548561151079137 0.3988546255506608 0.5628057553956834 0.40370044052863435 0.5717625899280575 0.3963876651982379 0.574748201438849 0.39396475770925116
0 0.16442446043165468 0.2646696035242291 0.15345323741007194 0.2646696035242291 0.1474820143884892 0.2683259911894273 0.13949640287769785 0.27806167400881054 0.15046762589928056 0.285374449339207 0.15345323741007194 0.2866079295154185 0.160431654676259 0.28295154185022026 0.16143884892086333 0.27806167400881054