0 0.2791119691119691 0.45551136363636363 0.26918918918918916 0.47750000000000004 0.2783011583011583 0.48965909090909093 0.28575289575289575 0.48482954545454543 0.28575289575289575 0.47505681818181816
0 0.7838996138996139 0.15545454545454546 0.7797683397683398 0.1627840909090909 0.778957528957529 0.17619318181818183 0.7847490347490348 0.18227272727272725 0.7905405405405406 0.17619318181818183 0.7905405405405406 0.1615909090909091
0 0.9248262548262548 0.3286931818181818 0.9157142857142857 0.3372159090909091 0.9123938223938224 0.351875 0.9173745173745174 0.3615909090909091 0.9248262548262548 0.35795454545454547 0.9272972972972973 0.34454545454545454
0 0.6081853281853282 0.47017045454545453 0.5998841698841699 0.4726136363636364 0.5966023166023167 0.4933522727272727 0.6115057915057915 0.501875 0.613976833976834 0.48602272727272733
0 0.5783397683397683 0.6201704545454546 0.5733590733590733 0.6214204545454546 0.5700772200772201 0.6360795454545455 0.5717374517374518 0.6433522727272728 0.5808494208494208 0.6384659090909092 0.5833204633204634 0.6299431818181819
0 0.5269498069498069 0.5543181818181818 0.5186872586872587 0.5689772727272727 0.5203474903474904 0.5823863636363636 0.5327799227799228 0.5848295454545455 0.5352509652509653 0.5738636363636364
0 0.4681081081081081 0.4043181818181818 0.4598069498069498 0.39943181818181817 0.4473745173745174 0.40795454545454546 0.44988416988416985 0.42261363636363636 0.4598069498069498 0.4238068181818182 0.4672972972972973 0.42261363636363636
0 0.05617760617760618 0.4969886363636364 0.048687258687258685 0.501875 0.047876447876447875 0.5165340909090909 0.05119691119691119 0.5286931818181818 0.05945945945945946 0.5286931818181818 0.06277992277992278 0.5165340909090909 0.06277992277992278 0.5116477272727272
0 0.07027027027027027 0.17744318181818183 0.06362934362934364 0.17500000000000002 0.057799227799227804 0.19085227272727276 0.06196911196911197 0.2005681818181818 0.06776061776061776 0.20301136363636363 0.07521235521235521 0.19448863636363634 0.07606177606177605 0.18352272727272725
0 0.8253667953667954 0.7165340909090909 0.8179150579150579 0.7153409090909091 0.8154054054054054 0.7263068181818182 0.8170656370656371 0.7348295454545455 0.822046332046332 0.7372727272727272 0.827027027027027 0.7323863636363637
0 0.6363706563706564 0.7775568181818181 0.6322393822393823 0.77875 0.628069498069498 0.7873295454545454 0.6313899613899614 0.7982954545454546 0.6363706563706564 0.8007386363636364 0.6421621621621622 0.7885227272727273 0.6438223938223938 0.7848863636363635
0 0.46976833976833976 0.5421590909090909 0.4631274131274131 0.5421022727272727 0.45814671814671815 0.5628409090909091 0.4647876447876448 0.5738636363636364 0.47057915057915056 0.5640909090909091
0 0.6396911196911197 0.4543181818181818 0.6347104247104246 0.4530681818181818 0.6297297297297297 0.4677272727272727 0.6338996138996139 0.4811363636363637 0.6396911196911197 0.4726136363636364
0 0.7615444015444016 0.08590909090909091 0.7573745173745173 0.08471590909090909 0.7491119691119692 0.09204545454545454 0.7517374517374517 0.09943181818181818 0.754903474903475 0.10056818181818182 0.7606949806949808 0.10301136363636364
0 0.21945945945945947 0.25181818181818183 0.21115830115830114 0.25181818181818183 0.21034749034749034 0.2676704545454545 0.2152895752895753 0.27136363636363636 0.22111969111969113 0.2676704545454545 0.22277992277992278 0.2591477272727273
0 0.333011583011583 0.37625 0.32305019305019306 0.37744318181818187 0.3238996138996139 0.39210227272727277 0.328030888030888 0.3957386363636364 0.33467181467181467 0.39329545454545456 0.33714285714285713 0.3835795454545455
0 0.7126254826254826 0.5897159090909091 0.7043243243243242 0.5897159090909091 0.7043243243243242 0.5994318181818182 0.7084942084942085 0.6055681818181818 0.7142857142857143 0.6067613636363637 0.7167567567567567 0.5957954545454546
0 0.9339382239382239 0.7177840909090909 0.9272972972972973 0.7189772727272727 0.9239768339768339 0.7263068181818182 0.9281467181467181 0.7336363636363636 0.9372586872586872 0.7336363636363636