0 0.978793103448276 0.32339622641509436 0.9360344827586207 0.3372327044025157 0.9387931034482758 0.4032704402515724 0.9763793103448275 0.41333333333333333 0.9874137931034483 0.38
0 0.764896551724138 0.29446540880503147 0.7446206896551724 0.3223899371069182 0.7640689655172415 0.3465408805031447 0.7752413793103448 0.31861635220125784
0 0.5329310344827587 0.769245283018868 0.5014827586206897 0.7783647798742138 0.5029310344827586 0.8174842767295597 0.5301034482758621 0.8318238993710692 0.5507586206896552 0.8174842767295597
0 0.0616551724137931 0.29056603773584905 0.018551724137931033 0.3249685534591195 0.03162068965517242 0.4159748427672956 0.0873103448275862 0.4318867924528302 0.11489655172413793 0.3488679245283019 0.1066551724137931 0.3240880503144654
0 0.7297241379310345 0.019748427672955975 0.7272413793103448 0.03786163522012578 0.745448275862069 0.07333333333333333 0.7657241379310344 0.05371069182389936 0.7570344827586206 0.018238993710691823
0 0.8247241379310344 0.6755974842767296 0.8061034482758621 0.6950943396226414 0.8202413793103448 0.7101886792452831 0.8336896551724138 0.6862893081761007
0 0.11882758620689655 0.08327044025157233 0.08010344827586208 0.10283018867924529 0.09024137931034483 0.1669811320754717 0.13910344827586207 0.14955974842767297 0.14089655172413793 0.10610062893081762
0 0.47479310344827585 0.559622641509434 0.4327931034482759 0.559622641509434 0.418551724137931 0.6646540880503146 0.4782758620689655 0.6779874213836478 0.4937931034482758 0.5842767295597484
0 0.28865517241379307 0.30283018867924527 0.2666206896551724 0.32345911949685535 0.2666206896551724 0.3745283018867924 0.29579310344827586 0.3788679245283019 0.30475862068965515 0.34955974842767296
0 0.40634482758620694 0.7709433962264151 0.35217241379310343 0.7647798742138364 0.35217241379310343 0.819119496855346 0.37 0.8509433962264151 0.40772413793103446 0.8265408805031446
0 0.04172413793103448 0.7040251572327044 0.013827586206896551 0.7366666666666667 0.021689655172413794 0.7849056603773584 0.05458620689655173 0.7810062893081762 0.06603448275862069 0.7327044025157232