0 0.23763819095477387 0.18702777777777777 0.19743718592964823 0.171 0.17620603015075376 0.17222222222222222 0.1727638190954774 0.21913888888888888 0.20635678391959797 0.24383333333333335 0.24545226130653267 0.23394444444444445
0 0.8030653266331659 0.7009444444444445 0.7485427135678392 0.7115833333333333 0.7132412060301507 0.7470555555555556 0.6972110552763819 0.7884166666666667 0.6950753768844221 0.823888888888889 0.6961306532663316 0.8581666666666666 0.7132412060301507 0.8865277777777777 0.7410552763819095 0.9113611111111111 0.8126884422110553 0.9338055555555556 0.8287185929648241 0.9361666666666666 0.8693467336683417 0.9380555555555555 0.8957286432160804 0.9108333333333333 0.9422110552763819 0.9205555555555555 0.9217336683417086 0.8427777777777777 0.9356281407035176 0.823888888888889 0.931356783919598 0.7990555555555556 0.912110552763819 0.7825 0.8725628140703517 0.7470555555555556
0 0.45537688442211055 0.18702777777777777 0.438643216080402 0.2018611111111111 0.45537688442211055 0.22161111111111112 0.46766331658291455 0.20677777777777778 0.4665577889447236 0.18702777777777777
0 0.3994472361809045 0.09566666666666666 0.388391959798995 0.1327222222222222 0.4062562814070352 0.13394444444444445 0.4128391959798995 0.09566666666666666
0 0.3057537688442211 0.22283333333333333 0.3011809045226131 0.1882777777777778 0.2833165829145729 0.18455555555555556 0.27103015075376885 0.19566666666666666 0.2655527638190955 0.23272222222222222 0.29223618090452264 0.25122222222222224 0.31467336683417085 0.25369444444444444
0 0.42635678391959797 0.0030833333333333338 0.41173366834170855 0.01913888888888889 0.40168341708542715 0.021611111111111112 0.39163316582914576 0.0067777777777777775 0.388391959798995 0.0018611111111111111 0.39170854271356786 0 0.414070351758794 0
0 0.14037688442211055 0.20308333333333334 0.11133165829145729 0.22408333333333333 0.09123115577889448 0.2808611111111111 0.0935678391959799 0.3055555555555556 0.13713567839195978 0.271 0.15042713567839194 0.23147222222222222
0 0.6551758793969849 0.16111111111111112 0.6262311557788945 0.16975 0.6216582914572863 0.21419444444444444 0.6406532663316583 0.22655555555555557 0.6575125628140703 0.20925 0.6597487437185929 0.17469444444444446
0 0.11022613065326632 0.45863888888888893 0.08464824120603015 0.4845555555555556 0.09693467336683417 0.5228333333333334 0.12708542713567839 0.5191388888888888 0.13814070351758792 0.48086111111111113
0 0.18057788944723618 0.3006111111111111 0.15824120603015074 0.30186111111111114 0.1291959798994975 0.32530555555555557 0.13489949748743718 0.33641666666666664 0.16615577889447236 0.34505555555555556 0.19170854271356783 0.32416666666666666
0 0.476608040201005 0.371 0.46085427135678386 0.3858055555555555 0.4565075376884422 0.40925000000000006 0.45874371859296487 0.4240833333333333 0.4754773869346734 0.42036111111111113 0.48432160804020097 0.39691666666666664 0.4877638190954774 0.38086111111111115
0 0.5357788944723618 0.73025 0.523391959798995 0.7203611111111111 0.51 0.7450555555555556 0.511105527638191 0.76975 0.5245226130653267 0.7808611111111111 0.5457286432160804 0.745
0 0.9698492462311558 0.23994444444444443 0.9559547738693468 0.2907777777777778 0.9901758793969848 0.28250000000000003 1 0.2647222222222222 1 0.2599444444444444
0 0.912110552763819 0.5531944444444444 0.9067587939698493 0.5768333333333333 0.9420603015075377 0.5768333333333333 0.9495477386934674 0.5472777777777778 0.9484673366834171 0.5177222222222222
0 0.6608542713567839 0.5626388888888889 0.6490954773869346 0.5815555555555556 0.6704773869346734 0.6028333333333333 0.6929396984924624 0.6051944444444445 0.7089698492462312 0.5780277777777778 0.7068341708542714 0.5626388888888889
0 0.5592964824120603 0.3120555555555556 0.5475376884422111 0.31325 0.5753266331658291 0.3451666666666667 0.5731909547738694 0.3238888888888889
0 0.6095477386934673 0.3463333333333333 0.5892211055276382 0.35341666666666666 0.5785427135678392 0.39244444444444443 0.6031155778894473 0.4113611111111111 0.6266331658291457 0.4089722222222222 0.6373366834170854 0.3794444444444444
0 0.5903015075376884 0.12883333333333333 0.5774623115577889 0.12294444444444444 0.5828140703517588 0.15838888888888888 0.591356783919598 0.15486111111111112
0 0.7271608040201005 0.1808611111111111 0.7324874371859296 0.14658333333333334 0.7111055276381909 0.12294444444444444 0.717537688442211 0.17850000000000002 0.7079145728643216 0.1820277777777778 0.7100502512562815 0.22930555555555554 0.7132412060301507 0.24230555555555558 0.7228643216080402 0.2505833333333333 0.7346231155778894 0.2505833333333333 0.7399748743718593 0.22813888888888886 0.7453266331658291 0.20213888888888887
0 0.28984924623115577 0.0035555555555555557 0.287713567839196 0.02363888888888889 0.3005527638190955 0.04136111111111111 0.3123115577889447 0.08627777777777777 0.35934673366834174 0.04847222222222222 0.35185929648241204 0.039 0.3358291457286432 0.018916666666666665 0.327286432160804 0.009444444444444445 0.3084673366834171 0 0.29819095477386937 0
0 0.13055276381909547 0.1323888888888889 0.11984924623115578 0.14183333333333334 0.14336683417085427 0.1761111111111111 0.14552763819095477 0.14302777777777778 0.15085427135678392 0.13358333333333333 0.14979899497487437 0.12530555555555556