0 0.702952380952381 0.3575889328063241 0.784142857142857 0.37770750988142293 0.7570952380952382 0.4320553359683795 0.6986666666666667 0.4261660079051383
0 0.37657142857142856 0.4974703557312253 0.3363809523809524 0.5086166007905139 0.3244761904761905 0.5382213438735177 0.35423809523809524 0.5530434782608695 0.3929047619047619 0.5320553359683795
0 0.04633333333333334 0.1468774703557312 0.03147619047619048 0.14316205533596837 0.018095238095238095 0.17272727272727273 0.025523809523809525 0.19873517786561265 0.04190476190476191 0.19873517786561265 0.05809523809523809 0.17391304347826086
0 0.040380952380952385 0.048102766798418975 0.024047619047619047 0.04193675889328063 0.0017142857142857142 0.07648221343873518 0.028523809523809524 0.09007905138339921 0.06419047619047619 0.07403162055335968
0 0.8301904761904763 0.24687747035573124 0.8227619047619048 0.24687747035573124 0.8182857142857143 0.25798418972332016 0.8227619047619048 0.2666403162055336 0.8406190476190476 0.26786561264822134 0.8495238095238096 0.2567588932806324
0 0.7870476190476191 0.25059288537549407 0.7751428571428571 0.24687747035573124 0.7588095238095238 0.25798418972332016 0.7602857142857142 0.2728063241106719 0.7781428571428571 0.2777470355731225 0.7885238095238095 0.27031620553359686
0 0.5178095238095238 0.5396442687747036 0.5666666666666667 0.5387351778656126 0.5577142857142857 0.5609090909090909 0.5334761904761904 0.5632806324110672
0 0.6573809523809524 0.5999209486166008 0.7143333333333333 0.5916205533596838 0.7115238095238094 0.6306324110671937 0.665952380952381 0.6235573122529644
0 0.8468095238095239 0.9025296442687747 0.8795238095238095 0.897786561264822 0.8994761904761904 0.9296837944664031 0.8496190476190476 0.9391699604743083
0 0.30847619047619046 0.8268774703557312 0.33128571428571424 0.8067588932806324 0.3611904761904762 0.8162450592885375 0.3355714285714286 0.8552173913043478
0 0.37971428571428567 0.8067588932806324 0.37542857142857144 0.8410671936758893 0.40676190476190477 0.843399209486166 0.42809523809523814 0.8162450592885375
0 0.046476190476190476 0.9226086956521738 0.018 0.96399209486166 0.0678095238095238 0.9840711462450593 0.09347619047619048 0.9604347826086956
0 0.2130952380952381 0.6483794466403162 0.19457142857142856 0.6897628458498023 0.21590476190476193 0.7039130434782609 0.25152380952380954 0.6672727272727272 0.2600952380952381 0.6389328063241106
0 0.421 0.3753359683794466 0.39961904761904765 0.4143478260869565 0.4053333333333334 0.4592490118577075 0.46085714285714285 0.4166798418972332 0.4921904761904762 0.3635177865612648
0 0.561952380952381 0.2157707509881423 0.5605714285714286 0.271304347826087 0.6118095238095238 0.25830039525691695 0.6146666666666667 0.22992094861660078
0 0.6004285714285714 0.08691699604743082 0.579047619047619 0.15901185770750986 0.6274761904761905 0.17557312252964427 0.6872857142857144 0.17557312252964427 0.7214761904761904 0.14245059288537548 0.7186190476190476 0.09047430830039525 0.6687619047619048 0.07628458498023716