0 0.7363010204081633 0.3767482517482518 0.7257142857142858 0.37538461538461537 0.7206632653061225 0.3974825174825175 0.7262244897959184 0.4051048951048951 0.7368112244897959 0.40094405594405597
0 0.7085204081632653 0.39265734265734265 0.6979336734693877 0.3974825174825175 0.6954081632653062 0.4099300699300699 0.7039795918367346 0.4140909090909091 0.7095408163265305 0.4085664335664336
0 0.8871428571428571 0.13632867132867132 0.8810459183673469 0.13272727272727272 0.8060969387755103 0.0956993006993007 0.7694897959183673 0.10048951048951048 0.7416071428571428 0.121993006993007 0.7267857142857143 0.1888811188811189 0.7363775510204082 0.29996503496503496 0.7546683673469388 0.3560839160839161 0.8348469387755102 0.3453496503496503 0.8723214285714286 0.33339160839160836 0.8915051020408163 0.30234265734265736 0.8949744897959183 0.250979020979021
0 0.6061479591836735 0.4956293706293706 0.5995918367346939 0.5101748251748252 0.6016071428571429 0.5212237762237762 0.6091836734693877 0.5198251748251748 0.6142091836734694 0.5087762237762238
0 0.4921683673469388 0.5060139860139861 0.4750255102040817 0.49702797202797205 0.4634438775510204 0.49979020979020977 0.4578826530612245 0.5053146853146854 0.46242346938775514 0.526048951048951 0.47150510204081636 0.5357342657342657 0.4835969387755102 0.5336713286713286 0.49369897959183673 0.5253496503496503
0 0.38551020408163267 0.5157342657342657 0.37464285714285717 0.5277272727272727 0.38551020408163267 0.5392307692307692 0.39285714285714285 0.5305944055944056
0 0.38165816326530616 0.5497902097902099 0.3760459183673469 0.5546153846153846 0.37464285714285717 0.5641958041958043 0.3788520408163265 0.571888111888112 0.3841071428571428 0.5656293706293707 0.3851530612244898 0.5627622377622378
0 0.44678571428571423 0.5315734265734265 0.43173469387755103 0.5377972027972028 0.4215816326530612 0.5493356643356644 0.4208928571428572 0.5594055944055945 0.43558673469387754 0.5603496503496503 0.4471428571428571 0.5435664335664336
0 0.18869897959183674 0.7137062937062937 0.2479591836734694 0.6886013986013986 0.26362244897959186 0.653986013986014 0.2383673469387755 0.6086013986013986 0.20525510204081632 0.5655944055944055 0.1634183673469388 0.542902097902098 0.09806122448979591 0.5261888111888112 0.06757653061224489 0.5452797202797203 0.05798469387755102 0.6348601398601398 0.07191326530612245 0.6922027972027972 0.0910969387755102 0.7316083916083916 0.1259438775510204 0.745944055944056 0.15818877551020408 0.7387762237762238 0.16604591836734695 0.7304195804195804
0 0.6258163265306123 0.9665384615384616 0.6182397959183673 0.9741258741258743 0.6164795918367347 0.9945454545454545 0.6328316326530612 0.9989160839160839 0.6389540816326531 0.9817132867132866 0.6357397959183674 0.9713286713286714
0 0.9967091836734694 0.4312237762237762 0.9844642857142858 0.4341258741258741 0.9743112244897959 0.4504545454545455 0.975 0.47349650349650346 0.9879591836734694 0.48213286713286707 0.9970663265306123 0.4811538461538462 1 0.479965034965035 1 0.43167832167832165