0 0.9334364261168385 0.1536574074074074 0.9229209621993127 0.15837962962962962 0.9211683848797251 0.1997685185185185 0.9281786941580756 0.21041666666666667 0.9518900343642611 0.21041666666666667
0 0.6632302405498282 0.48819444444444443 0.6544329896907216 0.5 0.6605841924398625 0.5390277777777778 0.6746048109965636 0.5342592592592593 0.6842611683848797 0.5035648148148147
0 0.4903780068728522 0.40305555555555556 0.4631615120274914 0.3983333333333334 0.43773195876288656 0.3770833333333333 0.4175601374570447 0.4290740740740741 0.4122680412371134 0.44208333333333333 0.4079037800687285 0.4527314814814815 0.37893470790378003 0.4668981481481481 0.36841924398625425 0.5106481481481482 0.36491408934707903 0.5401851851851852 0.3456013745704467 0.579212962962963 0.32103092783505155 0.6205555555555555 0.3456013745704467 0.6205555555555555 0.3614089347079038 0.6477314814814815 0.3780756013745704 0.6158333333333333 0.36577319587628865 0.5827314814814815 0.399106529209622 0.5484722222222222 0.4184192439862543 0.527175925925926 0.4333333333333333 0.508287037037037 0.5052920962199312 0.47870370370370374 0.5149484536082474 0.4775462962962963 0.5272164948453608 0.4538888888888889 0.5228178694158075 0.4361574074074074
0 0.12491408934707904 0.6208796296296297 0.07656357388316151 0.6354629629629629 0.06635738831615119 0.667175925925926 0.079106529209622 0.7246296296296296 0.1077319587628866 0.7331944444444445 0.1338144329896907 0.6757407407407408
0 0.8506529209621992 0.7453703703703703 0.8245360824742268 0.7368055555555556 0.8054639175257732 0.7410648148148148 0.7997250859106529 0.7711111111111111 0.8054639175257732 0.7925 0.8391752577319588 0.7882407407407407
0 0.9375601374570446 0.5864814814814815 0.9159450171821306 0.6044907407407407 0.9210309278350515 0.6293518518518518 0.9420274914089347 0.6293518518518518 0.9452233676975945 0.6173611111111111
0 0.41099656357388314 0.1325925925925926 0.38718213058419243 0.1437037037037037 0.38625429553264606 0.16837962962962963 0.41099656357388314 0.17578703703703702 0.42381443298969074 0.16097222222222224
0 0.6767353951890035 0.017777777777777778 0.6373539518900344 0.016527777777777777 0.6162542955326461 0.07828703703703704 0.642852233676976 0.1325925925925926 0.6923367697594501 0.1313425925925926 0.7042268041237114 0.04495370370370371
0 0.7454639175257732 0.2992592592592593 0.719828178694158 0.3140740740740741 0.73446735395189 0.3437037037037037 0.7518900343642612 0.3301388888888889 0.7537113402061856 0.3153240740740741
0 0.5136426116838488 0.20296296296296298 0.49254295532646053 0.20912037037037037 0.4889003436426117 0.22518518518518518 0.50446735395189 0.2375462962962963 0.511786941580756 0.23629629629629628
0 0.5851202749140894 0.19430555555555554 0.5365292096219931 0.18319444444444444 0.5282817869415807 0.24125 0.5731958762886599 0.26837962962962963 0.5970103092783505 0.2523611111111111
0 0.18109965635738834 0.33148148148148143 0.09666666666666666 0.24986111111111112 0.04353951890034364 0.2424537037037037 0.012371134020618558 0.27458333333333335 0.003195876288659794 0.3325925925925926 0.003195876288659794 0.3720833333333334 0.002302405498281787 0.4313425925925926 0.009621993127147765 0.501712962962963 0.016941580756013746 0.5696296296296297 0.04079037800687285 0.5931018518518519 0.0838487972508591 0.5609722222222222 0.10859106529209622 0.48074074074074075 0.13058419243986255 0.41282407407407407 0.13608247422680414 0.3683796296296296
0 0.3202749140893471 0.29430555555555554 0.30652920962199315 0.29680555555555554 0.3056013745704468 0.3301388888888889 0.3230240549828179 0.3375462962962963 0.341340206185567 0.3140740740740741