0 0.12366589375 0.6117169375 0.12784222812499998 0.6523201859375 0.11670533593750002 0.70290023125 0.13948955937500002 0.7218097453125 0.1842227375 0.71102088125 0.163433875 0.6433874703125 0.12366589375 0.6117169375
0 0.3327146171875 0.26290023125 0.328004640625 0.2702088171875 0.3318561484375 0.2796751734375 0.3387471 0.2783758703125 0.342180975 0.2667749421875 0.3327146171875 0.26290023125
0 0.9393967515625 0.6429930390624999 0.9213457078125 0.64772621875 0.9252204171875 0.6726682140625 0.94930394375 0.671368909375 0.95788863125 0.6550348031250001 0.9393967515625 0.6429930390624999
0 0.171670534375 0.252621809375 0.16809744843750002 0.2687471 0.173781903125 0.284570765625 0.1812296984375 0.2827842234375 0.1907888625 0.275313225 0.1836194890625 0.254106728125 0.171670534375 0.252621809375
0 0.8122969843750001 0.32104408281249996 0.80758700625 0.3042691421875 0.7890951281249999 0.3072853828125 0.7942459390625001 0.3261948953125 0.806287703125 0.32835266875 0.8122969843750001 0.32104408281249996
0 0.0487006953125 0.47828306249999997 0.035475637500000004 0.5236890953125 0.0569373546875 0.5682598609375 0.0751044078125 0.5971693734375 0.0907888625 0.5889095125 0.12134570781250001 0.58313225 0.14445475624999998 0.548468678125 0.1551740140625 0.47169373593749997 0.0941995359375 0.4254060328125 0.07099767968750001 0.44582366562500003 0.0487006953125 0.47828306249999997
0 0.9423665890624999 0.7799071921875 0.9295359624999999 0.7906032484375001 0.9274013921875 0.8119953593749999 0.9519953593749999 0.8119953593749999 0.9605568453125001 0.791670534375 0.9423665890624999 0.7799071921875
0 0.9580742453125 0.3597447796875 0.9421577718749999 0.36102088125 0.9361484921875001 0.3833874703125 0.9486078890625 0.4035962875 0.9696751734375001 0.3864037125 0.9580742453125 0.3597447796875
0 0.2235034796875 0.234106728125 0.21234338749999998 0.22807424531249998 0.20201856093749998 0.240974478125 0.21320185625 0.2504408359375 0.2252204171875 0.24313225 0.2235034796875 0.234106728125
0 0.298329465625 0.1609976796875 0.2832714609375 0.161438515625 0.28241299375 0.1756148484375 0.3056380515625 0.18164733125000002 0.3039211140625 0.16617169375000002 0.298329465625 0.1609976796875
0 0.1808351875 1 0.1842227375 0.98897911875 0.13948955937500002 0.9781902546874999 0.11670533593750002 0.9970997687500001 0.11734391875000001 1 0.1808351875 1
0 0.328004640625 0.03303944375 0.3327146171875 0.040348028125000004 0.342180975 0.0364733171875 0.3387471 0.0248723890625 0.3318561484375 0.0235730859375 0.328004640625 0.03303944375
0 0.16809744843750002 0.034501159375 0.171670534375 0.05062645 0.1836194890625 0.049141531249999995 0.1907888625 0.027935034375 0.1812296984375 0.0204640375 0.173781903125 0.01867749375 0.16809744843750002 0.034501159375
0 0.9295359624999999 0.9093967515625 0.9423665890624999 0.9200928078124999 0.9605568453125001 0.908329465625 0.9519953593749999 0.8880046406250001 0.9274013921875 0.8880046406250001 0.9295359624999999 0.9093967515625
0 0.21234338749999998 0.0751740140625 0.2235034796875 0.06914153125 0.2252204171875 0.060116009375 0.21320185625 0.052807425 0.20201856093749998 0.06227378125000001 0.21234338749999998 0.0751740140625
0 0.2832714609375 0.14180974531249999 0.298329465625 0.1422505796875 0.3039211140625 0.13707656562499998 0.3056380515625 0.12160092812500001 0.28241299375 0.1276334109375 0.2832714609375 0.14180974531249999