0 0.7296995703125 0.24379023593750002 0.700515021875 0.27726663125 0.732274678125 0.2982966734375 0.7507296140624999 0.2600992484375 0.7296995703125 0.24379023593750002
0 0.312317596875 0.48859710312500004 0.3489270390625 0.541215128125 0.409442059375 0.49657993593749994 0.40283261875000004 0.41104345468750003 0.33918455000000003 0.351386803125 0.3051502140625 0.3592408796875 0.3 0.4210434546875 0.27356223125 0.4587687765625 0.312317596875 0.48859710312500004
0 0.8790987124999999 0.7710005359375 0.8492703859375 0.679498390625 0.7766952796875 0.6914297203124999 0.787639484375 0.796837446875 0.8502575109375 0.8137473171874999 0.8790987124999999 0.7710005359375
0 0.18905579374999998 0.40108637343750003 0.1612017171875 0.4000992484375 0.158197425 0.44087178125 0.20493562187499997 0.444863196875 0.18905579374999998 0.40108637343750003
0 0.3184549359375 0.16095761875 0.3098712453125 0.1433610515625 0.2729613734375 0.1369232828125 0.2351931328125 0.1583825109375 0.2545064375 0.20215933437500003 0.3017167375 0.20559281093749998 0.3184549359375 0.16095761875
0 0.632188840625 0.6197559015625 0.5820171671875001 0.5887687765625 0.528583690625 0.64005633125 0.58733905625 0.684906115625 0.6311158796874999 0.6624597640625 0.632188840625 0.6197559015625
0 0.41858369062499995 0.8152065453124999 0.3961802578125 0.8023739265625001 0.3684120171875 0.8397559015624999 0.3918884125 0.8611292921875 0.412188840625 0.8482966734374999 0.41858369062499995 0.8152065453124999
0 0.1642060078125 0.882245171875 0.133090128125 0.8755498921875 0.11081545 0.8977816531249999 0.12244635156250001 0.9193267171875 0.17454935625 0.9193267171875 0.17240343281249998 0.9067086906249999 0.1642060078125 0.882245171875
0 0.23894635156250002 0 0.2729613734375 0.019326717187500002 0.3098712453125 0.0128889484375 0.3161585375 0 0.23894635156250002 0
0 0.41405244999999996 1 0.412188840625 0.9903567593749999 0.3918884125 0.9775241421875001 0.3684120171875 0.9988975328125 0.36923095625 1 0.41405244999999996 1
0 0.12244635156250001 0.9193267171875 0.11081545 0.94087178125 0.133090128125 0.9631035406249999 0.1642060078125 0.9564082624999999 0.17240343281249998 0.9319447421874999 0.17454935625 0.9193267171875 0.12244635156250001 0.9193267171875