0 0.2225679015625 0.5176720671874999 0.20180246875000002 0.5101165125 0.1640493828125 0.5157708328124999 0.12158024687499999 0.53372145 0.1064691359375 0.5856226859375 0.1149629625 0.620536265625 0.148 0.6290300921875 0.198024690625 0.6224375 0.2282469140625 0.5988325624999999 0.23483950625 0.56863503125 0.2225679015625 0.5176720671874999
0 0.8124938265624999 0.475178240625 0.8030617281250001 0.4629066359375 0.7860493828124999 0.45159799375 0.7643456796875 0.4534745375 0.7662469140625 0.47707947500000003 0.774740740625 0.48841280937500003 0.7888888890625 0.48744984531249996 0.8124938265624999 0.475178240625
0 0.914419753125 0.4289313265625 0.9276296296875 0.41288194375 0.9191358031249999 0.40722762343749996 0.8993333328125 0.40912885781249997 0.9031111109375001 0.42515355 0.914419753125 0.4289313265625
0 0.5435308640625001 0.3260671296875 0.556641975 0.3293510796875 0.5582716046875 0.31023996875000004 0.544617284375 0.30804243750000004 0.539703703125 0.31843750000000004 0.5435308640625001 0.3260671296875
0 0.4517530859375 0.318980709375 0.46103703749999997 0.315696759375 0.4599506171875 0.30095601875 0.4484938265625 0.2998695984375 0.44575308593749996 0.31023996875000004 0.4517530859375 0.318980709375
0 0.423358025 0.451696759375 0.4452098765625 0.45826466093749996 0.4517530859375 0.44461033906249997 0.4359259265625 0.43695601875 0.4249876546875 0.44515355 0.423358025 0.451696759375
0 0.2895308640625 0.3222646609375 0.2977283953125 0.3293510796875 0.3042716046875 0.3118695984375 0.29007407343749997 0.3086103390625 0.2895308640625 0.3222646609375
0 0.21767901250000002 0.6640918203124999 0.22619753125000003 0.65999305625 0.2230370375 0.6536720671875 0.2129135796875 0.6498695984375 0.2069135796875 0.6536720671875 0.20755555625 0.662536265625 0.21767901250000002 0.6640918203124999
0 0.62 0.45804243749999995 0.6283950625 0.4538449078125 0.6274074078125 0.441499228125 0.6192592593749999 0.4405115734375 0.6148148140624999 0.44619058593750005 0.62 0.45804243749999995
0 0.109206615625 0 0.1064691359375 0.011252314062500001 0.12158024687499999 0.06315355 0.1640493828125 0.08110416718749999 0.20180246875000002 0.08675848750000001 0.2225679015625 0.0792029328125 0.23483950625 0.02823996875 0.22867428125 0 0.109206615625 0
0 0.20180246875000002 0.891696759375 0.2225679015625 0.884141203125 0.23483950625 0.8331782406249999 0.2282469140625 0.802980709375 0.198024690625 0.7793757718750001 0.148 0.7727831796875 0.1149629625 0.7812770062500001 0.1064691359375 0.8161905859375 0.12158024687499999 0.8680918203125 0.1640493828125 0.8860424374999999 0.20180246875000002 0.891696759375
0 0.8030617281250001 0.13396836406249998 0.8124938265624999 0.12169675937499999 0.7888888890625 0.1094251546875 0.774740740625 0.108462190625 0.7662469140625 0.11979552499999999 0.7643456796875 0.1434004625 0.7860493828124999 0.14527700625 0.8030617281250001 0.13396836406249998
0 0.8030617281250001 0.9389066359375 0.8124938265624999 0.92663503125 0.7888888890625 0.9143634265625 0.774740740625 0.9134004625 0.7662469140625 0.9247337968749999 0.7643456796875 0.9483387343749999 0.7860493828124999 0.9502152781250001 0.8030617281250001 0.9389066359375
0 0.9276296296875 0.18399305625 0.914419753125 0.1679436734375 0.9031111109375001 0.17172145 0.8993333328125 0.18774614218750002 0.9191358031249999 0.1896473765625 0.9276296296875 0.18399305625
0 0.9276296296875 0.9889313265625 0.914419753125 0.97288194375 0.9031111109375001 0.976659721875 0.8993333328125 0.9926844140625001 0.9191358031249999 0.9945856484375 0.9276296296875 0.9889313265625
0 0.556641975 0.2675239203125 0.5435308640625001 0.2708078703125 0.539703703125 0.2784375 0.544617284375 0.2888325625 0.5582716046875 0.28663503125 0.556641975 0.2675239203125
0 0.46103703749999997 0.28117824062499996 0.4517530859375 0.27789429062500004 0.44575308593749996 0.28663503125 0.4484938265625 0.2970054015625 0.4599506171875 0.29591898125 0.46103703749999997 0.28117824062499996
0 0.4452098765625 0.1386103390625 0.423358025 0.145178240625 0.4249876546875 0.15172144999999998 0.4359259265625 0.15991898124999998 0.4517530859375 0.1522646609375 0.4452098765625 0.1386103390625
0 0.4452098765625 0.9435486109375001 0.423358025 0.9501165125 0.4249876546875 0.9566597218749999 0.4359259265625 0.964857253125 0.4517530859375 0.9572029328125 0.4452098765625 0.9435486109375001
0 0.2977283953125 0.2675239203125 0.2895308640625 0.2746103390625 0.29007407343749997 0.28826466093750003 0.3042716046875 0.2850054015625 0.2977283953125 0.2675239203125
0 0.22619753125000003 0.741820215625 0.21767901250000002 0.73772145 0.20755555625 0.73927700625 0.2069135796875 0.748141203125 0.2129135796875 0.7519436734375 0.2230370375 0.748141203125 0.22619753125000003 0.741820215625
0 0.6283950625 0.1430300921875 0.62 0.1388325625 0.6148148140624999 0.1506844140625 0.6192592593749999 0.1563634265625 0.6274074078125 0.155375771875 0.6283950625 0.1430300921875
0 0.6283950625 0.9479683640625 0.62 0.9437708328125 0.6148148140624999 0.9556226859375 0.6192592593749999 0.9613016968749999 0.6274074078125 0.9603140437500001 0.6283950625 0.9479683640625