0 0.5210147968750001 0.93890459375 0.530661440625 0.9241342749999999 0.5367745140625 0.9170318015625 0.5296720406250001 0.8981978796875 0.4823222171875 0.8966784453125 0.4689653265625 0.9159010593750001 0.49352363125 0.9444876328125 0.5210147968750001 0.93890459375
0 0.1599900625 0.24568904531250002 0.1581879421875 0.2307067140625 0.14200419687500002 0.22950529999999997 0.131191475 0.2355123671875 0.13359430156250002 0.26010600781250004 0.1515801671875 0.2661130734375 0.1599900625 0.24568904531250002
0 0.2779405921875 0.1563250890625 0.28080278281250004 0.1318727921875 0.2707321109375 0.0915547703125 0.22896532656250002 0.077137809375 0.21603246406249998 0.1095406359375 0.238329284375 0.155618375 0.2779405921875 0.1563250890625
0 0.655891121875 0.1961130734375 0.67034341875 0.15416961093749998 0.65521974375 0.1412367484375 0.6242656796875 0.16427561875000002 0.6228169171875 0.1829681984375 0.6371985421875 0.1916254421875 0.655891121875 0.1961130734375
0 0.3950784015625 0.8133215546875 0.40659783593750004 0.79233215625 0.403099603125 0.768833921875 0.37408900156249997 0.770318021875 0.36009606875 0.778833921875 0.3670925359375 0.8053356890625001 0.3950784015625 0.8133215546875
0 0.8003787546875 0.8543109546875 0.802852253125 0.840176678125 0.7897780484375 0.8355830390625 0.7678699203125 0.8355830390625 0.7611561390625 0.8536042406250001 0.7784706265625 0.8627915187499999 0.8003787546875 0.8543109546875
0 0.8156084359375001 0.9238162546875 0.814901721875 0.9029681984375 0.804301015625 0.8962544171875001 0.7926402390625 0.9001413421875 0.7876932421875 0.9238162546875 0.804301015625 0.9326501765625 0.8156084359375001 0.9238162546875
0 0.43112080312499995 0.542862190625 0.512710909375 0.5310600703125 0.5682586125 0.5014840984375 0.5776932421875001 0.44477031875 0.5398840546875 0.392756184375 0.5067745140625 0.34547703125 0.47839995625 0.32183745625000004 0.44059076875000003 0.3478445234375 0.38741055625 0.36554770312499996 0.351933525 0.419929328125 0.3548310515625 0.47667844531250003 0.43112080312499995 0.542862190625
0 0.12193352500000001 0.2355123671875 0.11112080312499999 0.22950529999999997 0.0949370578125 0.2307067140625 0.0931349375 0.24568904531250002 0.1015448328125 0.2661130734375 0.1195306984375 0.26010600781250004 0.12193352500000001 0.2355123671875
0 0 0.15588234843749998 0.014795715625 0.155618375 0.0370925359375 0.1095406359375 0.0241596734375 0.077137809375 0 0.0854771890625 0 0.15588234843749998
0 0.9764211578124999 0.8355830390625 0.9545130296875 0.8355830390625 0.941438825 0.840176678125 0.9439123234375 0.8543109546875 0.96582045 0.8627915187499999 0.9831349375 0.8536042406250001 0.9764211578124999 0.8355830390625
0 0.9516508390625 0.9001413421875 0.9399900625000001 0.8962544171875001 0.9293893546875 0.9029681984375 0.928682640625 0.9238162546875 0.9399900625000001 0.9326501765625 0.9565978359375 0.9238162546875 0.9516508390625 0.9001413421875