0 0.64770115 0.13821839062500002 0.6364080453125001 0.148994253125 0.6437356328125 0.1744540234375 0.661867815625 0.1739655171875 0.6765517234375 0.1612356328125 0.6687643671875 0.1372413796875 0.64770115 0.13821839062500002
0 0.40295977031249997 0.5404022984375 0.4006034484375 0.52856321875 0.37813218437499996 0.5214655171875 0.3816954015625 0.558132184375 0.40295977031249997 0.5404022984375
0 0.278850575 0.71413793125 0.2625 0.71413793125 0.2625 0.72336206875 0.2741091953125 0.7519827593749999 0.301293103125 0.7389655171875 0.29304597656250003 0.7129597703125 0.278850575 0.71413793125
0 0.42896551718750003 0.8382758625 0.406494253125 0.85008620625 0.4006034484375 0.864281609375 0.38758620625 0.9044540234375 0.4939655171875 0.9020977015625 0.4939655171875 0.8914655171874999 0.48333333281249996 0.8701724140625 0.42896551718750003 0.8382758625
0 0.5208333328125 0.0965517234375 0.4916091953125 0.14795977031250002 0.45100574687500006 0.2037356328125 0.48606321875 0.289367815625 0.5601724140625 0.30752873593749996 0.60508620625 0.27798850625 0.6087643671875 0.1795977015625 0.58979885 0.135632184375 0.5208333328125 0.0965517234375
0 0.542729884375 0.735143678125 0.513793103125 0.7386781609375 0.5060344828125001 0.7661781609375 0.5363793109375 0.781005746875 0.5533045984375 0.7676149421875 0.542729884375 0.735143678125
0 0.31701149375000004 0.7259770109375 0.3099712640625 0.7443390796875 0.3219540234375 0.78241379375 0.35721264375 0.8162643671875 0.370632184375 0.8028735625 0.370632184375 0.78028735625 0.3543965515625 0.73798850625 0.31701149375000004 0.7259770109375
0 0.3692241375 0.623706896875 0.3494540234375 0.6385344828124999 0.35086206875000003 0.6766091953125 0.3826149421875 0.701293103125 0.40942528749999996 0.669568965625 0.3988218390625 0.635718390625 0.3692241375 0.623706896875
0 0.317729884375 0.586350575 0.29798850625 0.5976149421875 0.30574712656249997 0.6166666671875001 0.3290229890625 0.628649425 0.345229884375 0.6152586203125 0.317729884375 0.586350575
0 0.3616091953125 0.24890804531250002 0.344482759375 0.2562643671875 0.34109195468750003 0.2783045984375 0.3626149421875 0.289080459375 0.3793103453125 0.2699712640625 0.3616091953125 0.24890804531250002
0 0.2778735625 0.33413793125 0.26321839062499996 0.346867815625 0.2690517234375 0.3738218390625 0.2921264375 0.3772413796875 0.302356321875 0.3454022984375 0.2778735625 0.33413793125
0 0.5489080453125 0.6576149421874999 0.53770115 0.66048850625 0.5379885062499999 0.672270115625 0.551206896875 0.6757183906249999 0.5563793109375 0.6625 0.5489080453125 0.6576149421874999
0 0.6350287359375 0.8106896546875 0.627442528125 0.834482759375 0.6300287359375 0.8617816093749999 0.6539080453125 0.8553735625 0.6588793109375 0.8439655171875 0.6548850578125001 0.8231034484374999 0.64 0.8047413796875 0.6350287359375 0.8106896546875
0 0.836867815625 0.148994253125 0.8255747124999999 0.13821839062500002 0.80451149375 0.1372413796875 0.7967241375 0.1612356328125 0.8114080453125 0.1739655171875 0.8295402296875001 0.1744540234375 0.836867815625 0.148994253125
0 0.1243965515625 0.52856321875 0.12204022968749999 0.5404022984375 0.1433045984375 0.558132184375 0.146867815625 0.5214655171875 0.1243965515625 0.52856321875
0 0.2625 0.71413793125 0.24614942499999998 0.71413793125 0.2319540234375 0.7129597703125 0.223706896875 0.7389655171875 0.25089080468749997 0.7519827593749999 0.2625 0.72336206875 0.2625 0.71413793125
0 0.118505746875 0.85008620625 0.0960344828125 0.8382758625 0.0416666671875 0.8701724140625 0.031034482812500003 0.8914655171874999 0.031034482812500003 0.9020977015625 0.13741379375 0.9044540234375 0.1243965515625 0.864281609375 0.118505746875 0.85008620625
0 0 0.2989095171875 0.038936781250000004 0.289367815625 0.07399425312499999 0.2037356328125 0.0333908046875 0.14795977031250002 0.0041666671875 0.0965517234375 0 0.09891283437500001 0 0.2989095171875
0 1 0.173143775 0.9816666671875 0.14795977031250002 0.952442528125 0.0965517234375 0.8834770109375001 0.135632184375 0.86451149375 0.1795977015625 0.8681896546875001 0.27798850625 0.9131034484375 0.30752873593749996 0.9872126437500001 0.289367815625 1 0.2581331265625 1 0.173143775
0 0 0.7754454015625 0.0189655171875 0.7661781609375 0.011206896875 0.7386781609375 0 0.7373092953125 0 0.7754454015625
0 0.959482759375 0.7386781609375 0.9305459765625 0.735143678125 0.9199712640625 0.7676149421875 0.9368965515625 0.781005746875 0.9672413796875 0.7661781609375 0.959482759375 0.7386781609375
0 0.2150287359375 0.7443390796875 0.20798850624999998 0.7259770109375 0.1706034484375 0.73798850625 0.154367815625 0.78028735625 0.154367815625 0.8028735625 0.16778735625000002 0.8162643671875 0.20304597656249998 0.78241379375 0.2150287359375 0.7443390796875
0 0.17554597656249998 0.6385344828124999 0.1557758625 0.623706896875 0.1261781609375 0.635718390625 0.1155747125 0.669568965625 0.1423850578125 0.701293103125 0.17413793125000002 0.6766091953125 0.17554597656249998 0.6385344828124999
0 0.22701149375 0.5976149421875 0.207270115625 0.586350575 0.179770115625 0.6152586203125 0.1959770109375 0.628649425 0.21925287343750002 0.6166666671875001 0.22701149375 0.5976149421875
0 0.18051724062500002 0.2562643671875 0.1633908046875 0.24890804531250002 0.1456896546875 0.2699712640625 0.1623850578125 0.289080459375 0.1839080453125 0.2783045984375 0.18051724062500002 0.2562643671875
0 0.261781609375 0.346867815625 0.24712643750000002 0.33413793125 0.222643678125 0.3454022984375 0.23287356250000002 0.3772413796875 0.25594827656249997 0.3738218390625 0.261781609375 0.346867815625
0 0.9355747125 0.66048850625 0.924367815625 0.6576149421874999 0.9168965515625 0.6625 0.9220689656250001 0.6757183906249999 0.9352873562499999 0.672270115625 0.9355747125 0.66048850625
0 0.8458333328125001 0.834482759375 0.8382471265625 0.8106896546875 0.8332758625000001 0.8047413796875 0.8183908046875 0.8231034484374999 0.8143965515625 0.8439655171875 0.8193678156249999 0.8553735625 0.8432471265625001 0.8617816093749999 0.8458333328125001 0.834482759375