0 0.40143678125 0.32332974062500003 0.392643678125 0.3488469828125 0.4067241375 0.3647090515625 0.4357471265625 0.3673527296875 0.4506896546875 0.35149066093750003 0.4506896546875 0.3488469828125 0.4339655171875 0.31982399375 0.40143678125 0.32332974062500003
0 0.7753448281249999 0.21252514374999998 0.779770115625 0.22568606249999998 0.7920689656250001 0.2362607765625 0.8105172406250001 0.23011135 0.81758620625 0.21338721249999998 0.81229885 0.20195043125 0.799080459375 0.19930675312499999 0.78413793125 0.20195043125 0.7753448281249999 0.21252514374999998
0 0.7249425281249999 0.3864906609375 0.6567241375 0.35867456875000003 0.635632184375 0.3999964078125 0.668505746875 0.4412607765625 0.7165517234375 0.43706537343749996 0.7249425281249999 0.3864906609375
0 0.79471264375 0.6541343390625001 0.8061494250000001 0.6920079015625 0.8308045984374999 0.720168821875 0.8712643671875 0.7122377875 0.8800574718749999 0.701663075 0.8580459765624999 0.6418354890625 0.8131609203125001 0.62511135 0.79471264375 0.6541343390625001
0 0.0169540234375 0.42631824687500003 0.005517240625 0.4509159484375 0.0204597703125 0.47729525937500006 0.0565517234375 0.48700790156249996 0.09436781562499999 0.45884698281249997 0.09264367812499999 0.4509159484375 0.0521264375 0.422755028125 0.0169540234375 0.42631824687500003
0 0.675057471875 0.6673527296875 0.6715517234374999 0.7245366375 0.698793103125 0.7790768671875 0.7639080453125 0.7826400859375 0.79028735625 0.7518354890625 0.778850575 0.7439044546875 0.7445402296875 0.6805711203125 0.675057471875 0.6673527296875
0 0.9405747124999999 0.332582615625 0.9204022984375 0.332582615625 0.9161494250000001 0.34522629375 0.947356321875 0.34775502812500003 0.9405747124999999 0.332582615625
0 0.23132183906249998 0.8565481328125 0.2582758625 0.8160883625 0.204367815625 0.7959159484375 0.21528735625 0.8405136499999999 0.227931034375 0.854881465625 0.23132183906249998 0.8565481328125
0 0.779770115625 0.0646515796875 0.7753448281249999 0.07781249999999999 0.78413793125 0.0883872125 0.799080459375 0.091030890625 0.81229885 0.0883872125 0.81758620625 0.07695043124999999 0.8105172406250001 0.06022629375000001 0.7920689656250001 0.0540768671875 0.779770115625 0.0646515796875
0 0.7635303984374999 1 0.778850575 0.9717205453125001 0.79028735625 0.9637895109375 0.7639080453125 0.9329849140625001 0.698793103125 0.9365481328125 0.6715517234374999 0.9910883625 0.672098065625 1 0.7635303984374999 1
0 0.2582758625 0.8995366375 0.23132183906249998 0.8590768671875001 0.227931034375 0.860743534375 0.21528735625 0.8751113500000001 0.204367815625 0.9197090515624999 0.2582758625 0.8995366375