0 0.5299280578125 0.71318795 0.5229856109375 0.7201663671875 0.5269424453125 0.740094425 0.5428776984375 0.7420728421875 0.5448920859374999 0.722144784375 0.5438848921874999 0.7151663671875 0.5299280578125 0.71318795
0 0.050863309375 0.7171807546875 0.041906475 0.7430800359374999 0.0697841734375 0.7809217625 0.11061151093749999 0.77692895625 0.1295683453125 0.77692895625 0.13553956875 0.7609937046875 0.12557553906250002 0.7251303953125 0.0837410078125 0.7072167265625 0.050863309375 0.7171807546875
0 0.2271582734375 0.5199505390625 0.2530575546875 0.5568210437500001 0.2709712234375 0.5677562953125 0.2948920859375 0.5737634890625001 0.3058273375 0.5617850718749999 0.327769784375 0.540885790625 0.3305755390625 0.51800809375 0.327769784375 0.49308003593749994 0.3038489203125 0.47714478437499996 0.2540647484375 0.4711735609375 0.22517985624999998 0.4871088125 0.2271582734375 0.5199505390625
0 0.341690646875 0.53192895625 0.35064748125 0.542864209375 0.3835251796875 0.5587994609375 0.41442446093749996 0.5587994609375 0.4253597125 0.5329001796874999 0.4253597125 0.525957734375 0.41938848906250004 0.5030440640625 0.40446043125 0.4880800359375 0.3885251796875 0.48610161874999996 0.363597121875 0.4890872296875 0.34071942499999996 0.490094425 0.33672661875 0.5109937046875 0.341690646875 0.53192895625
0 0.6833453234375 0.2301303953125 0.6912949640625 0.254051259375 0.7211870499999999 0.2639793171875 0.7739568343750001 0.270957734375 0.79089928125 0.25901528749999997 0.8018345328125 0.2331160078125 0.796870503125 0.19027428125 0.76399280625 0.1723606109375 0.7201798562499999 0.182324640625 0.6923021578124999 0.201245503125 0.6833453234375 0.2301303953125
0 0.5448920859374999 0.19725269843749998 0.536906475 0.201245503125 0.5398920859375 0.2102023375 0.5478776984375 0.21419514374999998 0.554856115625 0.20822392031249998 0.5528417265625001 0.19725269843749998 0.5448920859374999 0.19725269843749998
0 0.7191726625 0.47415917343749997 0.7052517984375 0.5020368703125 0.7171942453125 0.5289433453125 0.74208633125 0.517972121875 0.752050359375 0.49707284218750003 0.74208633125 0.46915917343749997 0.7191726625 0.47415917343749997
0 0.8426978421875001 0.7201663671875 0.8665827343749999 0.718151978125 0.9273381296875 0.701245503125 0.9412949640624999 0.679339028125 0.9402877703125 0.6504541359375 0.9183812953125001 0.64146133125 0.867589928125 0.6305260796875001 0.8088129500000001 0.61955485625 0.769964028125 0.64347571875 0.7719784171875 0.69527428125 0.804856115625 0.718151978125 0.8426978421875001 0.7201663671875
0 0.1464748203125 0.19725269843749998 0.1474820140625 0.20620953281249998 0.1554676265625 0.20923111562500002 0.1604316546875 0.20822392031249998 0.16442446093750002 0.1932958640625 0.1614388484375 0.1853102515625 0.15046762656249998 0.1863174453125 0.1464748203125 0.19725269843749998
0 0.554856115625 0.583691546875 0.5558273375 0.589698740625 0.5617985609375 0.6026483812500001 0.5697841734375 0.6026483812500001 0.5747482015625 0.587684353125 0.571762590625 0.5857059359375001 0.5628057546874999 0.5797347125 0.554856115625 0.583691546875
0 0.139496403125 0.682324640625 0.1474820140625 0.69027428125 0.1534532375 0.6932598921875 0.16442446093750002 0.6932598921875 0.1614388484375 0.682324640625 0.1604316546875 0.678331834375 0.1534532375 0.6753462234375001 0.15046762656249998 0.6763534171875001 0.139496403125 0.682324640625