0 0.9083333328125001 0.44607638906249997 0.9156763281250001 0.46491696875 0.9439371984375 0.461776871875 0.9617391296875001 0.44607638906249997 0.956497584375 0.42409571250000005 0.9470772953125 0.4125739734375 0.9292753625 0.4136126203125 0.9083333328125001 0.44607638906249997
0 0.74917874375 0.6722599640625 0.769082125 0.6701585140625 0.77746376875 0.6418976453125 0.7628019328125 0.6230329109375 0.7439371984375 0.6230329109375 0.73871980625 0.6523565828125 0.74917874375 0.6722599640625
0 0.6853140093750001 0.7633469203125001 0.6968357484375 0.76754981875 0.71253623125 0.7591681765625 0.7093961359375001 0.734047403125 0.6926328500000001 0.72774305625 0.6748309171875 0.742404890625 0.6853140093750001 0.7633469203125001
0 0.40990338125000003 0.5256657609375 0.4266666671875 0.5193855671875001 0.4465700484375 0.48482035 0.43922705312500004 0.4502792875 0.40154589375 0.45341938437499996 0.3931642515625 0.4963420890625 0.40990338125000003 0.5256657609375
0 0.293671496875 0.44503774218750003 0.3334782609375 0.43455465000000004 0.3292753625 0.4094338765625 0.31253623125 0.39477204062500004 0.28321256093749997 0.40629377968749997 0.28007246406249997 0.42199426406249996 0.293671496875 0.44503774218750003
0 0.059130434375 0.285858996875 0.08425120781249999 0.2921633453125 0.1062560390625 0.263878321875 0.09367149687500001 0.237694746875 0.062270531250000004 0.2293372578125 0.04236715 0.24397493906249998 0.059130434375 0.285858996875
0 0.9816425125 0.398950784375 0.9732608703125001 0.3759314609375 0.956497584375 0.37697010937500003 0.9585990343749999 0.40209088125000003 0.9732608703125001 0.407332428125 0.9816425125 0.398950784375
0 0.73871980625 0.9320184171875001 0.7439371984375 0.9613420890625 0.7628019328125 0.9613420890625 0.77746376875 0.9424773546875 0.769082125 0.9142164859375 0.74917874375 0.9121150359374999 0.73871980625 0.9320184171875001
0 0.6748309171875 0.8419701093749999 0.6926328500000001 0.8566319437500001 0.7093961359375001 0.8503275968749999 0.71253623125 0.8252068234375001 0.6968357484375 0.8168251812499999 0.6853140093750001 0.8210280796875 0.6748309171875 0.8419701093749999
0 0.2804465578125 0 0.28321256093749997 0.013830012499999999 0.31253623125 0.025351751562500004 0.3292753625 0.010689915625000001 0.3310638671875 0 0.2804465578125 0
0 0.04236715 0.176148853125 0.062270531250000004 0.19078653437499998 0.09367149687500001 0.18242904531249998 0.1062560390625 0.1562454703125 0.08425120781249999 0.127960446875 0.059130434375 0.1342647953125 0.04236715 0.176148853125
0 0.9585990343749999 0.0180329109375 0.956497584375 0.0431536828125 0.9732608703125001 0.04419233125 0.9816425125 0.0211730078125 0.9732608703125001 0.0127913640625 0.9585990343749999 0.0180329109375