0 0.48366071406250005 0.7327210890625 0.46175595312500006 0.7305102046874999 0.4358715984375 0.7353401359375 0.409102890625 0.750272109375 0.3757695578125 0.773945578125 0.3889328234375 0.7866666671875 0.42226615624999997 0.7906122453125 0.45821853749999997 0.7906122453125 0.49199404687500004 0.7844557828125 0.511755953125 0.77482993125 0.5095450687499999 0.7634013609375 0.5016539109375 0.7485034015625 0.48366071406250005 0.7327210890625
0 0.31787840156249997 0.77789115625 0.3047151359375 0.7555102046875 0.282368196875 0.76517006875 0.2915518703125 0.7857823125000001 0.3069260203125 0.792380953125 0.31787840156249997 0.77789115625
0 0.277538265625 0.7357823125 0.28454506875 0.7138435375000001 0.26610969375 0.7077210890625001 0.25342261875 0.7138435375000001 0.2481505109375 0.7292176875 0.26042942187499996 0.741054421875 0.277538265625 0.7357823125
0 0.6599192171875 0.6334013609375 0.6862797625 0.6434013609375 0.7199192171875 0.634319728125 0.740837584375 0.61248299375 0.7590348640625 0.59248299375 0.7271981296875001 0.55520408125 0.690837584375 0.5560884359375 0.67264030625 0.58520408125 0.6580824828125 0.6115646265625 0.6599192171875 0.6334013609375
0 0.33614370781249997 0.89095238125 0.398490646875 0.8996598640625001 0.43318452343749997 0.8608843531250001 0.376381803125 0.79251700625 0.3101233 0.798741496875 0.27587159843750003 0.8401360546875001 0.26957908124999996 0.8680272109375 0.33614370781249997 0.89095238125
0 0.2547151359375 0.8612244890625 0.26610969375 0.8559523812500001 0.26920493125 0.8436734687499999 0.2599872453125 0.841938775 0.2481505109375 0.8410544218749999 0.2415518703125 0.8485034015625 0.243320578125 0.8586054421875 0.2547151359375 0.8612244890625
0 0.45165391093749996 0.41282312968749996 0.47070153125 0.40295918437499995 0.47954506874999997 0.3825510203125 0.46798044218749996 0.3614965984375 0.41764030625000004 0.352619046875 0.41287840156250005 0.3883333328125 0.42580357187500006 0.40772108906250004 0.45165391093749996 0.41282312968749996
0 0.6750892859375 0.13074829999999998 0.683898809375 0.095476190625 0.6850892859375 0.07666666718750001 0.667436225 0.0513945578125 0.6175042515625 0.059047618749999996 0.6180824828125 0.116054421875 0.64804846875 0.137789115625 0.6750892859375 0.13074829999999998
0 0.5500892859375 0.726632653125 0.5205314624999999 0.7230952375 0.5252593531249999 0.7717006796875 0.5347151359375 0.7692176875000001 0.5500892859375 0.726632653125
0 0.8349532312499999 0.6320748296875001 0.8385246593750001 0.5315986390624999 0.7971301015625001 0.5564285718749999 0.7782185375 0.6215646265625 0.80185799375 0.6356462578125 0.8349532312499999 0.6320748296875001
0 0.3278784015625 0.398061225 0.2805994890625 0.40632653124999996 0.273490646875 0.45489795937500005 0.2888647953125 0.46778911562500003 0.3231505109375 0.4335034015625 0.3278784015625 0.398061225
0 0.338524659375 0.2705102046875 0.31842261875 0.302312925 0.35032738124999996 0.3188435375 0.3585926875 0.2892857140625 0.338524659375 0.2705102046875
0 0.5985586734375 0.168741496875 0.5548171765625 0.2242857140625 0.579647109375 0.24687074843749998 0.6068239796875 0.19826530625 0.5985586734375 0.168741496875
0 0.036381803125 0.76517006875 0.0140348640625 0.7555102046875 0.0008715984374999999 0.77789115625 0.0118239796875 0.792380953125 0.0271981296875 0.7857823125000001 0.036381803125 0.76517006875
0 0.06532738125000001 0.7138435375000001 0.052640306250000005 0.7077210890625001 0.03420493125 0.7138435375000001 0.041211734374999996 0.7357823125 0.058320578125 0.741054421875 0.07059948906249999 0.7292176875 0.06532738125000001 0.7138435375000001
0 1 0.5745578234375001 0.9884566328125001 0.5560884359375 0.9520960890625 0.55520408125 0.9202593531250001 0.59248299375 0.9384566328125 0.61248299375 0.959375 0.634319728125 0.9930144562500001 0.6434013609375 1 0.6407513609375 1 0.5745578234375001
0 0 0.88496190625 0.04917091875 0.8680272109375 0.0428784015625 0.8401360546875001 0.0086267 0.798741496875 0 0.7979310828124999 0 0.88496190625
0 0.07059948906249999 0.8410544218749999 0.058762754687499995 0.841938775 0.04954506875 0.8436734687499999 0.052640306250000005 0.8559523812500001 0.0640348640625 0.8612244890625 0.075429421875 0.8586054421875 0.07719812968749999 0.8485034015625 0.07059948906249999 0.8410544218749999
0 0.882164115625 0.5564285718749999 0.8407695578125001 0.5315986390624999 0.8443409859375001 0.6320748296875001 0.877436225 0.6356462578125 0.9010756796875 0.6215646265625 0.882164115625 0.5564285718749999
0 0 0.43790391250000005 0.0298852046875 0.46778911562500003 0.045259353125 0.45489795937500005 0.0381505109375 0.40632653124999996 0 0.399657053125 0 0.43790391250000005