0 0.7858575203125 0.6263876984375 0.7718733515625 0.6131950859375 0.7594722953125 0.618208278125 0.7621108171875 0.6319285953125 0.774775725 0.6369417875 0.7858575203125 0.6263876984375
0 0.38572559375000004 0.311770284375 0.38155672812499997 0.36802358125 0.44197889218749997 0.3763613125 0.4461477578125 0.34615023125 0.38572559375000004 0.311770284375
0 0.2867546171875 0.4888415234375 0.28883905 0.5127993078124999 0.3169656984375 0.500319096875 0.320105540625 0.49092595625 0.2867546171875 0.4888415234375
0 0.6440633250000001 0.5086568265625 0.6180211078125 0.5430103890625 0.661767809375 0.5534325531250001 0.6794722953125001 0.51905260625 0.6440633250000001 0.5086568265625
0 0.8443271765624999 0.7034589375 0.8087071234375 0.6852531328125 0.7721899734375001 0.64615023125 0.72116095 0.7034325531250001 0.7546174140625 0.7324826843750001 0.7770448546875001 0.7351212078125 0.8443271765624999 0.7034589375
0 0.005514512500000001 0.380530178125 0.0263588390625 0.4524035296875 0.0409234828125 0.483643634375 0.094063325 0.49926368749999994 0.1148812671875 0.5127993078124999 0.198232190625 0.51905260625 0.2107124015625 0.500319096875 0.2503166234375 0.47947476875 0.21160949843750002 0.40636131249999996 0.2266490765625 0.360714875 0.1965699203125 0.3058336078125 0.151187334375 0.3200816296875 0.0788918203125 0.329580309375 0.06488126718750001 0.3430103890625 0.024274406249999998 0.36802358125 0.005514512500000001 0.380530178125
0 0.7966754625 0.556466853125 0.791926121875 0.5432742421875 0.7776780999999999 0.5393164578125 0.772137203125 0.5575222625 0.785329815625 0.56860405625 0.7966754625 0.556466853125
0 0.7118733515625 0.61897345 0.7260422156249999 0.59644046875 0.7449076515625 0.566546009375 0.746490765625 0.5597122359375 0.73862796875 0.55657239375 0.7139841687499999 0.57702094375 0.7008707125 0.59905260625 0.6972031656250001 0.617416721875 0.7118733515625 0.61897345
0 0.8818205812500001 0.69353809375 0.884459103125 0.6846462734375 0.8776253296875 0.6730895453125 0.8592875984375 0.674144953125 0.8566490765625 0.6872584109375001 0.865039578125 0.7035117078125 0.8818205812500001 0.69353809375
0 0.622717678125 0.0653322890625 0.6163852249999999 0.05847213125 0.6055672828125 0.0595275390625 0.604775725 0.0740394125 0.6158575203125001 0.0753586734375 0.622717678125 0.0653322890625
0 0.6055672828125 0.056097460937499996 0.6163852249999999 0.057152868749999995 0.622717678125 0.0502927109375 0.6158575203125001 0.040266326562499996 0.604775725 0.0415855875 0.6055672828125 0.056097460937499996