0 0.6851052625 0.711598684375 0.6903157890625 0.7180197374999999 0.7013684203125 0.71917763125 0.713 0.7174407890625 0.7101052625000001 0.7092828953125 0.705473684375 0.7028618421874999 0.6967368421875 0.700546053125 0.6920526312499999 0.7022828953125 0.688 0.7057565796875 0.6851052625 0.711598684375
0 0.5093157890625 0.37170394687499997 0.499421053125 0.3763881578125 0.5 0.3874407890625 0.5098947375 0.3914934203125 0.5192105265625 0.384546053125 0.517473684375 0.3792828953125 0.5093157890625 0.37170394687499997
0 0.571 0.3833355265625 0.560526315625 0.39207236875 0.5587894734375001 0.40196710468749997 0.56694736875 0.4112302625 0.5808947375 0.406651315625 0.5913684203125 0.40023026249999993 0.5873157890625 0.38686184218749997 0.571 0.3833355265625
0 0.26489473750000003 0.5719144734375 0.248 0.5631776312500001 0.25094736875 0.5864934203125001 0.25789473749999997 0.5922828953125 0.26605263125 0.583546053125 0.26489473750000003 0.5719144734375
0 0.43210526250000003 0.2978618421875 0.42263157968750004 0.2968092109375 0.41621052656249996 0.3059671046875 0.42368421093749997 0.31417763125 0.43600000000000005 0.306546053125 0.43210526250000003 0.2978618421875
0 0.8774210531250001 0.3853355265625 0.889526315625 0.391651315625 0.898473684375 0.3884934203125 0.9047894734374999 0.3848092109375 0.9037368421875 0.3737565796875 0.89005263125 0.371651315625 0.8768947375 0.3732302625 0.8774210531250001 0.3853355265625
0 0.9363684203125 0.26007236875 0.9311052625 0.2684934203125 0.9337368421875001 0.28217763125 0.9442631578125 0.2832302625 0.9542631578125 0.271651315625 0.9490000000000001 0.260598684375 0.9363684203125 0.26007236875
0 0.6588421046875 0.2817565796875 0.6493684203125001 0.2949144734375 0.653578946875 0.3043881578125 0.66305263125 0.3043881578125 0.6688421046874999 0.2959671046875 0.6662105265625 0.2870197375 0.6588421046875 0.2817565796875
0 0.0376315796875 0.32844078906249996 0.024473684375 0.3352828953125 0.035526315625 0.34791447343750004 0.05131578906249999 0.3484407890625 0.054473684375 0.3373881578125 0.050789473437499996 0.32844078906249996 0.0376315796875 0.32844078906249996
0 0.6903157890625 0.8882302624999999 0.6851052625 0.8946513156250001 0.688 0.9004934203125 0.6920526312499999 0.9039671046875 0.6967368421875 0.905703946875 0.705473684375 0.9033881578124999 0.7101052625000001 0.8969671046875 0.713 0.8888092109375 0.7013684203125 0.88707236875 0.6903157890625 0.8882302624999999
0 0.499421053125 0.0193355265625 0.5093157890625 0.0240197375 0.517473684375 0.0164407890625 0.5192105265625 0.01117763125 0.5098947375 0.0042302625 0.5 0.0082828953125 0.499421053125 0.0193355265625
0 0.55988539375 0 0.560526315625 0.0036513156249999997 0.571 0.0123881578125 0.5873157890625 0.0088618421875 0.590002253125 0 0.55988539375 0
0 0.42263157968750004 0.0989144734375 0.43210526250000003 0.0978618421875 0.43600000000000005 0.08917763125 0.42368421093749997 0.08154605312499999 0.41621052656249996 0.0897565796875 0.42263157968750004 0.0989144734375
0 0.889526315625 0.00407236875 0.8774210531250001 0.0103881578125 0.8768947375 0.0224934203125 0.89005263125 0.02407236875 0.9037368421875 0.0219671046875 0.9047894734374999 0.010914473437499999 0.898473684375 0.007230262499999999 0.889526315625 0.00407236875
0 0.9311052625 0.1272302625 0.9363684203125 0.135651315625 0.9490000000000001 0.135125 0.9542631578125 0.12407236875000001 0.9442631578125 0.11249342031250001 0.9337368421875001 0.11354605312499999 0.9311052625 0.1272302625
0 0.6493684203125001 0.10080921093749999 0.6588421046875 0.1139671046875 0.6662105265625 0.108703946875 0.6688421046874999 0.0997565796875 0.66305263125 0.0913355265625 0.653578946875 0.0913355265625 0.6493684203125001 0.10080921093749999
0 0.024473684375 0.0604407890625 0.0376315796875 0.06728289531250001 0.050789473437499996 0.06728289531250001 0.054473684375 0.0583355265625 0.05131578906249999 0.0472828953125 0.035526315625 0.0478092109375 0.024473684375 0.0604407890625