0 0.19610552812499998 0.44741363125 0.22072864375 0.43796639375 0.23017587968750003 0.40492619375 0.198140703125 0.40256438437500003 0.18665829218750002 0.4106548359375 0.18396985 0.43628297812500005 0.19610552812499998 0.44741363125
0 0.12326633125 0.42718749999999994 0.1397989953125 0.4147000625 0.13304020156250002 0.39919755 0.116859296875 0.39718749999999997 0.10336683437500001 0.4045995609375 0.10371859218749999 0.412338253125 0.12326633125 0.42718749999999994
0 0.0818090453125 0.45495131874999994 0.0864321609375 0.4512327265625 0.08442211093749999 0.44344378124999995 0.077889446875 0.4431422734375 0.07562814062499999 0.44987594218750004 0.0818090453125 0.45495131874999994
0 0.3639447234375 0.7577151375 0.3639447234375 0.7350518218750001 0.3445226125 0.7216849875 0.3283417078125 0.7306045859375 0.315 0.7390970484375 0.32065326562499996 0.7520116203125 0.35100502499999997 0.7654035796875001 0.3639447234375 0.7577151375
0 0.31256281406249997 0.5723885046875 0.30731155781249997 0.5561824750000001 0.2919346734375 0.5521121234375 0.26278894531249997 0.5497251890625 0.25793969843750003 0.5606548359375 0.2555025125 0.5638709171875 0.2615829140625 0.5776397609374999 0.272110553125 0.6015091078125 0.28625628125 0.6034940328125 0.300025125 0.5926146359375 0.31256281406249997 0.5723885046875
0 0.25874371875 0.6298508171874999 0.274120603125 0.6262076000000001 0.2729145734375 0.61321765 0.262386934375 0.602313128125 0.250653265625 0.6185191578125 0.25874371875 0.6298508171874999
0 0.2494472359375 0.48266488750000003 0.2095728640625 0.46163473593750004 0.1784170859375 0.44208699687499997 0.1537939703125 0.46236337968749996 0.136381909375 0.5319362437499999 0.1487185921875 0.5659814703125 0.1849497484375 0.577589509375 0.21899497499999998 0.5841221734375 0.24075376875 0.5717854906250001 0.2682914578125 0.5442478015625001 0.27479899531249996 0.5109312187499999 0.2494472359375 0.48266488750000003
0 0.8697989953124999 0.661559359375 0.8790703515624999 0.6610065953125 0.8841708546874999 0.6489714203125 0.8709296484375001 0.6472377515625001 0.866984925 0.6536950375 0.8697989953124999 0.661559359375
0 0.84226130625 0.6753282031250001 0.8473115578125 0.6716849875 0.8456281406249999 0.6607050875 0.8363567843749999 0.66042870625 0.8324120609375001 0.6697000625 0.8332663312499999 0.6711070984374999 0.84226130625 0.6753282031250001
0 0.3639447234375 0.87545383125 0.3639447234375 0.852790515625 0.35100502499999997 0.8451020734375 0.32065326562499996 0.8584940328125 0.315 0.8714086062499999 0.3283417078125 0.8799010671874999 0.3445226125 0.8888206656250001 0.3639447234375 0.87545383125
0 0.27029630937500004 1 0.2729145734375 0.997288003125 0.274120603125 0.984298053125 0.25874371875 0.9806548359375 0.250653265625 0.9919864953124999 0.25645529218749996 1 0.27029630937500004 1
0 0.8790703515624999 0.9494990578125 0.8697989953124999 0.9489462937500001 0.866984925 0.956810615625 0.8709296484375001 0.9632679015625 0.8841708546874999 0.961534234375 0.8790703515624999 0.9494990578125
0 0.8473115578125 0.938820665625 0.84226130625 0.93517745 0.8332663312499999 0.9393985546874999 0.8324120609375001 0.940805590625 0.8363567843749999 0.9500769468750001 0.8456281406249999 0.9498005656249999 0.8473115578125 0.938820665625