0 0.6038403609375 0.8819277109374999 0.6169728921875001 0.8962650609375 0.661852409375 0.9021686750000001 0.664081325 0.8566265062499999 0.6038403609375 0.8819277109374999
0 0.4892620484375 0.7071686749999999 0.49637048124999994 0.755602409375 0.5354066265624999 0.7662650609375 0.548418675 0.7213253015625 0.4892620484375 0.7071686749999999
0 0.351731928125 0.27999999999999997 0.4808283125 0.2668674703125 0.4525753015625 0.18421686718750002 0.3708885546875 0.13981927656249998 0.3104066265625 0.13981927656249998 0.30637048125 0.22048192812499998 0.351731928125 0.27999999999999997
0 0.3587801203125 0.3274096390625 0.3265512046875 0.2819879515625 0.2670331328125 0.2759638546875 0.2287198796875 0.31831325312500003 0.27004518125 0.3646987953125 0.3587801203125 0.3274096390625
0 0.5665512046875001 0.1085542171875 0.57462349375 0.19228915625 0.6310692765625 0.22554216875000002 0.7410090359375 0.241686746875 0.7823343375 0.12771084375 0.744021084375 0.027891565624999996 0.6472138546874999 0.00066265 0.5766114453125 0.029939759375000003 0.5665512046875001 0.1085542171875
0 0.70612951875 1 0.7258885546875 0.983855421875 0.6915512046875001 0.9646987953125 0.66637048125 0.9697590359375001 0.6744427703125 0.9939759031250001 0.69637048125 1 0.70612951875 1
0 0.6095030125 0.7188554218750001 0.5709487953125 0.74228915625 0.5842018078125 0.778433734375 0.6287801203125001 0.770060240625 0.6095030125 0.7188554218750001
0 0.7725150609375 0.6608433734375 0.7776957828125 0.73433735 0.8060692765624999 0.7296385546875 0.81287650625 0.6686746984374999 0.7725150609375 0.6608433734375
0 0.44781626562500004 0.8240963859375 0.43938252968749997 0.858433734375 0.48691265 0.8690963859374999 0.48215361406249996 0.8210843375 0.44781626562500004 0.8240963859375
0 0.43697289218749996 0.64337349375 0.34058735 0.599397590625 0.27070783125000003 0.6602409640625 0.29902108437499997 0.7397590359375 0.364081325 0.7524096390625 0.43697289218749996 0.64337349375
0 0 0.3559714109375 0.020768071875 0.3646987953125 0.0620933734375 0.31831325312500003 0.0237801203125 0.2759638546875 0 0.27837075 0 0.3559714109375
0 1 0.0190256484375 0.968478915625 0.027891565624999996 0.9301656625 0.12771084375 0.9714909640625 0.241686746875 1 0.2375002140625 1 0.0190256484375
0 0.9348042171875001 0.73433735 0.9399849390625 0.6608433734375 0.8996234937500001 0.6686746984374999 0.9064307234375001 0.7296385546875 0.9348042171875001 0.73433735