0 0.9763793109375 0.5483793109375 0.938793103125 0.5538965515625 0.9360344828124999 0.5901034484375 0.978793103125 0.5976896546875 0.98741379375 0.566655171875 0.9763793109375 0.5483793109375
0 0.7752413796875001 0.6003103453125 0.764068965625 0.585 0.7446206890625 0.5982413796875 0.7648965515625 0.6135517234375001 0.7752413796875001 0.6003103453125
0 0.5301034484375 0.318931034375 0.502931034375 0.326793103125 0.501482759375 0.3482413796875 0.532931034375 0.35324137968749997 0.5507586203125 0.326793103125 0.5301034484375 0.318931034375
0 0.08731034531250001 0.538206896875 0.0316206890625 0.546931034375 0.0185517234375 0.5968275859375 0.061655171875000005 0.6156896546875 0.106655171875 0.5973103453124999 0.1148965515625 0.5837241375 0.08731034531250001 0.538206896875
0 0.7657241375 0.7455517234375 0.7454482765625 0.734793103125 0.7272413796875 0.7542413796874999 0.7297241375 0.7641724140624999 0.7570344828125 0.765 0.7657241375 0.7455517234375
0 0.8336896546875 0.3987241375 0.8202413796875 0.3856206890625 0.8061034484375 0.39389655156250003 0.8247241375 0.40458620625 0.8336896546875 0.3987241375
0 0.1391034484375 0.693 0.0902413796875 0.6834482765625001 0.0801034484375 0.7186206890625 0.11882758593750001 0.729344828125 0.1408965515625 0.7168275859375 0.1391034484375 0.693
0 0.4782758625 0.40327586249999997 0.4185517234375 0.41058620625 0.432793103125 0.4681724140625 0.474793103125 0.4681724140625 0.49379310312499997 0.454655171875 0.4782758625 0.40327586249999997
0 0.29579310312499996 0.5672758625000001 0.26662068906249997 0.569655171875 0.26662068906249997 0.597655171875 0.288655171875 0.6089655171875 0.3047586203125 0.583344828125 0.29579310312499996 0.5672758625000001
0 0.37 0.30844827656249996 0.3521724140625 0.32589655156249997 0.3521724140625 0.3556896546875 0.40634482812500006 0.3523103453125 0.4077241375 0.3218275859375 0.37 0.30844827656249996
0 0.054586206250000005 0.346793103125 0.0216896546875 0.344655171875 0.013827585937500001 0.3711034484375 0.0417241375 0.389 0.06603448281249999 0.3732758625 0.054586206250000005 0.346793103125
0 0.977357840625 1 0.98741379375 0.983344828125 0.978793103125 0.9523103453124999 0.9360344828124999 0.9598965515625 0.938793103125 0.9961034484375 0.965338365625 1 0.977357840625 1
0 0.764068965625 0.9650000000000001 0.7752413796875001 0.9496896546875 0.7648965515625 0.9364482765625001 0.7446206890625 0.9517586203124999 0.764068965625 0.9650000000000001
0 0.502931034375 0.126655171875 0.5301034484375 0.13451724062499998 0.5507586203125 0.126655171875 0.532931034375 0.10020689687499999 0.501482759375 0.105206896875 0.502931034375 0.126655171875
0 0.09445768125000001 1 0.1148965515625 0.9662758625000001 0.106655171875 0.9526896546874999 0.061655171875000005 0.9343103453125 0.0185517234375 0.9531724140625 0.030816862499999997 1 0.09445768125000001 1
0 0.7454482765625 0.8152068968749999 0.7657241375 0.8044482765625001 0.7570344828125 0.7849999999999999 0.7297241375 0.7858275859375 0.7272413796875 0.7957586203125 0.7454482765625 0.8152068968749999
0 0.8202413796875 0.0678275859375 0.8336896546875 0.054724137500000006 0.8247241375 0.04886206875 0.8061034484375 0.0595517234375 0.8202413796875 0.0678275859375
0 0.0902413796875 0.8665517234375001 0.1391034484375 0.857 0.1408965515625 0.8331724140625001 0.11882758593750001 0.8206551718749999 0.0801034484375 0.8313793109375001 0.0902413796875 0.8665517234375001
0 0.42915174375 0 0.4185517234375 0.042862068749999996 0.4782758625 0.050172414062500004 0.4934286046875 0 0.42915174375 0
0 0.26662068906249997 0.980344828125 0.29579310312499996 0.9827241375 0.3047586203125 0.966655171875 0.288655171875 0.9410344828125 0.26662068906249997 0.952344828125 0.26662068906249997 0.980344828125
0 0.3521724140625 0.12755172343750001 0.37 0.145 0.4077241375 0.1316206890625 0.40634482812500006 0.10113793125 0.3521724140625 0.0977586203125 0.3521724140625 0.12755172343750001
0 0.0216896546875 0.10879310312499998 0.054586206250000005 0.106655171875 0.06603448281249999 0.0801724140625 0.0417241375 0.06444827656249999 0.013827585937500001 0.082344828125 0.0216896546875 0.10879310312499998