0 0.2988416984375 0.20868605156250003 0.3161003859375 0.22725748124999998 0.3419691125 0.269072153125 0.37980695 0.281697634375 0.393088803125 0.2810412640625 0.39440154375 0.25714165 0.3977220078125 0.2259447390625 0.40239382187499995 0.1801146234375 0.3784942078125 0.1688404921875 0.31942085 0.182778715625 0.2988416984375 0.20868605156250003
0 0.3791505796875 0.5286088328125 0.33003860937499996 0.5246319984375 0.315444015625 0.5684543921875 0.352586871875 0.57706443125 0.3824710421875 0.5491879828124999 0.3791505796875 0.5286088328125
0 0.164749034375 0.57636945 0.13447876406249998 0.5879524609375 0.1166795359375 0.617296090625 0.17185328125 0.616408059375 0.1940926640625 0.6181841218749999 0.184324325 0.5844003375 0.164749034375 0.57636945
0 0.2208108109375 0.71254705625 0.2092278 0.7312343140625 0.2145945953125 0.7570258203125 0.25374517343749997 0.7579138515625 0.265289575 0.7249794890625 0.24660231718749998 0.701852075 0.2208108109375 0.71254705625
0 0.8286486484375001 0.57725748125 0.8259845562500001 0.5994968625 0.8473359078125 0.63331925625 0.8731274125 0.6235509171875 0.8989575296875 0.5977208015625 0.8909266406249999 0.569265203125 0.8633590734375 0.54254705625 0.8188416984375 0.5434350875 0.8286486484375001 0.57725748125
0 0.0871428578125 0.5433578671875 0.055057915624999995 0.5323153953124999 0.0373745171875 0.58096404375 0.0722393828125 0.600346284375 0.094903475 0.5699215734374999 0.0871428578125 0.5433578671875
0 0.766332046875 0.3681455109375 0.775250965625 0.39748914062499996 0.7867953671875 0.4046319984375 0.808185328125 0.3841300671875 0.8375289578125 0.371697634375 0.86069498125 0.3699215734375 0.8811583015625001 0.341427365625 0.9181467187499999 0.29586751875 0.8861003859375 0.26729609062500004 0.8007721999999999 0.24451616718750002 0.7627799234375 0.32007601406249997 0.766332046875 0.3681455109375
0 0.072200771875 0.32362813749999997 0.05440154375 0.338763271875 0.0757528953125 0.374361728125 0.098880309375 0.3690335421875 0.130038609375 0.3547864375 0.1095752890625 0.3334350875 0.0944401546875 0.32096404375 0.072200771875 0.32362813749999997
0 0.5620849421874999 0.23019184374999999 0.5415057921875001 0.23351230625000002 0.5282239375 0.2606937734375 0.5435135140625 0.27930381249999997 0.5766795359375 0.2606937734375 0.5620849421874999 0.23019184374999999
0 0.9198455593749999 0.4625084453125 0.8933204640625 0.471118484375 0.8886486484375 0.5062922296875 0.9099227796875 0.514940878125 0.9331274125 0.4950180984375 0.9198455593749999 0.4625084453125
0 0.522509653125 0.5186474421875 0.5125482625 0.54254705625 0.5218532812500001 0.5651339281250001 0.5503861 0.5717748546875 0.5782625484375 0.5505007234375 0.57694980625 0.5246319984375 0.5550579156250001 0.5126628859375 0.522509653125 0.5186474421875
0 0.47671814687499997 0.654747828125 0.47405405468749995 0.6766397203125 0.49598455625 0.70783663125 0.5245173750000001 0.71312620625 0.5251737453125 0.6793038124999999 0.51057915 0.6606937734375 0.47671814687499997 0.654747828125
0 0.2 0.672701496875 0.172586871875 0.672701496875 0.1713899609375 0.7011957046874999 0.190733590625 0.7089949328125 0.21930501875 0.6970258203124999 0.2 0.672701496875
0 0.32852044999999996 0 0.3161003859375 0.0200760140625 0.2988416984375 0.0386474421875 0.31942085 0.064554778125 0.3784942078125 0.0784930015625 0.40239382187499995 0.0672188703125 0.3977220078125 0.0213887546875 0.39544548125 0 0.32852044999999996 0
0 0.53475225625 0 0.5415057921875001 0.013821187500000002 0.5620849421874999 0.01714165 0.5702868953125 0 0.53475225625 0