0 0.32280000000000003 0.47535 0.27195 0.4591 0.23595000000000002 0.508525 0.30372499999999997 0.560775 0.343275 0.54455 0.32280000000000003 0.47535
0 0.90385 0.643325 0.8509 0.6277999999999999 0.8021750000000001 0.66945 0.85655 0.7167749999999999 0.9095000000000001 0.711125 0.90385 0.643325
0 0.8146000000000001 0.4502 0.7913 0.43962500000000004 0.766575 0.467875 0.79835 0.48339999999999994 0.8174250000000001 0.46857499999999996 0.8146000000000001 0.4502
0 0.7275 0.295875 0.6756249999999999 0.323925 0.687 0.42762500000000003 0.7967500000000001 0.42212500000000003 0.8067500000000001 0.349875 0.7905 0.309125 0.7275 0.295875
0 0.6341 0.596025 0.5883499999999999 0.604175 0.5944499999999999 0.657025 0.6473 0.665175 0.6646 0.622475 0.6341 0.596025
0 0.15009999999999998 0.46385 0.1186 0.474025 0.11247499999999999 0.519775 0.148075 0.5269 0.17145 0.47502500000000003 0.15009999999999998 0.46385
0 0.348225 0.6667 0.338325 0.7126 0.37365 0.7365999999999999 0.40752499999999997 0.73095 0.44000000000000006 0.692125 0.404 0.645525 0.348225 0.6667
0 0.28042500000000004 0.645525 0.23170000000000002 0.63775 0.21195 0.680825 0.24725000000000003 0.7006 0.27690000000000003 0.675875 0.28042500000000004 0.645525
0 0.8509 0.96595 0.90385 0.9504250000000001 0.9095000000000001 0.882625 0.85655 0.8769750000000001 0.8021750000000001 0.9243 0.8509 0.96595
0 0.684929575 0 0.6756249999999999 0.084825 0.7275 0.11287499999999999 0.7905 0.09962499999999999 0.8067500000000001 0.058875 0.7986012109375 0 0.684929575 0
0 0.5883499999999999 0.989575 0.6341 0.997725 0.6646 0.971275 0.6473 0.928575 0.5944499999999999 0.936725 0.5883499999999999 0.989575
0 0.338325 0.8811500000000001 0.348225 0.92705 0.404 0.9482250000000001 0.44000000000000006 0.9016249999999999 0.40752499999999997 0.8628 0.37365 0.8571500000000001 0.338325 0.8811500000000001
0 0.23170000000000002 0.9560000000000001 0.28042500000000004 0.9482250000000001 0.27690000000000003 0.9178750000000001 0.24725000000000003 0.89315 0.21195 0.9129250000000001 0.23170000000000002 0.9560000000000001