0 0.92817869375 0.7156894328125001 0.921168384375 0.7235932125 0.9229209624999999 0.7543148625 0.9334364265625 0.7578200171875 0.951890034375 0.7156894328125001 0.92817869375 0.7156894328125001
0 0.6746048109375 0.47531142656250003 0.6605841921875 0.47177190781249995 0.6544329890625 0.5007409796875 0.663230240625 0.5095038656249999 0.68426116875 0.49809493125 0.6746048109375 0.47531142656250003
0 0.41756013750000004 0.553387028125 0.43773195937500003 0.5919780921875 0.4631615125 0.576204896875 0.49037800625 0.5726997421875 0.52281786875 0.5481292953125 0.5272164953125 0.5349677828125 0.5149484531249999 0.5174076453125 0.505292096875 0.5165485390625 0.43333333281249997 0.4945897765625 0.41841924375 0.4805691578125 0.3991065296875 0.46476159843750003 0.36577319531249997 0.4393320453125 0.37807560156250003 0.41476159843750005 0.361408934375 0.39108462187500004 0.345601375 0.41125644375 0.321030928125 0.41125644375 0.345601375 0.44194372812499993 0.3649140890625 0.47091279999999996 0.36841924375 0.49283720000000003 0.3789347078125 0.5253114265625001 0.4079037796875 0.535826890625 0.412268040625 0.5437306703125 0.41756013750000004 0.553387028125
0 0.07910652968750001 0.334005584375 0.06635738906250001 0.37665163281249997 0.0765635734375 0.4001911515625 0.12491408906250001 0.41101589374999997 0.1338144328125 0.37029424375 0.10773195937499999 0.3276481953125 0.07910652968750001 0.334005584375
0 0.7997250859375 0.29950386562500003 0.8054639171875 0.321806271875 0.8245360828124999 0.3249677828125 0.8506529203125 0.3186103953125 0.8391752578125 0.2867890890625 0.8054639171875 0.2836275765625 0.7997250859375 0.29950386562500003
0 0.9420274921875 0.40472723437499997 0.921030928125 0.40472723437499997 0.9159450171874999 0.42318084218749996 0.9375601375 0.4365485390625 0.9452233671875 0.41362757656250004 0.9420274921875 0.40472723437499997
0 0.4109965640625 0.7413939 0.3862542953125 0.7468921828124999 0.38718213125 0.7652083328125 0.4109965640625 0.77345575625 0.42381443281250003 0.7523904640625 0.4109965640625 0.7413939
0 0.642852234375 0.77345575625 0.6162542953125 0.813765034375 0.6373539515625 0.859606959375 0.6767353953125 0.8586791234375 0.7042268046875 0.838507303125 0.6923367703125 0.7743835906250001 0.642852234375 0.77345575625
0 0.751890034375 0.626823453125 0.7344673546875 0.6167547250000001 0.719828178125 0.6387478515625 0.7454639171874999 0.6497444156250001 0.753711340625 0.6378200171875 0.751890034375 0.626823453125
0 0.5044673546875 0.6955519765625 0.48890034375 0.704727234375 0.4925429546875 0.7166516328125 0.5136426109375 0.7212220796875 0.5117869421875 0.6964798109375 0.5044673546875 0.6955519765625
0 0.5731958765625 0.6726653781249999 0.5282817875 0.692802834375 0.536529209375 0.73589561875 0.585120275 0.7276481953125 0.597010309375 0.6845554125 0.5731958765625 0.6726653781249999
0 0.012371134374999999 0.6680605671875 0.04353951875 0.6919093640625 0.0966666671875 0.6864110828125 0.18109965625 0.625826890625 0.13608247499999998 0.5984385734375001 0.1305841921875 0.5654488828125 0.10859106562500001 0.5150365125 0.08384879687499999 0.45548324687499997 0.040790378125 0.43163444999999995 0.01694158125 0.44905713125 0.00962199375 0.49946950156250003 0.00230240625 0.551703178125 0.0031958765625000004 0.5956894328125 0.0031958765625000004 0.6250021484375 0.012371134374999999 0.6680605671875
0 0.3230240546875 0.6213251718749999 0.305601375 0.626823453125 0.306529209375 0.6515657218750001 0.32027491406249997 0.6534213921875 0.34134020625 0.6387478515625 0.3230240546875 0.6213251718749999
0 0.9395992312500001 1 0.9334364265625 0.9859299828125 0.9229209624999999 0.9894351374999999 0.92231826875 1 0.9395992312500001 1
0 0.41374289218750004 1 0.42381443281250003 0.9913595359375 0.4109965640625 0.9702942437500001 0.38718213125 0.9785416671875 0.3862542953125 0.9968578171875 0.400394115625 1 0.41374289218750004 1
0 0.6162542953125 0.929984965625 0.642852234375 0.9702942437500001 0.6923367703125 0.969366409375 0.7042268046875 0.905242696875 0.6767353953125 0.8850708765625 0.6373539515625 0.8841430406249999 0.6162542953125 0.929984965625