0 0.24313043437499998 0.3106150359375 0.2579420296875 0.28412228281249996 0.23147826093749999 0.272470109375 0.2039420296875 0.286238225 0.20921739062500003 0.309542571875 0.24313043437499998 0.3106150359375
0 0.361768115625 0.3063831515625 0.35011594218750003 0.3106150359375 0.3617391296875 0.3286150359375 0.38081159375 0.312730978125 0.361768115625 0.3063831515625
0 0.08318840625 0.56904981875 0.0609275359375 0.5521222828125001 0.04081159375 0.5648179343749999 0.0397391296875 0.5807019921875 0.0598840578125 0.6018903984375 0.08318840625 0.56904981875
0 0.5545217390625 0.920730978125 0.55663768125 0.8794266296875 0.5217101453125 0.8709338765625001 0.5015652171875 0.886817934375 0.52063768125 0.9238903984375 0.5545217390625 0.920730978125
0 0.29411594218750003 0.7866730078125 0.27791304375000003 0.796817934375 0.2900579703125 0.8109918484374999 0.321507246875 0.7998614125 0.29411594218750003 0.7866730078125
0 0.17826087031249999 0.42620923906249997 0.1463768109375 0.421281703125 0.17547826093750002 0.4753106890625 0.1967536234375 0.5199483703125 0.2383478265625 0.524006340625 0.286 0.498644021875 0.31536231875 0.4693976453125 0.330144928125 0.40360054375 0.26318840625 0.388817934375 0.23768115937499998 0.3615715578125 0.18289855 0.36504981875000003 0.20202898593750002 0.394904890625 0.17826087031249999 0.42620923906249997
0 0.8894202906249999 0.2735135875 0.8762608703125 0.26641213750000003 0.8600289859375 0.25018025312500003 0.8336521734375 0.24815126875 0.8001739125 0.238006340625 0.754550725 0.2674266296875 0.7362898546875 0.2877164859375 0.7190434781249999 0.3242092390625 0.7109275359375 0.342470109375 0.7048695656249999 0.3627599640625 0.6957391296875 0.4114266296875 0.7089275359375 0.4296875 0.7373043484374999 0.44287590625 0.7758550718749999 0.46215126875 0.80118840625 0.4682092390625 0.8605797093750001 0.5180932968749999 0.9197101453125001 0.475194746875 0.9434782609375001 0.40447010937499994 0.9304347828124999 0.35432518125 0.9218840578125 0.32522373125000004 0.9066666671875 0.2938034421875 0.8894202906249999 0.2735135875
0 0.5714782609375 0.762904890625 0.576782609375 0.7342961953125 0.5365217390625 0.731136775 0.5195652171875 0.7480643109375 0.5322898546875 0.7734846015625 0.5714782609375 0.762904890625
0 0.701768115625 0.8253976453125 0.719768115625 0.8179773546875 0.72718840625 0.7999773546875 0.7038840578125 0.7915135875 0.695420290625 0.8063251812500001 0.695420290625 0.8126730078125 0.701768115625 0.8253976453125
0 0.471594203125 0.8404121375000001 0.4665217390625 0.8738903984374999 0.49289854999999994 0.8870788046875001 0.5040579703125 0.8607019921875001 0.471594203125 0.8404121375000001
0 0.9255652171875 0.835455615625 0.9277101453125001 0.8121512687499999 0.8916811593749999 0.8058034421875 0.8715652171875 0.8153396734375 0.8683768109375001 0.8375715578125 0.888492753125 0.848180253125 0.8811014500000001 0.87360054375 0.8726086953125 0.8862961953124999 0.8853333328125 0.9021802531249999 0.89063768125 0.9096005437500001 0.9213333328125 0.9180643109375 0.937217390625 0.913832428125 0.9478260875 0.8958324281250001 0.9382898546874999 0.8640643109375 0.9255652171875 0.835455615625
0 0.2566086953125 0.7055425718749999 0.245449275 0.7278324281249999 0.261681159375 0.7420353265624999 0.282956521875 0.718730978125 0.2566086953125 0.7055425718749999
0 0.21971014531250002 0.22273097812499998 0.2187536234375 0.20574547031249998 0.1901739125 0.19939764531249998 0.180579709375 0.211136775 0.195449275 0.23435416718750002 0.21971014531250002 0.22273097812499998
0 0.027043478125 0.8847019921875001 0.045043478125 0.886817934375 0.056695651562500005 0.8709338765625001 0.050347826562499996 0.8518903984374999 0.035507246874999995 0.8455135874999999 0.019623189062499997 0.8603541671875 0.027043478125 0.8847019921875001
0 0.035507246874999995 0.9016585140625001 0.0386956515625 0.9154266296875001 0.049275362499999996 0.9260353265625 0.06515942031250001 0.9260353265625 0.07681159374999999 0.9069628625 0.062 0.8921222828125 0.05139130468749999 0.8878903984375001 0.0429275359375 0.893194746875 0.035507246874999995 0.9016585140625001
0 0.1520289859375 0.780904890625 0.12553623125 0.798904890625 0.12449275312500001 0.8137454703125 0.13718840625 0.8307019921875 0.163681159375 0.8275135875 0.195449275 0.8158614125 0.2102898546875 0.7936295296875 0.20921739062500003 0.7639483703125001 0.18275362343749998 0.7544411234374999 0.1520289859375 0.780904890625
0 0.47298550781250004 0.5267019921875 0.495217390625 0.5309338765625 0.5153333328125 0.5213976453125 0.5174492749999999 0.49916576093750004 0.49628985468750003 0.4832527171875 0.47402898593750004 0.4906730078125 0.46660869531250004 0.49809329687500004 0.47298550781250004 0.5267019921875
0 0.4147246375 0.23435416718750002 0.42742029062500003 0.22270199218750003 0.42000000000000004 0.20681793437499998 0.3988405796875 0.20997735468749998 0.40095652187499997 0.23858605000000002 0.4147246375 0.23435416718750002
0 0.5015652171875 0.972557065625 0.5217101453125 0.9884411234374999 0.55663768125 0.9799483703125 0.5545217390625 0.938644021875 0.52063768125 0.9354846015625 0.5015652171875 0.972557065625
0 0.5019347828125 1 0.5040579703125 0.9986730078124999 0.49289854999999994 0.9722961953124999 0.4665217390625 0.9854846015625001 0.4687210421875 1 0.5019347828125 1
0 0.9362041328125 1 0.9382898546874999 0.9953106890625 0.9478260875 0.9635425718749999 0.937217390625 0.945542571875 0.9213333328125 0.9413106890625 0.89063768125 0.9497744562499999 0.8853333328125 0.9571947468750001 0.8726086953125 0.9730788046875001 0.8811014500000001 0.98577445625 0.885237725 1 0.9362041328125 1
0 0.05284269375 1 0.056695651562500005 0.9884411234374999 0.045043478125 0.972557065625 0.027043478125 0.9746730078124999 0.019623189062499997 0.9990208328125 0.0206712046875 1 0.05284269375 1
0 0.0386956515625 0.9439483703124999 0.035507246874999995 0.9577164859374999 0.0429275359375 0.966180253125 0.05139130468749999 0.9714846015624999 0.062 0.9672527171875 0.07681159374999999 0.9524121375 0.06515942031250001 0.9333396734375 0.049275362499999996 0.9333396734375 0.0386956515625 0.9439483703124999