0 0.325059171875 0.133651996875 0.301301775 0.1296875 0.297869821875 0.1296875 0.28005917187499996 0.145072115625 0.2825739640625 0.1672614640625 0.32316568125 0.1964330625 0.34727810625 0.188178625 0.34662721875 0.158385725 0.325059171875 0.133651996875
0 0.57618343125 0.13110761875000002 0.5538757390625 0.1296875 0.5303846156249999 0.1296875 0.52227810625 0.15456915625 0.5787278109375 0.158385725 0.5882248515625 0.1380898671875 0.57618343125 0.13110761875000002
0 0.8552662718749999 0.5333561390625 0.862130178125 0.5174981515625 0.8557988171875 0.5032377953125 0.8378402359375 0.500604659375 0.8383431953124999 0.523859096875 0.8552662718749999 0.5333561390625
0 0.056035503125 0.8018472640625 0.0591124265625 0.7917289203125 0.054289940625 0.7829123515624999 0.0406213015625 0.780723003125 0.037544378125 0.7965514046875 0.0406213015625 0.8014034765625 0.056035503125 0.8018472640625
0 0.358846153125 0.49421412656249997 0.41917159687499994 0.4819951921875 0.4086686390625 0.43303069531249994 0.3885502953125 0.39806028125 0.3299704140625 0.4067880921875 0.31511834375 0.43388868281250004 0.31511834375 0.49421412656249997 0.358846153125 0.49421412656249997
0 0.7408875734375 0.3342437125 0.775 0.3499833578125 0.79597633125 0.32024962968750004 0.7889940828124999 0.30187684843749996 0.75662721875 0.31323779531249996 0.7408875734375 0.3342437125
0 0.2476331359375 0.60696560625 0.254615384375 0.5885632390625 0.24446745625 0.5727052515625 0.220384615625 0.582231878125 0.19881656875 0.5974389796875 0.2184615390625 0.6126756656250001 0.2476331359375 0.60696560625
0 0.6084615390625 0.6399241859375 0.6274852078125 0.6310484468750001 0.6160650890625 0.618385725 0.5805621296875 0.6126756656250001 0.5748520703125 0.627882765625 0.5862721890625 0.6374093937499999 0.6084615390625 0.6399241859375
0 0.7521597640625 0.8619360203124999 0.7648224859375 0.8562259609374999 0.76292899375 0.8391253703125001 0.7483431953124999 0.8340366124999999 0.743905325 0.8556046593750001 0.7521597640625 0.8619360203124999
0 0.5355917156250001 0.21672892031250002 0.5349704140625 0.1837407546875 0.49946745625 0.1577348375 0.46837278125 0.160279215625 0.44934911250000004 0.17548631718750002 0.4594970421875 0.20276442343749998 0.4880473375 0.22116679062500003 0.5355917156250001 0.21672892031250002
0 0.301301775 0.1296875 0.325059171875 0.125723003125 0.34662721875 0.10098927499999999 0.34727810625 0.071196375 0.32316568125 0.0629419375 0.2825739640625 0.0921135359375 0.28005917187499996 0.114302884375 0.297869821875 0.1296875 0.301301775 0.1296875
0 0.5538757390625 0.1296875 0.57618343125 0.12826738124999998 0.5882248515625 0.1212851328125 0.5787278109375 0.10098927499999999 0.52227810625 0.10480584374999999 0.5303846156249999 0.1296875 0.5538757390625 0.1296875
0 0.0591124265625 0.9469360203124999 0.056035503125 0.9368176781249999 0.0406213015625 0.9372614640625001 0.037544378125 0.9421135359375 0.0406213015625 0.9579419375 0.054289940625 0.9557525890624999 0.0591124265625 0.9469360203124999
0 0.7648224859375 0.8824389796875 0.7521597640625 0.8767289203124999 0.743905325 0.88306028125 0.7483431953124999 0.904628328125 0.76292899375 0.8995395703125 0.7648224859375 0.8824389796875
0 0.5349704140625 0.0756342453125 0.5355917156250001 0.0426460796875 0.4880473375 0.038208209375 0.4594970421875 0.0566105765625 0.44934911250000004 0.0838886828125 0.46837278125 0.099095784375 0.49946745625 0.1016401625 0.5349704140625 0.0756342453125