0 0.8851335312499999 0.5588955859375 0.9163798218749999 0.5559579 0.9300296734375 0.5120706609375001 0.89198813125 0.5169371296875 0.8851335312499999 0.5588955859375
0 0.7300296734375 0.2993703640625 0.7544213656250001 0.298391134375 0.78172106875 0.27399944375 0.7524629078125 0.25741190625 0.7358753703125 0.26815374687500004 0.7300296734375 0.2993703640625
0 0.42454005937500006 0.59162555625 0.4385163203125 0.59162555625 0.441127596875 0.577233865625 0.425845696875 0.5711211046875 0.42454005937500006 0.59162555625
0 0.16409495624999998 0.638806565625 0.1797329375 0.64898460625 0.189554896875 0.62898460625 0.1724629078125 0.620260571875 0.16409495624999998 0.638806565625
0 0.27833827968749997 0.6246225890625 0.3001780421875 0.623524665625 0.3067359046875 0.59951873125 0.2808902078125 0.5904089390625 0.27833827968749997 0.6246225890625
0 0.1113353109375 0.3488362390625 0.12700296718749998 0.349192321875 0.12881305625 0.3335543390625 0.1120771515625 0.32883623906250004 0.1113353109375 0.3488362390625
0 0.0539169140625 0.629132975 0.103679525 0.6447412828125 0.1339169140625 0.590112203125 0.10465875312499999 0.5647412828125 0.063679525 0.59109143125 0.0539169140625 0.629132975
0 0.923248296875 1 0.9163798218749999 0.9779163578125001 0.8851335312499999 0.974978671875 0.889221175 1 0.923248296875 1
0 0.7544213656250001 0.167233865625 0.7300296734375 0.1662546359375 0.7358753703125 0.197471253125 0.7524629078125 0.20821309375000002 0.78172106875 0.19162555625 0.7544213656250001 0.167233865625
0 0.4385163203125 0.9422487015625001 0.42454005937500006 0.9422487015625001 0.425845696875 0.962753153125 0.441127596875 0.9566403937500001 0.4385163203125 0.9422487015625001
0 0.1797329375 0.8848896515625 0.16409495624999998 0.8950676921875 0.1724629078125 0.9136136875 0.189554896875 0.9048896515625 0.1797329375 0.8848896515625
0 0.3001780421875 0.9103495921875 0.27833827968749997 0.90925166875 0.2808902078125 0.9434653187500001 0.3067359046875 0.9343555265625 0.3001780421875 0.9103495921875
0 0.12700296718749998 0.116432678125 0.1113353109375 0.11678876093749999 0.1120771515625 0.1367887609375 0.12881305625 0.1320706609375 0.12700296718749998 0.116432678125
0 0.103679525 0.8891329750000001 0.0539169140625 0.9047412828124999 0.063679525 0.9427828265624999 0.10465875312499999 0.969132975 0.1339169140625 0.9437620546875 0.103679525 0.8891329750000001