0 0.1510697671875 0.527510175 0.1612558140625 0.5241148250000001 0.1666511625 0.522114825 0.1632558140625 0.514626453125 0.156511628125 0.515324128125 0.1524186046875 0.514626453125 0.14837209375 0.5234636625 0.1510697671875 0.527510175
0 0.7621860468749999 0.538347384375 0.7506511625 0.567510175 0.7425581390625 0.5966264531250001 0.741162790625 0.6237427328125 0.77302325625 0.637975290625 0.8252093015625 0.639975290625 0.8672093015625 0.6413241281250001 0.8712558140625 0.63183575625 0.8556744187499999 0.5945799421875 0.8394418609375001 0.5647659890625001 0.8387441859375 0.527510175 0.7987906984375 0.50044040625 0.7750697671875 0.49974273281250003 0.7648837203125 0.511277615625 0.7621860468749999 0.538347384375
0 0.68967441875 0.48011482499999997 0.719488371875 0.49095203437499996 0.741162790625 0.49095203437499996 0.7445581390625 0.4862078484375 0.7439069765624999 0.47671947656249997 0.7140930234375 0.46178924375 0.6815813953125 0.4550450578125 0.6754418609374999 0.47467296562500005 0.68967441875 0.48011482499999997
0 0.4735813953125 0.5051380812499999 0.5 0.5309055234375 0.531162790625 0.5214171515625 0.541302325 0.49364970937499997 0.5433488375 0.46248691875 0.52437209375 0.45639389531249996 0.5047441859374999 0.4414636625 0.47967441875 0.443510175 0.47083720937500007 0.473975290625 0.4735813953125 0.5051380812499999
0 0.220837209375 0.4265799421875 0.22558139531250002 0.44281249999999994 0.24051162812500002 0.45978924374999997 0.252697675 0.4550450578125 0.25674418593750004 0.4252311046875 0.26148837187499996 0.41774273281249996 0.2533953484375 0.412347384375 0.237813953125 0.41913808125 0.2350697671875 0.4238822671875 0.22967441875 0.4136962203125 0.220837209375 0.4265799421875
0 0.20525581406249999 0.5525799421875 0.21409302343749997 0.54648691875 0.2154418609375 0.54244040625 0.21339534843750002 0.5336031984375 0.20051162812499998 0.534952034375 0.1924186046875 0.5410915703125 0.1937674421875 0.5519287796875 0.20525581406249999 0.5525799421875
0 0.156511628125 0.050300871875 0.1632558140625 0.050998546874999995 0.1666511625 0.043510175 0.1612558140625 0.041510174999999996 0.1510697671875 0.038114825000000005 0.14837209375 0.0421613375 0.1524186046875 0.050998546874999995 0.156511628125 0.050300871875
0 0.156511628125 0.9154171515625 0.1632558140625 0.916114825 0.1666511625 0.908626453125 0.1612558140625 0.9066264531250001 0.1510697671875 0.9032311046875 0.14837209375 0.9072776156250001 0.1524186046875 0.916114825 0.156511628125 0.9154171515625
0 0.7513968140625 0 0.7621860468749999 0.027277615625 0.7648837203125 0.054347384374999995 0.7750697671875 0.0658822671875 0.7987906984375 0.06518459374999999 0.8387441859375 0.038114825000000005 0.8394418609375001 0.0008590109375 0.8399095593749999 0 0.7513968140625 0
0 0.7987906984375 0.930300871875 0.8387441859375 0.9032311046875 0.8394418609375001 0.865975290625 0.8556744187499999 0.8361613374999999 0.8712558140625 0.7989055234375 0.8672093015625 0.7894171515624999 0.8252093015625 0.7907659890625001 0.77302325625 0.7927659890625 0.741162790625 0.806998546875 0.7425581390625 0.834114825 0.7506511625 0.8632311046875 0.7621860468749999 0.8923938953125001 0.7648837203125 0.9194636624999999 0.7750697671875 0.9309985468749999 0.7987906984375 0.930300871875
0 0.7140930234375 0.10383575625000001 0.7439069765624999 0.0889055234375 0.7445581390625 0.0794171515625 0.741162790625 0.074672965625 0.719488371875 0.074672965625 0.68967441875 0.085510175 0.6754418609374999 0.090952034375 0.6815813953125 0.1105799421875 0.7140930234375 0.10383575625000001
0 0.7140930234375 0.9689520343750001 0.7439069765624999 0.9540218015624999 0.7445581390625 0.9445334296875 0.741162790625 0.93978924375 0.719488371875 0.93978924375 0.68967441875 0.950626453125 0.6754418609374999 0.9560683140625 0.6815813953125 0.9756962203124999 0.7140930234375 0.9689520343750001
0 0.5047441859374999 0.1241613375 0.52437209375 0.1092311046875 0.5433488375 0.10313808124999999 0.541302325 0.071975290625 0.531162790625 0.0442078484375 0.5 0.034719476562500004 0.4735813953125 0.06048691874999999 0.47083720937500007 0.091649709375 0.47967441875 0.122114825 0.5047441859374999 0.1241613375
0 0.5047441859374999 0.9892776156249999 0.52437209375 0.9743473843749999 0.5433488375 0.9682543609375 0.541302325 0.9370915703125 0.531162790625 0.909324128125 0.5 0.8998357562500001 0.4735813953125 0.9256031984374999 0.47083720937500007 0.9567659890625 0.47967441875 0.9872311046875 0.5047441859374999 0.9892776156249999
0 0.237813953125 0.14648691875 0.2533953484375 0.153277615625 0.26148837187499996 0.1478822671875 0.25674418593750004 0.1403938953125 0.252697675 0.1105799421875 0.24051162812500002 0.10583575625 0.22558139531250002 0.12281249999999999 0.220837209375 0.1390450578125 0.22967441875 0.15192877968750002 0.2350697671875 0.1417427328125 0.237813953125 0.14648691875
0 0.25599631562499997 1 0.252697675 0.9756962203124999 0.24051162812500002 0.970952034375 0.22558139531250002 0.9879287796874999 0.2220534171875 1 0.25599631562499997 1
0 0.20051162812499998 0.030672965625 0.21339534843750002 0.0320218015625 0.2154418609375 0.02318459375 0.21409302343749997 0.01913808125 0.20525581406249999 0.0130450578125 0.1937674421875 0.013696220312499998 0.1924186046875 0.0245334296875 0.20051162812499998 0.030672965625
0 0.20051162812499998 0.89578924375 0.21339534843750002 0.8971380812499999 0.2154418609375 0.8883008718750001 0.21409302343749997 0.8842543609375 0.20525581406249999 0.8781613374999999 0.1937674421875 0.8788125000000001 0.1924186046875 0.889649709375 0.20051162812499998 0.89578924375