0 0.4473755234375 0.4668553453125 0.5272497375 0.3718867921875 0.49917845937500005 0.28985325 0.38477594375 0.279056603125 0.32433569218749997 0.3459748421875 0.341610325 0.430167715625 0.4473755234375 0.4668553453125
0 0.5682560265625 0.25964360625 0.5984656703125 0.298490565625 0.684817871875 0.30712788281250003 0.7236648328124999 0.276897275 0.734461478125 0.25316561875 0.7258241609375 0.13660377343750002 0.66970256875 0.12796645625 0.6071029875 0.14092243124999998 0.5941470125 0.20781970625 0.5682560265625 0.25964360625
0 0.3567046640625 0.6179454921875001 0.3696606390625 0.6287421390625 0.3739792984375 0.6568134171875 0.4020505765625 0.6654297687499999 0.42362290312499995 0.6503354296875 0.43873820781250006 0.6093081765624999 0.4408975359375 0.5920545078125 0.449534853125 0.5553459125 0.4408975359375 0.5359329140625 0.4085285640625 0.520817609375 0.3480883125 0.53809224375 0.3308136796875 0.563983228125 0.3567046640625 0.6179454921875001
0 0.4556145171875 0.6398742140625 0.46343422500000003 0.6398742140625 0.4720925046875 0.6285953875 0.47297300781249996 0.6069182390625001 0.46343422500000003 0.5904402515625 0.4538744765625 0.588700209375 0.446935271875 0.607777778125 0.446935271875 0.6372746328125001 0.4556145171875 0.6398742140625
0 0.3844824421875 0.8081761000000001 0.40270047187499997 0.76654088125 0.389681603125 0.7422431859375 0.3584656703125 0.7335639406250001 0.345446803125 0.7786792453125 0.3575851671875 0.802955975 0.3844824421875 0.8081761000000001
0 0.2994719609375 0.96865828125 0.3211700734375 0.9712578609375001 0.3818828609375 0.9599790359375 0.40096042968749995 0.9296226421875 0.4044405140625 0.8793081765625 0.367144915625 0.85415094375 0.3419876828125 0.8324528296875 0.31423087031249997 0.8367924531250001 0.26997510468749997 0.8576100625 0.269115565625 0.90880503125 0.2994719609375 0.96865828125
0 0.7311071796874999 0.8812997906250001 0.7481721703125 0.8642348015625 0.733622903125 0.8441509437500001 0.709031709375 0.8546960171875 0.702490828125 0.870251571875 0.7120296125000001 0.8812997906250001 0.7311071796874999 0.8812997906250001
0 0.7356354828125 0.6739622640625 0.725090409375 0.6629350109375001 0.7130359015625001 0.678490565625 0.72056210625 0.69907756875 0.7386333859375 0.6805031453125 0.7356354828125 0.6739622640625
0 0 0.42657939375 0.0338744765625 0.4668553453125 0.13963967500000002 0.430167715625 0.1569143078125 0.3459748421875 0.09647405625 0.279056603125 0 0.288161265625 0 0.42657939375
0 0.8429939734375 0.12796645625 0.7868723796875 0.13660377343750002 0.7782350625000001 0.25316561875 0.789031709375 0.276897275 0.82787866875 0.30712788281250003 0.9142308703124999 0.298490565625 0.9444405140625 0.25964360625 0.918549528125 0.20781970625 0.905593553125 0.14092243124999998 0.8429939734375 0.12796645625
0 0.0727214359375 0.520817609375 0.040352464062499996 0.5359329140625 0.031715146875 0.5553459125 0.040352464062499996 0.5920545078125 0.0425117921875 0.6093081765624999 0.05762709687499999 0.6503354296875 0.0791994234375 0.6654297687499999 0.1072707015625 0.6568134171875 0.1115893609375 0.6287421390625 0.12454533593749999 0.6179454921875001 0.1504363203125 0.563983228125 0.1331616875 0.53809224375 0.0727214359375 0.520817609375
0 0.0273755234375 0.588700209375 0.017815775 0.5904402515625 0.0082769921875 0.6069182390625001 0.0091574953125 0.6285953875 0.017815775 0.6398742140625 0.0256354828125 0.6398742140625 0.034314728125 0.6372746328125001 0.034314728125 0.607777778125 0.0273755234375 0.588700209375
0 0.1227843296875 0.7335639406250001 0.091568396875 0.7422431859375 0.078549528125 0.76654088125 0.0967675578125 0.8081761000000001 0.1236648328125 0.802955975 0.135803196875 0.7786792453125 0.1227843296875 0.7335639406250001
0 0.1670191296875 0.8367924531250001 0.13926231718749998 0.8324528296875 0.114105084375 0.85415094375 0.0768094859375 0.8793081765625 0.0802895703125 0.9296226421875 0.0993671390625 0.9599790359375 0.1600799265625 0.9712578609375001 0.1817780390625 0.96865828125 0.212134434375 0.90880503125 0.21127489531250002 0.8576100625 0.1670191296875 0.8367924531250001
0 0.8036648328125 0.8546960171875 0.7790736375 0.8441509437500001 0.7645243703125 0.8642348015625 0.7815893609375 0.8812997906250001 0.800666928125 0.8812997906250001 0.8102057125 0.870251571875 0.8036648328125 0.8546960171875
0 0.7996606390625 0.678490565625 0.7876061328125 0.6629350109375001 0.777061059375 0.6739622640625 0.7740631546875 0.6805031453125 0.7921344343750001 0.69907756875 0.7996606390625 0.678490565625