0 0.425524625 0.654702890625 0.45837259062499996 0.66720824375 0.46226980781250004 0.6273153109375 0.4403854390625 0.6281076015625 0.425524625 0.654702890625
0 0.1525481796875 0.5639748390625 0.1744539609375 0.5764801921875 0.19087794375 0.5436322265625 0.1635117765625 0.5436322265625 0.1525481796875 0.5639748390625
0 0.14640257031249998 0.476951284375 0.1589935765625 0.47217612343750004 0.1594218421875 0.461769271875 0.140770878125 0.46134100624999996 0.1359957171875 0.46958511718749996 0.14640257031249998 0.476951284375
0 0.3122912203125 0.37969218437499996 0.319892934375 0.38583779375 0.326124196875 0.3768870453125 0.319892934375 0.3713838328125 0.3144539609375 0.3720904703125 0.3122912203125 0.37969218437499996
0 0.6377516062499999 0.1768870453125 0.6323126343750001 0.1690497859375 0.6208779437499999 0.1690497859375 0.6148393999999999 0.1714480734375 0.6169593140625 0.17928533124999999 0.6229764453125 0.20611616718749998 0.6407494640625 0.22328961406249997 0.6543040687499999 0.2211697 0.64948608125 0.206415953125 0.6377516062499999 0.1768870453125
0 0.604903640625 0.2287071734375 0.6112205562499999 0.225388115625 0.608522484375 0.20581638125 0.5904282656250001 0.185923446875 0.5871306203125 0.195559421875 0.59104925 0.21303265468750002 0.604903640625 0.2287071734375
0 0.85053533125 0.24545235468749999 0.8541327624999999 0.234338865625 0.8423982875 0.2219834046875 0.8258244109374999 0.216266059375 0.8219057812499999 0.21716541718750001 0.8203854390625 0.22740096406250002 0.8351606 0.24639453906250003 0.85053533125 0.24545235468749999
0 0.9624839406250001 0.7441247328125 0.9682226984375 0.7426258031249999 0.9658029984375001 0.7275508562499999 0.952847965625 0.72875 0.9519486078125 0.737786403125 0.9624839406250001 0.7441247328125
0 0.3321841546875 0.5363517125 0.343383296875 0.5363517125 0.3448394 0.5287714125 0.335438971875 0.5200990359375 0.32892933593749996 0.52442451875 0.3321841546875 0.5363517125
0 0.7061884375 0.350227515625 0.7145396140625 0.3495851171875 0.7179657390624999 0.338664346875 0.7055460390625 0.33652301875 0.69912205625 0.3420904703125 0.7061884375 0.350227515625
0 0.340085653125 0.6728399359375 0.35970021406249997 0.66581638125 0.3589721625 0.6528613484375 0.32862955 0.65581638125 0.327516059375 0.664702890625 0.340085653125 0.6728399359375
0 0.7415631687500001 0.7294566375 0.759314775 0.72650160625 0.7619057812500001 0.7083645609375 0.7430406859375001 0.709114025 0.7330620984375 0.71650160625 0.7415631687500001 0.7294566375
0 0.262055675 0.7297778375 0.305074946875 0.738385975 0.3207066375 0.7094566375 0.27379015 0.7055380078125 0.262055675 0.7297778375
0 0.6323126343750001 0.1684502140625 0.6377516062499999 0.1606129546875 0.64948608125 0.131084046875 0.6543040687499999 0.1163303 0.6407494640625 0.11421038593749999 0.6229764453125 0.1313838328125 0.6169593140625 0.15821466875 0.6148393999999999 0.1660519265625 0.6208779437499999 0.1684502140625 0.6323126343750001 0.1684502140625
0 0.6112205562499999 0.112111884375 0.604903640625 0.1087928265625 0.59104925 0.1244673453125 0.5871306203125 0.141940578125 0.5904282656250001 0.151576553125 0.608522484375 0.13168361875 0.6112205562499999 0.112111884375
0 0.8541327624999999 0.103161134375 0.85053533125 0.09204764531250001 0.8351606 0.09110546093750001 0.8203854390625 0.11009903593749999 0.8219057812499999 0.12033458281250001 0.8258244109374999 0.121233940625 0.8423982875 0.1155165953125 0.8541327624999999 0.103161134375
0 0.9682226984375 0.9182146687499999 0.9624839406250001 0.9167157390625 0.9519486078125 0.92305406875 0.952847965625 0.9320904703125 0.9658029984375001 0.9332896140625 0.9682226984375 0.9182146687499999
0 0.3594205765625 1 0.35970021406249997 0.9950240906250001 0.340085653125 0.9880005359374999 0.327516059375 0.9961375796875 0.32800002500000003 1 0.3594205765625 1
0 0.759314775 0.9343388656249999 0.7415631687500001 0.9313838328124999 0.7330620984375 0.944338865625 0.7430406859375001 0.9517264453125 0.7619057812500001 0.9524759093749999 0.759314775 0.9343388656249999
0 0.305074946875 0.9224544968749999 0.262055675 0.931062634375 0.27379015 0.9553024625000001 0.3207066375 0.9513838328125 0.305074946875 0.9224544968749999