0 0.38955555625 0.504484721875 0.35195555624999997 0.4962625 0.35746666718750003 0.5319958328125 0.38035555625 0.5613291671875 0.404222221875 0.5393291671875 0.38955555625 0.504484721875
0 0.02844444375 0.4195958328125 0.013777778125000001 0.40950694375 0.0046222218750000005 0.4241736109375 0.01275555625 0.4415958328125 0.026533332812499998 0.4305736109375 0.02844444375 0.4195958328125
0 0.28813333281250003 0.34470694375 0.2332888890625 0.34675138906249997 0.24155555624999997 0.38817361093749997 0.2798666671875 0.3757291671875 0.28813333281250003 0.34470694375
0 0.568622221875 0.33639583281249996 0.485822221875 0.32710694375 0.4827111109375 0.386084721875 0.5416888890625 0.3891958328125 0.568622221875 0.33639583281249996
0 0.143777778125 0.2485736109375 0.1216 0.24781805625 0.11777777812500001 0.26919583281250004 0.1284888890625 0.284484721875 0.1445333328125 0.2737736109375 0.143777778125 0.2485736109375
0 0.10164444375 0.084884721875 0.10382222187500001 0.11679583281249999 0.1137333328125 0.1729291671875 0.1610666671875 0.1795513890625 0.19075555625 0.13332916718750001 0.21826666718749999 0.08270694375 0.1874666671875 0.0683958328125 0.12915555625 0.06950694375000001 0.10164444375 0.084884721875
0 0.3657333328125 0.1773291671875 0.342622221875 0.1795513890625 0.3392888890625 0.1982625 0.360222221875 0.21146250000000003 0.369022221875 0.18941805625000002 0.3657333328125 0.1773291671875
0 0.5560888890625 0.15861805625 0.5450666671875 0.200440278125 0.55275555625 0.2543513890625 0.643022221875 0.26866249999999997 0.6881333328125 0.200440278125 0.6892 0.16084027812499999 0.6716 0.13550694375 0.6408 0.13004027812500002 0.5934666671875 0.13221805625 0.5560888890625 0.15861805625
0 0.83115555625 0.3093736109375 0.7893333328125001 0.314884721875 0.79484444375 0.3621736109375 0.8410666671874999 0.367684721875 0.8487555562500001 0.3258625 0.83115555625 0.3093736109375
0 0.9148 0.5481291671874999 0.8916888890625 0.5151513890625 0.85315555625 0.536040278125 0.8928 0.5745736109374999 0.9148 0.5481291671874999
0 0.280977778125 0.854040278125 0.3184 0.902440278125 0.41413333281250003 0.906840278125 0.49226666718749995 0.898040278125 0.5285777781250001 0.7913291671875 0.5296888890625 0.7659958328124999 0.52524444375 0.734084721875 0.5142666671875 0.6955958328125 0.5362666671875 0.6559958328125 0.519777778125 0.628484721875 0.4878666671875 0.641684721875 0.452622221875 0.6559958328125 0.42515555625 0.6658625 0.4009333328125 0.6867958328125 0.39431111093750004 0.6658625 0.3855111109375 0.6086625 0.3448 0.6273736109375 0.3019111109375 0.6702625 0.254577778125 0.77590694375 0.280977778125 0.854040278125
0 0.43079999999999996 0.5915958328124999 0.395022221875 0.5879513890625 0.3968888890625 0.6154625 0.428977778125 0.6291958328125 0.43995555625 0.6062624999999999 0.43079999999999996 0.5915958328124999
0 0.105626359375 0 0.10382222187500001 0.01021805625 0.10164444375 0.0421291671875 0.12915555625 0.05750694375 0.1874666671875 0.058618056249999995 0.21826666718749999 0.04430694375 0.1941876515625 0 0.105626359375 0