0 0.49834608906250005 0.7485034015625 0.49045493125000006 0.7634013609375 0.48824404687499995 0.77482993125 0.508005953125 0.7844557828125 0.5417814625 0.7906122453125 0.57773384375 0.7906122453125 0.6110671765625 0.7866666671875 0.6242304421875 0.773945578125 0.590897109375 0.750272109375 0.5641284015625 0.7353401359375 0.5382440468749999 0.7305102046874999 0.5163392859375 0.7327210890625 0.49834608906250005 0.7485034015625
0 0.6930739796875 0.792380953125 0.7084481296875 0.7857823125000001 0.717631803125 0.76517006875 0.6952848640625 0.7555102046875 0.6821215984375 0.77789115625 0.6930739796875 0.792380953125
0 0.739570578125 0.741054421875 0.7518494890625 0.7292176875 0.7465773812500001 0.7138435375000001 0.73389030625 0.7077210890625001 0.71545493125 0.7138435375000001 0.722461734375 0.7357823125 0.739570578125 0.741054421875
0 0.3419175171875 0.6115646265625 0.32735969374999996 0.58520408125 0.309162415625 0.5560884359375 0.2728018703125 0.55520408125 0.24096513593750002 0.59248299375 0.259162415625 0.61248299375 0.2800807828125 0.634319728125 0.3137202375 0.6434013609375 0.3400807828125 0.6334013609375 0.3419175171875 0.6115646265625
0 0.7304209187499999 0.8680272109375 0.7241284015625 0.8401360546875001 0.6898767 0.798741496875 0.6236181968750001 0.79251700625 0.5668154765625 0.8608843531250001 0.601509353125 0.8996598640625001 0.6638562921875 0.89095238125 0.7304209187499999 0.8680272109375
0 0.756679421875 0.8586054421875 0.7584481296875001 0.8485034015625 0.7518494890625 0.8410544218749999 0.7400127546874999 0.841938775 0.73079506875 0.8436734687499999 0.73389030625 0.8559523812500001 0.7452848640624999 0.8612244890625 0.756679421875 0.8586054421875
0 0.5741964281249999 0.40772108906250004 0.5871215984375 0.3883333328125 0.58235969375 0.352619046875 0.5320195578125 0.3614965984375 0.52045493125 0.3825510203125 0.52929846875 0.40295918437499995 0.5483460890625 0.41282312968749996 0.5741964281249999 0.40772108906250004
0 0.35195153125 0.137789115625 0.3819175171875 0.116054421875 0.3824957484375 0.059047618749999996 0.332563775 0.0513945578125 0.3149107140625 0.07666666718750001 0.31610119062500003 0.095476190625 0.3249107140625 0.13074829999999998 0.35195153125 0.137789115625
0 0.46528486406249997 0.7692176875000001 0.47474064687500006 0.7717006796875 0.4794685375 0.7230952375 0.4499107140625 0.726632653125 0.46528486406249997 0.7692176875000001
0 0.19814200625 0.6356462578125 0.2217814625 0.6215646265625 0.2028698984375 0.5564285718749999 0.161475340625 0.5315986390624999 0.16504676875 0.6320748296875001 0.19814200625 0.6356462578125
0 0.6768494890625 0.4335034015625 0.7111352046875 0.46778911562500003 0.726509353125 0.45489795937500005 0.7194005109375 0.40632653124999996 0.6721215984375 0.398061225 0.6768494890625 0.4335034015625
0 0.6414073124999999 0.2892857140625 0.64967261875 0.3188435375 0.68157738125 0.302312925 0.661475340625 0.2705102046875 0.6414073124999999 0.2892857140625
0 0.3931760203125 0.19826530625 0.420352890625 0.24687074843749998 0.44518282343750004 0.2242857140625 0.4014413265625 0.168741496875 0.3931760203125 0.19826530625
0 0.9728018703125001 0.7857823125000001 0.9881760203125 0.792380953125 0.9991284015625 0.77789115625 0.9859651359375 0.7555102046875 0.9636181968749999 0.76517006875 0.9728018703125001 0.7857823125000001
0 0.9294005109375 0.7292176875 0.9416794218750001 0.741054421875 0.9587882656250001 0.7357823125 0.96579506875 0.7138435375000001 0.94735969375 0.7077210890625001 0.93467261875 0.7138435375000001 0.9294005109375 0.7292176875
0 0 0.6407513609375 0.006985543750000001 0.6434013609375 0.040625 0.634319728125 0.061543367187499996 0.61248299375 0.079740646875 0.59248299375 0.0479039109375 0.55520408125 0.0115433671875 0.5560884359375 0 0.5745578234375001 0 0.6407513609375
0 1 0.7979310828124999 0.9913733 0.798741496875 0.9571215984375 0.8401360546875001 0.95082908125 0.8680272109375 1 0.88496190625 1 0.7979310828124999
0 0.9228018703125 0.8485034015625 0.9245705781250001 0.8586054421875 0.9359651359375001 0.8612244890625 0.94735969375 0.8559523812500001 0.95045493125 0.8436734687499999 0.9412372453125 0.841938775 0.9294005109375 0.8410544218749999 0.9228018703125 0.8485034015625
0 0.09892432031250001 0.6215646265625 0.122563775 0.6356462578125 0.1556590140625 0.6320748296875001 0.1592304421875 0.5315986390624999 0.117835884375 0.5564285718749999 0.09892432031250001 0.6215646265625
0 1 0.399657053125 0.9618494890625 0.40632653124999996 0.9547406468749999 0.45489795937500005 0.9701147953125 0.46778911562500003 1 0.43790391250000005 1 0.399657053125