0 0.712793971875 0.5679446640625 0.6642959484375 0.5738339921875 0.6678532609375 0.6424110671875 0.735244565625 0.622292490625 0.712793971875 0.5679446640625
0 0.3784066203125 0.44695652187499996 0.3537030625 0.46177865625000003 0.36358448593750003 0.49138339843749995 0.3969441703125 0.50252964375 0.41050148281250004 0.46794466406249996 0.3784066203125 0.44695652187499996
0 0.1055607703125 0.801264821875 0.0993947625 0.8272727265625001 0.11050148281250001 0.8568379453125001 0.1228334984375 0.8531225296875 0.13259634375 0.82608695625 0.119157609375 0.801264821875 0.1055607703125 0.801264821875
0 0.1080508890625 0.9099209484375 0.085797925 0.9235177859375 0.104335475 0.958063240625 0.11789278593750001 0.9518972328125 0.13765563281249998 0.9259683796875 0.1080508890625 0.9099209484375
0 0.7672999015624999 0.733359684375 0.7635844859375001 0.7420158109375 0.7672999015624999 0.7531225296875 0.773465909375 0.7531225296875 0.789513340625 0.74324110625 0.7821220359375001 0.7321343875 0.7672999015624999 0.733359684375
0 0.7154421937500001 0.7271936765625 0.714216896875 0.7420158109375 0.7277742093749999 0.7531225296875 0.7376556328125 0.7494071140624999 0.7388809281250001 0.72968379375 0.730264328125 0.7222529640625 0.7154421937500001 0.7271936765625
0 0.5472999015625 0.43909090937500006 0.5271813234375 0.43671936718750004 0.514177371875 0.46035573125000007 0.55473073125 0.46126482187500006 0.5472999015625 0.43909090937500006
0 0.6749678859375 0.3693675890625 0.6371417984375001 0.3764426875 0.6300271734375 0.4000790515625 0.6772999015625001 0.408379446875 0.6749678859375 0.3693675890625
0 0.830975790625 0.07031620625 0.789592390625 0.060830039062499994 0.787260375 0.09747035625 0.8144145249999999 0.1022134390625 0.830975790625 0.07031620625
0 0.384177371875 0.183754940625 0.36291255 0.144782609375 0.34042243125 0.1731225296875 0.3593552375 0.19324110625 0.384177371875 0.183754940625
0 0.43971096875000004 0.183754940625 0.42200345781250004 0.156600790625 0.395995553125 0.15893280625 0.399552865625 0.19324110625 0.43971096875000004 0.183754940625
0 0.16196393281250002 0.0395652171875 0.14065958437499998 0.015928853125 0.0993157109375 0.036007904687499995 0.12295207500000001 0.0773913046875 0.16196393281250002 0.0395652171875
0 0.293149703125 0.3327272734375 0.2635844859375 0.29608695625000003 0.24587697656250002 0.3102371546875 0.2612524703125 0.35162055312499996 0.30026432812500004 0.36106719374999996 0.293149703125 0.3327272734375
0 0.46690464374999996 0.5833201578125 0.42081768750000004 0.5407509875 0.4160746046875 0.5856521734375 0.433821640625 0.62466403125 0.49291254999999995 0.6364822140624999 0.46690464374999996 0.5833201578125
0 0.594572628125 0.7700790515625 0.5922010875 0.7416996046875 0.5496714421875 0.7286956515624999 0.5508176875 0.7842292484375 0.594572628125 0.7700790515625
0 0.6548493078125001 0.8244268781249999 0.6052050390625 0.8244268781249999 0.5650074109375 0.8409881421875 0.582754446875 0.9130830046874999 0.6394738140625 0.923715415625 0.6808572140625 0.9095256921875 0.6832287546875 0.8575494078125001 0.6548493078125001 0.8244268781249999
0 0.0693552375 0.8272727265625001 0.0631892296875 0.801264821875 0.049592390624999996 0.801264821875 0.03615365625 0.82608695625 0.0459165015625 0.8531225296875 0.0582485171875 0.8568379453125001 0.0693552375 0.8272727265625001
0 0.082952075 0.9235177859375 0.0606991109375 0.9099209484375 0.0310943671875 0.9259683796875 0.0508572140625 0.9518972328125 0.064414525 0.958063240625 0.082952075 0.9235177859375
0 0.028090415624999997 0.015928853125 0.0067860671875 0.0395652171875 0.045797925 0.0773913046875 0.0694342890625 0.036007904687499995 0.028090415624999997 0.015928853125