0 0.774775725 0.36305821250000003 0.7621108171875 0.3680714046875 0.7594722953125 0.381791721875 0.7718733515625 0.3868049140625 0.7858575203125 0.3736123015625 0.774775725 0.36305821250000003
0 0.4461477578125 0.65384976875 0.44197889218749997 0.6236386875 0.38155672812499997 0.63197641875 0.38572559375000004 0.688229715625 0.4461477578125 0.65384976875
0 0.320105540625 0.50907404375 0.3169656984375 0.49968090312499996 0.28883905 0.4872006921875 0.2867546171875 0.5111584765625 0.320105540625 0.50907404375
0 0.6794722953125001 0.48094739375 0.661767809375 0.44656744687499994 0.6180211078125 0.45698961093749996 0.6440633250000001 0.4913431734375 0.6794722953125001 0.48094739375
0 0.7770448546875001 0.2648787921875 0.7546174140625 0.26751731562500003 0.72116095 0.29656744687500003 0.7721899734375001 0.35384976875 0.8087071234375 0.3147468671875 0.8443271765624999 0.2965410625 0.7770448546875001 0.2648787921875
0 0.024274406249999998 0.63197641875 0.06488126718750001 0.6569896109375 0.0788918203125 0.670419690625 0.151187334375 0.6799183703125 0.1965699203125 0.6941663921875 0.2266490765625 0.639285125 0.21160949843750002 0.5936386875 0.2503166234375 0.5205252312499999 0.2107124015625 0.49968090312499996 0.198232190625 0.48094739375 0.1148812671875 0.4872006921875 0.094063325 0.5007363125000001 0.0409234828125 0.516356365625 0.0263588390625 0.5475964703125 0.005514512500000001 0.619469821875 0.024274406249999998 0.63197641875
0 0.785329815625 0.43139594375 0.772137203125 0.44247773749999997 0.7776780999999999 0.4606835421875 0.791926121875 0.4567257578125 0.7966754625 0.443533146875 0.785329815625 0.43139594375
0 0.6972031656250001 0.382583278125 0.7008707125 0.40094739375 0.7139841687499999 0.42297905625 0.73862796875 0.44342760625000005 0.746490765625 0.44028776406250003 0.7449076515625 0.433453990625 0.7260422156249999 0.40355953125 0.7118733515625 0.38102654999999996 0.6972031656250001 0.382583278125
0 0.865039578125 0.2964882921875 0.8566490765625 0.3127415890625 0.8592875984375 0.325855046875 0.8776253296875 0.3269104546875 0.884459103125 0.3153537265625 0.8818205812500001 0.30646190624999997 0.865039578125 0.2964882921875
0 0.6158575203125001 0.9246413265625 0.604775725 0.9259605875 0.6055672828125 0.9404724609375 0.6163852249999999 0.94152786875 0.622717678125 0.9346677109374999 0.6158575203125001 0.9246413265625
0 0.604775725 0.9584144125 0.6158575203125001 0.9597336734375 0.622717678125 0.9497072890625 0.6163852249999999 0.94284713125 0.6055672828125 0.9439025390625 0.604775725 0.9584144125