0 0.59511278125 0.4019572375 0.572606515625 0.46709508125 0.6282706765625 0.540553728125 0.71593985 0.5322579890625 0.713558896875 0.438674028125 0.6827568921875 0.37707001875 0.6306516296875 0.37115523125 0.59511278125 0.4019572375
0 0.8782205515625 0.62701989375 0.8426817046874999 0.6412304203125 0.8628070171875001 0.7028344296875 0.924411028125 0.707571271875 0.925588971875 0.6495261593749999 0.8782205515625 0.62701989375
0 0.385438596875 0.3912805453125 0.36293233125 0.41260886562500004 0.370050125 0.4327592421875 0.38899749375 0.44458881562499997 0.402030075 0.4232604953125 0.39964912343750003 0.39366149687499996 0.385438596875 0.3912805453125
0 0.10942355937499999 0.44102991874999997 0.105889725 0.46947603437499996 0.1141604015625 0.48960134687499995 0.17102756875 0.49080435468749994 0.174586465625 0.44458881562499997 0.1662907265625 0.43629307656250005 0.129573934375 0.4268193921875 0.10942355937499999 0.44102991874999997
0 0.1556641609375 0.4093005953125 0.14711779375 0.406543703125 0.14310776875 0.4169196421875 0.1533333328125 0.4198770359375 0.1556641609375 0.4093005953125
0 0.1507017546875 0.3917817984375 0.14375939843750002 0.3954158828125 0.14606516249999998 0.4007041046875 0.1536842109375 0.4033607453125 0.1586466171875 0.3997266609375 0.157969925 0.3934359328125 0.1507017546875 0.3917817984375
0 0.15203007500000001 0.3822078640625 0.14706766875 0.385516134375 0.14706766875 0.389476034375 0.15433583906249998 0.391455984375 0.159949875 0.3908043546875 0.1602756890625 0.3838619984375 0.15203007500000001 0.3822078640625
0 0.7082843828125001 1 0.713558896875 0.989450971875 0.71593985 0.8958670109375 0.6282706765625 0.887571271875 0.572606515625 0.9610299187500001 0.5860713609375 1 0.7082843828125001 1
0 0.572606515625 0.1088995921875 0.59511278125 0.1740374375 0.6306516296875 0.2048394421875 0.6827568921875 0.1989246546875 0.713558896875 0.1373206453125 0.71593985 0.043736685937500006 0.6282706765625 0.035440946875000004 0.572606515625 0.1088995921875
0 0.8426817046874999 0.7868945796875 0.8782205515625 0.80110510625 0.925588971875 0.7785988406250001 0.924411028125 0.720553728125 0.8628070171875001 0.7252905703125 0.8426817046874999 0.7868945796875
0 0.39905763906249997 1 0.38899749375 0.983536184375 0.370050125 0.9953657578125 0.3684131546875 1 0.39905763906249997 1
0 0.36293233125 0.1633858078125 0.385438596875 0.1847141296875 0.39964912343750003 0.1823331765625 0.402030075 0.1527341796875 0.38899749375 0.1314058578125 0.370050125 0.1432354328125 0.36293233125 0.1633858078125
0 0.134634028125 1 0.1662907265625 0.9918319234374999 0.174586465625 0.983536184375 0.17102756875 0.9373206453125 0.1141604015625 0.938523653125 0.105889725 0.958648965625 0.10942355937499999 0.98709508125 0.127722596875 1 0.134634028125 1
0 0.105889725 0.10651864062500001 0.10942355937499999 0.13496475624999998 0.129573934375 0.14917528124999999 0.1662907265625 0.13970159843750002 0.174586465625 0.1314058578125 0.17102756875 0.0851903203125 0.1141604015625 0.0863933265625 0.105889725 0.10651864062500001
0 0.14711779375 0.169450971875 0.1556641609375 0.1666940796875 0.1533333328125 0.15611763750000002 0.14310776875 0.15907503125 0.14711779375 0.169450971875
0 0.14375939843750002 0.18057879062499999 0.1507017546875 0.18421287656250002 0.157969925 0.182558740625 0.1586466171875 0.17626801406249998 0.1536842109375 0.172633928125 0.14606516249999998 0.1752905703125 0.14375939843750002 0.18057879062499999
0 0.14706766875 0.190478540625 0.15203007500000001 0.1937868109375 0.1602756890625 0.192132675 0.159949875 0.1851903203125 0.15433583906249998 0.184538690625 0.14706766875 0.186518640625 0.14706766875 0.190478540625