0 0.198140703125 0.597435615625 0.23017587968750003 0.5950738062500001 0.22072864375 0.56203360625 0.19610552812499998 0.55258636875 0.18396985 0.563717021875 0.18665829218750002 0.5893451640625 0.198140703125 0.597435615625
0 0.116859296875 0.6028125 0.13304020156250002 0.60080245 0.1397989953125 0.5852999375 0.12326633125 0.5728125000000001 0.10371859218749999 0.5876617468750001 0.10336683437500001 0.5954004390625001 0.116859296875 0.6028125
0 0.08442211093749999 0.55655621875 0.0864321609375 0.5487672734375 0.0818090453125 0.5450486812500001 0.07562814062499999 0.5501240578125 0.077889446875 0.5568577265625 0.08442211093749999 0.55655621875
0 0.315 0.2609029515625 0.3283417078125 0.2693954140625 0.3445226125 0.2783150125 0.3639447234375 0.264948178125 0.3639447234375 0.24228486249999998 0.35100502499999997 0.2345964203125 0.32065326562499996 0.24798837968749998 0.315 0.2609029515625
0 0.272110553125 0.3984908921875 0.2615829140625 0.42236023906250003 0.2555025125 0.4361290828125 0.25793969843750003 0.4393451640625 0.26278894531249997 0.4502748109375 0.2919346734375 0.44788787656249995 0.30731155781249997 0.44381752499999993 0.31256281406249997 0.4276114953125 0.300025125 0.4073853640625 0.28625628125 0.39650596718750003 0.272110553125 0.3984908921875
0 0.2729145734375 0.38678235 0.274120603125 0.3737924 0.25874371875 0.3701491828125 0.250653265625 0.3814808421875 0.262386934375 0.397686871875 0.2729145734375 0.38678235
0 0.24075376875 0.42821450937499994 0.21899497499999998 0.4158778265625 0.1849497484375 0.422410490625 0.1487185921875 0.4340185296875 0.136381909375 0.46806375625 0.1537939703125 0.5376366203125 0.1784170859375 0.557913003125 0.2095728640625 0.5383652640625 0.2494472359375 0.5173351125 0.27479899531249996 0.48906878125000003 0.2682914578125 0.4557521984375 0.24075376875 0.42821450937499994
0 0.8841708546874999 0.3510285796875 0.8790703515624999 0.3389934046875 0.8697989953124999 0.338440640625 0.866984925 0.3463049625 0.8709296484375001 0.35276224843750004 0.8841708546874999 0.3510285796875
0 0.8363567843749999 0.33957129375 0.8456281406249999 0.3392949125 0.8473115578125 0.3283150125 0.84226130625 0.32467179687500003 0.8332663312499999 0.3288929015625 0.8324120609375001 0.33029993750000003 0.8363567843749999 0.33957129375
0 0.315 0.12859139375 0.32065326562499996 0.1415059671875 0.35100502499999997 0.1548979265625 0.3639447234375 0.147209484375 0.3639447234375 0.12454616874999999 0.3445226125 0.11117933437500001 0.3283417078125 0.12009893281249999 0.315 0.12859139375
0 0.25645529218749996 0 0.250653265625 0.0080135046875 0.25874371875 0.0193451640625 0.274120603125 0.015701946875 0.2729145734375 0.002711996875 0.27029630937500004 0 0.25645529218749996 0
0 0.866984925 0.043189384375 0.8697989953124999 0.05105370625 0.8790703515624999 0.050500942187499995 0.8841708546874999 0.038465765624999995 0.8709296484375001 0.0367320984375 0.866984925 0.043189384375
0 0.8324120609375001 0.059194409375 0.8332663312499999 0.0606014453125 0.84226130625 0.06482255 0.8473115578125 0.061179334375000005 0.8456281406249999 0.050199434375 0.8363567843749999 0.049923053125 0.8324120609375001 0.059194409375