0 0.1 0.55128739375 0.083418803125 0.574983975 0.094081196875 0.60105235 0.11183760625000001 0.6105181625 0.1177564109375 0.584471153125 0.1154059828125 0.56432158125 0.1 0.55128739375
0 0.32623931562499997 0.501543803125 0.34401709375 0.5276121796875 0.3854700859375 0.5560309828125 0.40324786250000005 0.540625 0.390213675 0.49680021406249997 0.3582264953125 0.4814155984375 0.32623931562499997 0.501543803125
0 0.80837606875 0.4446848296875 0.7834829062499999 0.5003685890625 0.8190384609375 0.56432158125 0.87944444375 0.5382745718749999 0.9102564109375001 0.4897702984375 0.9043162390624999 0.43639423125 0.85694444375 0.4269070515625 0.80837606875 0.4446848296875
0 0.441153846875 0.5678685890625 0.430491453125 0.5726121796875 0.42931623906249994 0.5891933765624999 0.44707264999999996 0.5891933765624999 0.44944444375000003 0.57618055625 0.441153846875 0.5678685890625
0 0.083418803125 0.7562660250000001 0.1 0.77996260625 0.1154059828125 0.76692841875 0.1177564109375 0.7467788468750001 0.11183760625000001 0.7207318375 0.094081196875 0.73019765 0.083418803125 0.7562660250000001
0 0.083418803125 0.0938728625 0.1 0.11756944375 0.1154059828125 0.10453525625 0.1177564109375 0.084385684375 0.11183760625000001 0.05833867499999999 0.094081196875 0.0678044875 0.083418803125 0.0938728625
0 0.34401709375 0.8036378203125001 0.32623931562499997 0.829706196875 0.3582264953125 0.8498344015624999 0.390213675 0.8344497859375 0.40324786250000005 0.790625 0.3854700859375 0.7752190171875 0.34401709375 0.8036378203125001
0 0.34401709375 0.1412446578125 0.32623931562499997 0.167313034375 0.3582264953125 0.18744123906250001 0.390213675 0.1720566234375 0.40324786250000005 0.1282318375 0.3854700859375 0.11282585468749999 0.34401709375 0.1412446578125
0 0.7834829062499999 0.8308814109375 0.80837606875 0.8865651703124999 0.85694444375 0.9043429484375001 0.9043162390624999 0.89485576875 0.9102564109375001 0.8414797015625 0.87944444375 0.792975428125 0.8190384609375 0.76692841875 0.7834829062499999 0.8308814109375
0 0.7834829062499999 0.16848824843750002 0.80837606875 0.22417200781250002 0.85694444375 0.2419497859375 0.9043162390624999 0.23246260625 0.9102564109375001 0.1790865390625 0.87944444375 0.130582265625 0.8190384609375 0.10453525625 0.7834829062499999 0.16848824843750002
0 0.430491453125 0.7586378203125 0.441153846875 0.7633814109375 0.44944444375000003 0.75506944375 0.44707264999999996 0.7420566234375 0.42931623906249994 0.7420566234375 0.430491453125 0.7586378203125
0 0.430491453125 0.0962446578125 0.441153846875 0.10098824843750001 0.44944444375000003 0.0926762828125 0.44707264999999996 0.0796634609375 0.42931623906249994 0.0796634609375 0.430491453125 0.0962446578125