0 0.5578111359375 0.55 0.5731823140625 0.5062445421875 0.515278384375 0.4518777296875 0.442003275 0.468427946875 0.44082423593750003 0.55 0.5129203062500001 0.5700873359374999 0.5578111359375 0.55
0 0.33916484687500004 0.3892139734375 0.3497762015625 0.3868558953125 0.3734443234375 0.3513973796875 0.34623908281250004 0.3478602625 0.2977674671875 0.3762445421875 0.33916484687500004 0.3892139734375
0 0.5601692140625001 0.3029257640625 0.5519159390625 0.3620524015625 0.64292030625 0.338427946875 0.5944486906249999 0.274585153125 0.5601692140625001 0.3029257640625
0 0.3001255453125 0.102008734375 0.3001255453125 0.16462882031249998 0.3627893015625 0.2060262015625 0.3958897375 0.15519650625 0.3651473796875 0.0972925765625 0.3001255453125 0.102008734375
0 0.151784934375 0.185414846875 0.192658296875 0.16131004375 0.18025655000000002 0.0985589515625 0.12554039374999998 0.1007423578125 0.10872816562500001 0.1540174671875 0.151784934375 0.185414846875
0 0.3419159390625 0.34043668125000004 0.3723962875 0.3452838421875 0.37117358125 0.3240174671875 0.34746179062500004 0.3118777296875 0.3419159390625 0.34043668125000004
0 0.4807805671875 0.7618340609375001 0.3840993453125 0.7492139734375 0.34099890781250003 0.8038864625000001 0.31894650625 0.8784716156249999 0.31789847187500003 0.9005240171875 0.388291484375 0.9120960703125001 0.4986408296875 0.904759825 0.5312172484375 0.8186026203125 0.4807805671875 0.7618340609375001
0 0.558990175 0.9164192140624999 0.5613919218750001 0.9329694328125001 0.59326965 0.9081659390624999 0.5731823140625 0.901048034375 0.5613919218750001 0.892794759375 0.558990175 0.9164192140624999
0 0.720955240625 0.6930131 0.7481168125 0.6799999999999999 0.7363264187499999 0.64218340625 0.7066320953125 0.6303493453125 0.70545305625 0.6823580781249999 0.720955240625 0.6930131
0 0.6464574234375 0.6244541484374999 0.6345360265625 0.5736244546875 0.5944486906249999 0.5736244546875 0.5530949781250001 0.6079039296875 0.540081878125 0.6823580781249999 0.5613919218750001 0.698908296875 0.5814792578125 0.703668121875 0.603924671875 0.703668121875 0.6416539296875 0.661091703125 0.6464574234375 0.6244541484374999
0 0.15947052343749998 0.6055458515625001 0.172483625 0.64218340625 0.20440502187499998 0.6468995640624999 0.1936189953125 0.6114410484375 0.15947052343749998 0.6055458515625001
0 0.0227893015625 0.16131004375 0.0636626640625 0.185414846875 0.1067194328125 0.1540174671875 0.08990720468749999 0.1007423578125 0.0351910484375 0.0985589515625 0.0227893015625 0.16131004375
0 0.042963973437500004 0.64218340625 0.055977075 0.6055458515625001 0.021828603125000002 0.6114410484375 0.0110425765625 0.6468995640624999 0.042963973437500004 0.64218340625