0 0.3364303171875 0.41592298281250006 0.364303178125 0.4489303171875 0.3865525671875 0.431815403125 0.36625916875 0.40956601406250004 0.3364303171875 0.41592298281250006
0 0 0.756803178125 0.0038141812499999997 0.7613753062499999 0.0121271390625 0.7633312953125 0.025085575 0.7608863078125 0.027286064062499997 0.73888141875 0.018728606249999998 0.728123471875 0.0047921765625 0.7310574578125 0 0.7378300734375001 0 0.756803178125
0 0.20503667499999997 0.23125305625 0.1923716375 0.22316014687500002 0.1782885078125 0.22562958437499997 0.1610268953125 0.2340892421875 0.1416625921875 0.2647004890625 0.1508312953125 0.27386919375 0.1701955984375 0.27562958437499996 0.1941320296875 0.2678789734375 0.20503667499999997 0.2485146703125 0.20503667499999997 0.23125305625
0 0.8542053796875001 0.5721577015625 0.8722493890624999 0.557610025 0.8657212718749999 0.5390770171875 0.8486797062500001 0.535556234375 0.83012225 0.540568459375 0.8321271390625 0.5536002437499999 0.8542053796875001 0.5721577015625
0 0.524352078125 0.3550916875 0.5399022 0.3500794625 0.5333740828125 0.3300305625 0.51882640625 0.324529340625 0.5083129578125 0.33254890000000004 0.524352078125 0.3550916875
0 0.8983129578125 0.3527933984375 0.91863080625 0.3690525671875 0.9322004890625 0.3433068453125 0.9159413203125 0.3107885078125 0.8962836187500001 0.32027506093749997 0.8847677265625 0.32570293437500003 0.8983129578125 0.3527933984375
0 0.6664792171875 0.5715709046875 0.7077995109375 0.6040892421875 0.728117359375 0.57360024375 0.7159413203125 0.53362469375 0.6664792171875 0.5451405874999999 0.6664792171875 0.5715709046875
0 0.0634963328125 0.4733312953125 0.065525671875 0.4977322734375 0.09872860624999999 0.5078789734375 0.083129584375 0.470617359375 0.0634963328125 0.4733312953125
0 0.0296088015625 0.599345965625 0.0370660140625 0.6250916875 0.0709535453125 0.6298349640625001 0.0675550125 0.5952872859375 0.049266503125 0.59120415625 0.0296088015625 0.599345965625
0 0.16713936406250002 0.54242665 0.1745965765625 0.55868581875 0.1983129578125 0.5532823953125 0.188166259375 0.5295660140625 0.16713936406250002 0.54242665
0 0.8396577015625001 0.62127750625 0.8552078234374999 0.6092481656250001 0.848166259375 0.5816687046875 0.83012225 0.5801772609375 0.8221026890625 0.60873471875 0.8246210265625 0.6197860640624999 0.8396577015625001 0.62127750625
0 0.1372127140625 0.47164425468750004 0.164303178125 0.47824572187500003 0.1847432765625 0.45599633281249996 0.15826405937500002 0.42951711562500006 0.1426405875 0.4427689484375 0.1372127140625 0.47164425468750004
0 0.7825427875 0.235654034375 0.79880195625 0.23384474375000003 0.8090220046875001 0.2164119796875 0.7885574578125001 0.2139914421875 0.7801467 0.22844132031250003 0.7825427875 0.235654034375
0 0.4601467 0.24922371562499998 0.47618581875 0.2502261609375 0.4826894859375 0.23619193125 0.46163814218750004 0.22215770156249998 0.4577017109375 0.23059290937500002 0.45562347187499996 0.2402017109375 0.4601467 0.24922371562499998
0 0.4959902203125 0.653209046875 0.488068459375 0.6527933984375001 0.47469437656249996 0.6527933984375001 0.4575550125 0.65237775 0.46885085625 0.67117970625 0.48178484062500004 0.6795415640625 0.4934963328125 0.678270171875 0.49850855781250003 0.6665831296875 0.4959902203125 0.653209046875
0 0.14012225 0.3427933984375 0.16031784843750002 0.32609413125 0.1589242046875 0.2996393640625 0.133154034375 0.28362469375 0.11540342343750001 0.2923288515625 0.11366748125 0.30729217656249996 0.11577017187500001 0.3421088015625 0.14012225 0.3427933984375
0 0.34409535468749997 0 0.3364303171875 0.0090770171875 0.36625916875 0.0154339859375 0.3803363203125 0 0.34409535468749997 0
0 0 0.8314242046875 0.0047921765625 0.838196821875 0.018728606249999998 0.84113080625 0.027286064062499997 0.8303728609375 0.025085575 0.8083679703125 0.0121271390625 0.8059229828125 0.0038141812499999997 0.8078789734375 0 0.8124511 0 0.8314242046875
0 0.1923716375 0.201839853125 0.20503667499999997 0.19374694374999998 0.20503667499999997 0.1764853296875 0.1941320296875 0.1571210265625 0.1701955984375 0.149370415625 0.1508312953125 0.15113080625 0.1416625921875 0.1602995109375 0.1610268953125 0.1909107578125 0.1782885078125 0.199370415625 0.1923716375 0.201839853125
0 0.5399022 0.0749205375 0.524352078125 0.0699083125 0.5083129578125 0.0924511 0.51882640625 0.100470659375 0.5333740828125 0.0949694375 0.5399022 0.0749205375
0 0.91863080625 0.055947432812499996 0.8983129578125 0.0722066015625 0.8847677265625 0.099297065625 0.8962836187500001 0.1047249390625 0.9159413203125 0.1142114921875 0.9322004890625 0.0816931546875 0.91863080625 0.055947432812499996
0 0.726793634375 1 0.728117359375 0.995654034375 0.7077995109375 0.9651650359374999 0.6664792171875 0.9976833734375001 0.6664792171875 1 0.726793634375 1
0 0.0370660140625 0.9441625921875 0.0296088015625 0.9699083125 0.049266503125 0.9780501218750001 0.0675550125 0.9739669921875 0.0709535453125 0.9394193156249999 0.0370660140625 0.9441625921875
0 0.8552078234374999 0.9600061125 0.8396577015625001 0.9479767718750001 0.8246210265625 0.9494682156250001 0.8221026890625 0.960519559375 0.83012225 0.9890770171875 0.848166259375 0.987585575 0.8552078234374999 0.9600061125
0 0.79880195625 0.19115525625000002 0.7825427875 0.189345965625 0.7801467 0.19655867968750002 0.7885574578125001 0.2110085578125 0.8090220046875001 0.20858802031249998 0.79880195625 0.19115525625000002
0 0.47618581875 0.1747738390625 0.4601467 0.17577628437499998 0.45562347187499996 0.1847982890625 0.4577017109375 0.194407090625 0.46163814218750004 0.2028422984375 0.4826894859375 0.18880806875 0.47618581875 0.1747738390625
0 0.488068459375 0.9164608796874999 0.4959902203125 0.9160452328125 0.49850855781250003 0.9026711484375 0.4934963328125 0.8909841078125 0.48178484062500004 0.8897127140625001 0.46885085625 0.8980745718750001 0.4575550125 0.916876528125 0.47469437656249996 0.9164608796874999 0.488068459375 0.9164608796874999
0 0.16031784843750002 0.09890586875 0.14012225 0.08220660156250001 0.11577017187500001 0.08289119843750001 0.11366748125 0.1177078234375 0.11540342343750001 0.1326711484375 0.133154034375 0.14137530625 0.1589242046875 0.1253606359375 0.16031784843750002 0.09890586875