0 0.8263157890624999 0.3482456125 0.7824561390625 0.3482456125 0.7736842109375 0.44385965 0.8307017546875001 0.4447368421875 0.8263157890624999 0.3482456125
0 0.8026315796875 0.5078947375 0.8166666656249999 0.50614035 0.818421053125 0.49035087656250004 0.8017543874999999 0.4842105265625 0.8008771921875001 0.48771929687500004 0.7982456124999999 0.5 0.8026315796875 0.5078947375
0 0.8114035078124999 0.5543859656250001 0.8175438609375 0.5491228078125 0.8201754390625 0.539473684375 0.8061403500000001 0.539473684375 0.804385965625 0.5543859656250001 0.8114035078124999 0.5543859656250001
0 0.6763157890625 0.4324561390625 0.6736842109375 0.4175438609375 0.6596491234374999 0.3991228078125 0.6378799109375 0.3983691625 0.6378799109375 0.4180133421875 0.643439584375 0.42987398125 0.6605263156250001 0.4324561390625 0.6763157890625 0.4324561390625
0 0.6257281 0.41124428125 0.6201754390625001 0.4263157890625 0.6280701765625001 0.43070175468749994 0.6342105265625 0.42368421093749997 0.6359649125 0.4175438609375 0.6257281 0.41124428125
0 0.6447368421874999 0.52280701875 0.6307017546875 0.5166666656250001 0.62280701875 0.52719298125 0.6219298234374999 0.5429824546875001 0.6377192968750001 0.5403508765625 0.6447368421874999 0.52280701875
0 0.70614035 0.6614035078125 0.7175438609375 0.6526315796875 0.7070175453124999 0.625438596875 0.6807017546874999 0.6026315796875 0.662280703125 0.6087719296875 0.6596491234374999 0.625438596875 0.687719296875 0.6614035078125 0.70614035 0.6614035078125
0 0.5929824546875 0.5263157890625 0.5991228078125 0.5324561390625 0.6087719296875 0.52719298125 0.5982456125 0.5157894734374999 0.5929824546875 0.5263157890625
0 0.45 0.5912280703125 0.4640350875 0.5921052625 0.4640350875 0.575438596875 0.45 0.575438596875 0.45 0.5912280703125
0 0.4 0.6236842109375 0.4096491234375 0.6 0.3868421046875 0.5675438609375 0.3578947375 0.56491228125 0.345614034375 0.57719298125 0.3429824546875 0.62280701875 0.368421053125 0.6298245609374999 0.4 0.6236842109375
0 0.112280703125 0.6903508765625 0.1368421046875 0.6903508765625 0.1421052625 0.6754385968750001 0.1078947375 0.6508771921875 0.1026315796875 0.6780701765625 0.112280703125 0.6903508765625
0 0.1947368421875 0.6570175453125 0.20087719218750003 0.662280703125 0.2131578953125 0.6508771921875 0.2017543875 0.6421052625 0.1947368421875 0.6570175453125
0 0.0824561390625 0.7429824546875 0.0640350875 0.7736842109375 0.1078947375 0.7701754390625 0.0824561390625 0.7429824546875
0 0.704385965625 0.8815789468749999 0.716666665625 0.8842105265625 0.7307017546875 0.86491228125 0.7157894734375 0.8464912296874999 0.7 0.8570175453125 0.704385965625 0.8815789468749999
0 0.7763157890625 0.83508771875 0.7929824546875001 0.833333334375 0.79385965 0.8175438609375 0.7780701765625 0.8166666656249999 0.7763157890625 0.83508771875
0 0.104385965625 0.74385965 0.11578947343749998 0.7447368421875 0.12631578906250002 0.7307017546875 0.1114035078125 0.7140350875 0.09736842031250001 0.725438596875 0.104385965625 0.74385965
0 0.716666665625 0.9105263156250001 0.704385965625 0.9131578953125 0.7 0.937719296875 0.7157894734375 0.9482456125000001 0.7307017546875 0.9298245609375 0.716666665625 0.9105263156250001
0 0.7929824546875001 0.9614035078125 0.7763157890625 0.9596491234375 0.7780701765625 0.9780701765625001 0.79385965 0.97719298125 0.7929824546875001 0.9614035078125