0 0.40488721875 0.5980427625 0.427393484375 0.53290491875 0.3717293234375 0.459446271875 0.28406015 0.4677420109375 0.286441103125 0.561325971875 0.3172431078125 0.62292998125 0.3693483703125 0.62884476875 0.40488721875 0.5980427625
0 0.12177944843749999 0.37298010625 0.1573182953125 0.3587695796875 0.1371929828125 0.2971655703125 0.075588971875 0.292428728125 0.074411028125 0.350473840625 0.12177944843749999 0.37298010625
0 0.614561403125 0.6087194546875 0.63706766875 0.587391134375 0.629949875 0.5672407578125 0.61100250625 0.555411184375 0.597969925 0.5767395046875 0.6003508765625 0.606338503125 0.614561403125 0.6087194546875
0 0.8905764406250001 0.55897008125 0.8941102750000001 0.530523965625 0.8858395984375 0.510398653125 0.8289724312500001 0.5091956453125001 0.8254135343750001 0.555411184375 0.8337092734375 0.5637069234375 0.870426065625 0.5731806078125 0.8905764406250001 0.55897008125
0 0.8443358390625001 0.5906994046875 0.85288220625 0.593456296875 0.85689223125 0.5830803578125 0.8466666671875 0.5801229640625001 0.8443358390625001 0.5906994046875
0 0.8492982453125 0.6082182015625001 0.8562406015624999 0.6045841171874999 0.8539348375 0.5992958953125 0.8463157890625 0.5966392546875 0.8413533828125 0.6002733390625 0.8420300749999999 0.6065640671875 0.8492982453125 0.6082182015625001
0 0.8479699249999999 0.6177921359375 0.8529323312500001 0.614483865625 0.8529323312500001 0.610523965625 0.8456641609375 0.6085440156249999 0.840050125 0.6091956453125 0.8397243109374999 0.6161380015625 0.8479699249999999 0.6177921359375
0 0.2917156171875 0 0.286441103125 0.010549028125 0.28406015 0.10413298906249999 0.3717293234375 0.112428728125 0.427393484375 0.03897008125 0.4139286390625 0 0.2917156171875 0
0 0.427393484375 0.8911004078125 0.40488721875 0.8259625625 0.3693483703125 0.7951605578125001 0.3172431078125 0.8010753453125 0.286441103125 0.8626793546875 0.28406015 0.9562633140625 0.3717293234375 0.9645590531250001 0.427393484375 0.8911004078125
0 0.1573182953125 0.21310542031250002 0.12177944843749999 0.19889489375 0.074411028125 0.221401159375 0.075588971875 0.27944627187500004 0.1371929828125 0.2747094296875 0.1573182953125 0.21310542031250002
0 0.6009423609375 0 0.61100250625 0.016463815625 0.629949875 0.0046342421875 0.6315868453125 0 0.6009423609375 0
0 0.63706766875 0.8366141921875 0.614561403125 0.8152858703125 0.6003508765625 0.8176668234375001 0.597969925 0.8472658203125001 0.61100250625 0.8685941421875001 0.629949875 0.8567645671875 0.63706766875 0.8366141921875
0 0.865365971875 0 0.8337092734375 0.0081680765625 0.8254135343750001 0.016463815625 0.8289724312500001 0.0626793546875 0.8858395984375 0.061476346875 0.8941102750000001 0.041351034375 0.8905764406250001 0.01290491875 0.8722774031249999 0 0.865365971875 0
0 0.8941102750000001 0.8934813593750001 0.8905764406250001 0.8650352437500001 0.870426065625 0.85082471875 0.8337092734375 0.8602984015624999 0.8254135343750001 0.8685941421875001 0.8289724312500001 0.9148096796875 0.8858395984375 0.9136066734374999 0.8941102750000001 0.8934813593750001
0 0.85288220625 0.830549028125 0.8443358390625001 0.8333059203125 0.8466666671875 0.8438823624999999 0.85689223125 0.8409249687499999 0.85288220625 0.830549028125
0 0.8562406015624999 0.819421209375 0.8492982453125 0.8157871234374999 0.8420300749999999 0.817441259375 0.8413533828125 0.8237319859375001 0.8463157890625 0.827366071875 0.8539348375 0.8247094296874999 0.8562406015624999 0.819421209375
0 0.8529323312500001 0.8095214593750001 0.8479699249999999 0.8062131890625001 0.8397243109374999 0.8078673249999999 0.840050125 0.8148096796875001 0.8456641609375 0.8154613093749999 0.8529323312500001 0.813481359375 0.8529323312500001 0.8095214593750001