0 0.1736842109375 0.6517543875 0.2175438609375 0.6517543875 0.2263157890625 0.55614035 0.16929824531249998 0.5552631578125 0.1736842109375 0.6517543875
0 0.1973684203125 0.4921052625 0.183333334375 0.49385965 0.181578946875 0.5096491234375 0.1982456125 0.5157894734374999 0.1991228078125 0.512280703125 0.2017543875 0.5 0.1973684203125 0.4921052625
0 0.18859649218750002 0.44561403437499997 0.1824561390625 0.4508771921875 0.17982456093750002 0.460526315625 0.19385965 0.460526315625 0.195614034375 0.44561403437499997 0.18859649218750002 0.44561403437499997
0 0.3236842109375 0.5675438609375 0.32631578906250003 0.5824561390625 0.34035087656249996 0.6008771921875 0.3621200890625 0.6016308375 0.3621200890625 0.5819866578124999 0.356560415625 0.57012601875 0.33947368437500003 0.5675438609375 0.3236842109375 0.5675438609375
0 0.3742719 0.58875571875 0.3798245609375 0.5736842109375 0.37192982343750003 0.5692982453125001 0.3657894734375 0.5763157890625 0.3640350875 0.5824561390625 0.3742719 0.58875571875
0 0.3552631578125 0.47719298125 0.3692982453125 0.483333334375 0.37719298125 0.47280701875000003 0.37807017656249997 0.45701754531249994 0.362280703125 0.4596491234375 0.3552631578125 0.47719298125
0 0.29385965000000003 0.3385964921875 0.2824561390625 0.3473684203125 0.2929824546875 0.374561403125 0.3192982453125 0.39736842031249997 0.337719296875 0.3912280703125 0.34035087656249996 0.374561403125 0.312280703125 0.3385964921875 0.29385965000000003 0.3385964921875
0 0.40701754531249995 0.4736842109375 0.40087719218749995 0.4675438609375 0.3912280703125 0.47280701875000003 0.40175438750000003 0.4842105265625 0.40701754531249995 0.4736842109375
0 0.55 0.4087719296875 0.5359649125 0.40789473750000005 0.5359649125 0.42456140312499996 0.55 0.42456140312499996 0.55 0.4087719296875
0 0.6 0.3763157890625 0.5903508765625001 0.4 0.6131578953125 0.4324561390625 0.6421052625 0.43508771875 0.6543859656250001 0.42280701875000004 0.6570175453125 0.37719298125 0.631578946875 0.3701754390625 0.6 0.3763157890625
0 0.8877192968750001 0.3096491234375 0.8631578953125001 0.3096491234375 0.8578947375 0.32456140312500004 0.8921052625 0.3491228078125 0.8973684203125 0.3219298234375 0.8877192968750001 0.3096491234375
0 0.8052631578125 0.3429824546875 0.7991228078125 0.337719296875 0.7868421046875 0.3491228078125 0.7982456124999999 0.3578947375 0.8052631578125 0.3429824546875
0 0.9175438609375 0.2570175453125 0.9359649125 0.2263157890625 0.8921052625 0.22982456093749998 0.9175438609375 0.2570175453125
0 0.295614034375 0.118421053125 0.283333334375 0.11578947343749998 0.2692982453125 0.13508771875 0.2842105265625 0.15350877031250001 0.3 0.14298245468749998 0.295614034375 0.118421053125
0 0.2236842109375 0.16491228125 0.2070175453125 0.16666666562500002 0.20614035 0.1824561390625 0.2219298234375 0.183333334375 0.2236842109375 0.16491228125
0 0.8956140343750001 0.25614035 0.8842105265625 0.25526315781250003 0.8736842109375 0.2692982453125 0.8885964921875 0.2859649125 0.9026315796875 0.274561403125 0.8956140343750001 0.25614035
0 0.283333334375 0.089473684375 0.295614034375 0.0868421046875 0.3 0.062280703125 0.2842105265625 0.0517543875 0.2692982453125 0.0701754390625 0.283333334375 0.089473684375
0 0.2070175453125 0.0385964921875 0.2236842109375 0.0403508765625 0.2219298234375 0.021929823437500003 0.20614035 0.022807018749999998 0.2070175453125 0.0385964921875