0 0.64069124375 0.0969038015625 0.6340553 0.11280241875000001 0.6447004609375 0.13141993125 0.6725345625 0.13141993125 0.6858064515625 0.118793203125 0.6745622124999999 0.0989314515625 0.64069124375 0.0969038015625
0 0.40304147500000004 0.7557978109375 0.3859907828125 0.7526180874999999 0.3711520734375 0.811327765625 0.40304147500000004 0.8102678578125 0.4393548390625 0.80280241875 0.433041475 0.7643231562499999 0.42023041406250006 0.7590236171875 0.40304147500000004 0.7557978109375
0 0.8163594468750001 0.7216503453125 0.8012903218749999 0.751512096875 0.8141935484375 0.7718346781250001 0.8889400921874999 0.7707286859375 0.89 0.7387010375 0.8184792625 0.7056134796875 0.8163594468750001 0.7216503453125
0 0.36354838749999996 0.5465351375 0.3156221203125 0.5358899765625 0.3156221203125 0.58496831875 0.3604608296875 0.5828485015625 0.36354838749999996 0.5465351375
0 0.1884792625 0.2956595625 0.1415668203125 0.2934936640625 0.1415668203125 0.35759504531249997 0.19069124375 0.3586549546875 0.2013824890625 0.32128168125 0.1884792625 0.2956595625
0 0.24834101406250003 0.1771342171875 0.22377880156250002 0.2081019578125 0.20350230468750002 0.25294066875 0.27930875624999996 0.255060484375 0.2974654375 0.2006365203125 0.24834101406250003 0.1771342171875
0 0.1501382484375 0.8941849078124999 0.1214746546875 0.9021111749999999 0.11829493124999998 0.925244815625 0.1350230421875 0.9419268437499999 0.158894009375 0.919668778125 0.1501382484375 0.8941849078124999
0 0.805668203125 0.4048761515625 0.7899539171875001 0.41178859375 0.7904608296875 0.430682603125 0.8070046078124999 0.433908409375 0.816682028125 0.41962269531249996 0.805668203125 0.4048761515625
0 0.7752073734375 0.38736463125 0.7613824890625 0.394737903125 0.76 0.40948444687499996 0.7766359453125 0.4173185484375 0.783963134375 0.396581221875 0.7752073734375 0.38736463125
0 0.7890322578125 0.43160426249999995 0.774331796875 0.4311434328125 0.7628110593749999 0.4394383640625 0.76322580625 0.4532632484375 0.7775115203125 0.4541849078125 0.7904608296875 0.448194125 0.7890322578125 0.43160426249999995
0 0.8383410140625 0.4279176265625 0.8300460828125 0.4385167046875 0.8374193546875001 0.452341590625 0.844838709375 0.45141993124999996 0.8544700453124999 0.4426641703125 0.8517511515624999 0.42976094531250003 0.8383410140625 0.4279176265625
0 0.154283578125 1 0.158894009375 0.986581221875 0.1350230421875 0.9643231562500001 0.11829493124999998 0.981005184375 0.120905771875 1 0.154283578125 1