0 0.206356784375 0.2674277640625 0.2454522609375 0.258483040625 0.23763819062499997 0.2160458546875 0.19743718593749998 0.20154836718750002 0.17620602968750002 0.20265389374999998 0.17276381875 0.24509107968750002 0.206356784375 0.2674277640625
0 0.6950753765625 0.79210113125 0.696130653125 0.82310615625 0.71324120625 0.8487594218750001 0.7410552765625 0.871221734375 0.8126884421874999 0.891523240625 0.8287185921875 0.8936589203124999 0.8693467343749999 0.8953674625 0.89572864375 0.870744346875 0.9422110546875 0.8795383171875001 0.92173366875 0.8091865578125 0.935628140625 0.79210113125 0.931356784375 0.7696388187500001 0.912110553125 0.7546639453124999 0.8725628140625 0.7226036437500001 0.8030653265625001 0.6808951000000001 0.7485427140625001 0.690518215625 0.71324120625 0.7226036437500001 0.6972110546875 0.760015703125 0.6950753765625 0.79210113125
0 0.4665577890625 0.2160458546875 0.455376884375 0.2160458546875 0.43864321562499997 0.22946293906249998 0.455376884375 0.2473272609375 0.46766331718750004 0.23391017656250002 0.4665577890625 0.2160458546875
0 0.3994472359375 0.1334076640625 0.388391959375 0.1669252515625 0.40625628125 0.168030778125 0.4128391953125 0.1334076640625 0.3994472359375 0.1334076640625
0 0.2655527640625 0.2573775125 0.29223618125 0.27411118125 0.3146733671875 0.2763473625 0.30575376875 0.2484327890625 0.3011809046875 0.2171765078125 0.2833165828125 0.2138096734375 0.27103014999999997 0.22385992500000002 0.2655527640625 0.2573775125
0 0.391633165625 0.053005653124999996 0.4016834171875 0.0664227390625 0.41173366875 0.0641865578125 0.42635678437499996 0.0496639453125 0.4140703515625 0.046875 0.3917085421875 0.046875 0.388391959375 0.0485584171875 0.391633165625 0.053005653124999996
0 0.137135678125 0.292000628125 0.15042713593749998 0.25624685937499997 0.140376884375 0.2305684671875 0.11133165781250001 0.2495634421875 0.09123115625 0.3009202265625 0.0935678390625 0.323256909375 0.137135678125 0.292000628125
0 0.6575125625 0.23614635625 0.65974874375 0.204890075 0.6551758796875 0.19260364375 0.62623115625 0.2004177140625 0.6216582921875 0.24061871875000002 0.6406532656249999 0.2517996234375 0.6575125625 0.23614635625
0 0.138140703125 0.4818247484375 0.11022613125 0.46172424687499997 0.08464824062500001 0.4851664578125 0.0969346734375 0.5197895734375 0.1270854265625 0.5164478640625 0.138140703125 0.4818247484375
0 0.166155778125 0.358985553125 0.1917085421875 0.34009107968749996 0.1805778890625 0.3187845484375 0.15824120625 0.31991520156250003 0.12919597968750002 0.34112123125 0.134899496875 0.3511714828125 0.166155778125 0.358985553125
0 0.47547738749999996 0.42710113125 0.4843216078125 0.40589510000000006 0.48776381874999997 0.39137248750000003 0.47660804062500006 0.38245288906249997 0.460854271875 0.39584484999999997 0.4565075375 0.4170508796875 0.45874371875 0.43046796406250004 0.47547738749999996 0.42710113125
0 0.5245226125 0.7531815328125 0.54572864375 0.720744346875 0.53577889375 0.7074026375 0.5233919593749999 0.6984579140625 0.51 0.7207945984374999 0.511105528125 0.7431312812499999 0.5245226125 0.7531815328125
0 1 0.282000628125 0.9698492468750001 0.2639101765625 0.9559547734375 0.309890075 0.9901758796875001 0.3024026375 1 0.2863222359375 1 0.282000628125
0 0.9484673359375 0.5151664578124999 0.912110553125 0.5472518843749999 0.9067587937500001 0.56863379375 0.9420603015625 0.56863379375 0.9495477390625 0.541900125 0.9484673359375 0.5151664578124999
0 0.70896985 0.5697141953125 0.7068341703125001 0.5557945984375 0.660854271875 0.5557945984375 0.649095478125 0.57290515 0.6704773875 0.59215138125 0.6929396984375 0.5942870609375001 0.70896985 0.5697141953125
0 0.5592964828125 0.32913630625 0.5475376890625 0.3302167078125 0.5753266328125 0.3590860546875 0.5731909546875 0.3398398234375 0.5592964828125 0.32913630625
0 0.626633165625 0.4167996234375 0.6373366828125 0.3900910796875 0.6095477390624999 0.36014133125000003 0.58922110625 0.3665483671875 0.5785427140625 0.401849875 0.6031155781249999 0.41896042656250004 0.626633165625 0.4167996234375
0 0.5903015078125 0.1634076640625 0.5774623109375 0.15808102968749999 0.5828140703125 0.19014133125 0.591356784375 0.1869503765625 0.5903015078125 0.1634076640625
0 0.7079145734375001 0.211523240625 0.7100502515625 0.2542870609375 0.71324120625 0.2660458546875 0.722864321875 0.2735332921875 0.734623115625 0.2735332921875 0.7399748749999999 0.253231784375 0.7453266328125 0.2297141953125 0.7271608046875 0.2104679640625 0.7324874375 0.1794629390625 0.7111055281249999 0.15808102968749999 0.7175376890625 0.2083322859375 0.7079145734375001 0.211523240625
0 0.2877135671875 0.068256909375 0.3005527640625 0.0842870609375 0.31231155781250003 0.1249152015625 0.359346734375 0.090719221875 0.351859296875 0.08215138125 0.3358291453125 0.06398555312500001 0.32728643281249997 0.0554177140625 0.3084673359375 0.046875 0.2981909546875 0.046875 0.289849246875 0.0500910796875 0.2877135671875 0.068256909375
0 0.150854271875 0.1677041453125 0.14979899531250002 0.1602167078125 0.1305527640625 0.16662374375 0.11984924687500001 0.1751664578125 0.143366834375 0.2061714828125 0.1455276375 0.176246859375 0.150854271875 0.1677041453125
0 0.4140703515625 0.046875 0.42635678437499996 0.0440860546875 0.41173366875 0.0295634421875 0.4016834171875 0.027327260937499997 0.391633165625 0.040744346875 0.388391959375 0.0451915828125 0.3917085421875 0.046875 0.4140703515625 0.046875
0 0.3032915734375 0 0.3005527640625 0.0094629390625 0.2877135671875 0.025493090625 0.289849246875 0.0436589203125 0.2981909546875 0.046875 0.3084673359375 0.046875 0.32728643281249997 0.0383322859375 0.3358291453125 0.029764446875 0.351859296875 0.011598618750000001 0.359346734375 0.003030778125 0.35517802187499997 0 0.3032915734375 0