0 0.37614718593749996 0.6737581171875 0.3442857140625 0.6244507578125 0.30099567031249996 0.6467018390625 0.3478787875 0.6954031390625001 0.37614718593749996 0.6737581171875
0 0.92926406875 0.43929924218750005 0.9161471859375 0.4278706703125 0.8719480515625 0.42864989218750005 0.8981385281250001 0.465533009375 0.92926406875 0.43929924218750005
0 0.2370129875 0.7548836578125 0.1684415578125 0.780857684375 0.1770995671875 0.83570616875 0.23411255468749997 0.8363988093750001 0.2629870125 0.806831709375 0.2370129875 0.7548836578125
0 0.174935065625 0.6249702375 0.137402596875 0.639385821875 0.1323376625 0.7057927484375 0.16987012968749998 0.7065286796875 0.195151515625 0.6567018390625 0.174935065625 0.6249702375
0 0.11285714218750001 0.37522997812500003 0.07099567031250001 0.3781304109375 0.06883116875 0.41925595312499997 0.1070995671875 0.4344074671875 0.11285714218750001 0.37522997812500003
0 0.018614718750000002 0.199688853125 0.024675325 0.22393127656249998 0.0233766234375 0.26116071406249997 0.0623376625 0.2886066015625 0.08545454531249999 0.251810065625 0.0565800859375 0.1688230515625 0.021212121875 0.18020833281249998 0.018614718750000002 0.199688853125
0 0.24926406874999998 0.28644210000000003 0.2203896109375 0.2958360390625 0.2189610390625 0.33843344218750004 0.2543290046875 0.36293560625 0.28246753281250003 0.35358495625 0.2832034625 0.318952921875 0.24926406874999998 0.28644210000000003
0 0.3380519484375 0.415662878125 0.30194805156250004 0.40553300937500003 0.286103896875 0.44813041093750006 0.3170995671875 0.48782738124999997 0.34670995625 0.4683468609375 0.3380519484375 0.415662878125
0 0.274632034375 0.532459415625 0.2370129875 0.5414637453125 0.2215151515625 0.5986066015625 0.2631168828125 0.6351866890625 0.29216450156249996 0.5851001078125 0.274632034375 0.532459415625
0 0.8394372296875 0.30635551875 0.8394372296875 0.335229978125 0.8610822515625 0.3467884203125 0.8870995671875 0.3388663421875 0.9015151515625 0.309255953125 0.890692640625 0.29336850625 0.8719047625 0.28903950156249997 0.8394372296875 0.30635551875
0 0.1684415578125 0.912892315625 0.2370129875 0.9388663421875 0.2629870125 0.8869182906249999 0.23411255468749997 0.857351190625 0.1770995671875 0.85804383125 0.1684415578125 0.912892315625
0 0.024675325 0.0845373375 0.018614718750000002 0.10877976250000002 0.021212121875 0.12826028125 0.0565800859375 0.1396455625 0.08545454531249999 0.056658549999999995 0.0623376625 0.0198620125 0.0233766234375 0.0473079 0.024675325 0.0845373375
0 0.2199659578125 0 0.2203896109375 0.012632574999999998 0.24926406874999998 0.022026515625 0.27225845937500004 0 0.2199659578125 0
0 0.8394372296875 0 0.8394372296875 0.0021130953125 0.8719047625 0.0194291125 0.890692640625 0.0151001078125 0.90097881875 0 0.8394372296875 0