0 0.6687643671875 0.8627586203125001 0.6765517234375 0.8387643671875 0.661867815625 0.8260344828124999 0.6437356328125 0.8255459765625 0.6364080453125001 0.8510057468750001 0.64770115 0.8617816093749999 0.6687643671875 0.8627586203125001
0 0.3816954015625 0.44186781562500005 0.37813218437499996 0.4785344828125 0.4006034484375 0.47143678125 0.40295977031249997 0.4595977015625 0.3816954015625 0.44186781562500005
0 0.29304597656250003 0.2870402296875 0.301293103125 0.2610344828125 0.2741091953125 0.248017240625 0.2625 0.27663793124999997 0.2625 0.28586206875000003 0.278850575 0.28586206875000003 0.29304597656250003 0.2870402296875
0 0.48333333281249996 0.1298275859375 0.4939655171875 0.1085344828125 0.4939655171875 0.09790229843750001 0.38758620625 0.0955459765625 0.4006034484375 0.135718390625 0.406494253125 0.14991379375 0.42896551718750003 0.1617241375 0.48333333281249996 0.1298275859375
0 0.58979885 0.8643678156249999 0.6087643671875 0.8204022984374999 0.60508620625 0.72201149375 0.5601724140625 0.6924712640624999 0.48606321875 0.710632184375 0.45100574687500006 0.7962643671875 0.4916091953125 0.8520402296875 0.5208333328125 0.9034482765625 0.58979885 0.8643678156249999
0 0.5533045984375 0.23238505781250002 0.5363793109375 0.21899425312499998 0.5060344828125001 0.23382183906249998 0.513793103125 0.2613218390625 0.542729884375 0.264856321875 0.5533045984375 0.23238505781250002
0 0.3543965515625 0.26201149375 0.370632184375 0.21971264375000002 0.370632184375 0.1971264375 0.35721264375 0.1837356328125 0.3219540234375 0.21758620624999997 0.3099712640625 0.2556609203125 0.31701149375000004 0.2740229890625 0.3543965515625 0.26201149375
0 0.3988218390625 0.364281609375 0.40942528749999996 0.330431034375 0.3826149421875 0.298706896875 0.35086206875000003 0.3233908046875 0.3494540234375 0.3614655171875 0.3692241375 0.376293103125 0.3988218390625 0.364281609375
0 0.345229884375 0.3847413796875 0.3290229890625 0.371350575 0.30574712656249997 0.38333333281250004 0.29798850625 0.4023850578125 0.317729884375 0.413649425 0.345229884375 0.3847413796875
0 0.3793103453125 0.7300287359375 0.3626149421875 0.710919540625 0.34109195468750003 0.7216954015625 0.344482759375 0.7437356328125 0.3616091953125 0.7510919546875 0.3793103453125 0.7300287359375
0 0.302356321875 0.6545977015625 0.2921264375 0.6227586203125 0.2690517234375 0.6261781609375 0.26321839062499996 0.653132184375 0.2778735625 0.66586206875 0.302356321875 0.6545977015625
0 0.5563793109375 0.3375 0.551206896875 0.324281609375 0.5379885062499999 0.327729884375 0.53770115 0.33951149375 0.5489080453125 0.3423850578125 0.5563793109375 0.3375
0 0.64 0.19525862031250002 0.6548850578125001 0.1768965515625 0.6588793109375 0.1560344828125 0.6539080453125 0.14462643749999998 0.6300287359375 0.13821839062500002 0.627442528125 0.165517240625 0.6350287359375 0.1893103453125 0.64 0.19525862031250002
0 0.8295402296875001 0.8255459765625 0.8114080453125 0.8260344828124999 0.7967241375 0.8387643671875 0.80451149375 0.8627586203125001 0.8255747124999999 0.8617816093749999 0.836867815625 0.8510057468750001 0.8295402296875001 0.8255459765625
0 0.146867815625 0.4785344828125 0.1433045984375 0.44186781562500005 0.12204022968749999 0.4595977015625 0.1243965515625 0.47143678125 0.146867815625 0.4785344828125
0 0.2625 0.27663793124999997 0.25089080468749997 0.248017240625 0.223706896875 0.2610344828125 0.2319540234375 0.2870402296875 0.24614942499999998 0.28586206875000003 0.2625 0.28586206875000003 0.2625 0.27663793124999997
0 0.1243965515625 0.135718390625 0.13741379375 0.0955459765625 0.031034482812500003 0.09790229843750001 0.031034482812500003 0.1085344828125 0.0416666671875 0.1298275859375 0.0960344828125 0.1617241375 0.118505746875 0.14991379375 0.1243965515625 0.135718390625
0 0 0.901087165625 0.0041666671875 0.9034482765625 0.0333908046875 0.8520402296875 0.07399425312499999 0.7962643671875 0.038936781250000004 0.710632184375 0 0.7010904828125 0 0.901087165625
0 1 0.7418668734375 0.9872126437500001 0.710632184375 0.9131034484375 0.6924712640624999 0.8681896546875001 0.72201149375 0.86451149375 0.8204022984374999 0.8834770109375001 0.8643678156249999 0.952442528125 0.9034482765625 0.9816666671875 0.8520402296875 1 0.826856225 1 0.7418668734375
0 0 0.2626907046875 0.011206896875 0.2613218390625 0.0189655171875 0.23382183906249998 0 0.2245545984375 0 0.2626907046875
0 0.9672413796875 0.23382183906249998 0.9368965515625 0.21899425312499998 0.9199712640625 0.23238505781250002 0.9305459765625 0.264856321875 0.959482759375 0.2613218390625 0.9672413796875 0.23382183906249998
0 0.20304597656249998 0.21758620624999997 0.16778735625000002 0.1837356328125 0.154367815625 0.1971264375 0.154367815625 0.21971264375000002 0.1706034484375 0.26201149375 0.20798850624999998 0.2740229890625 0.2150287359375 0.2556609203125 0.20304597656249998 0.21758620624999997
0 0.17413793125000002 0.3233908046875 0.1423850578125 0.298706896875 0.1155747125 0.330431034375 0.1261781609375 0.364281609375 0.1557758625 0.376293103125 0.17554597656249998 0.3614655171875 0.17413793125000002 0.3233908046875
0 0.21925287343750002 0.38333333281250004 0.1959770109375 0.371350575 0.179770115625 0.3847413796875 0.207270115625 0.413649425 0.22701149375 0.4023850578125 0.21925287343750002 0.38333333281250004
0 0.1839080453125 0.7216954015625 0.1623850578125 0.710919540625 0.1456896546875 0.7300287359375 0.1633908046875 0.7510919546875 0.18051724062500002 0.7437356328125 0.1839080453125 0.7216954015625
0 0.25594827656249997 0.6261781609375 0.23287356250000002 0.6227586203125 0.222643678125 0.6545977015625 0.24712643750000002 0.66586206875 0.261781609375 0.653132184375 0.25594827656249997 0.6261781609375
0 0.9352873562499999 0.327729884375 0.9220689656250001 0.324281609375 0.9168965515625 0.3375 0.924367815625 0.3423850578125 0.9355747125 0.33951149375 0.9352873562499999 0.327729884375
0 0.8432471265625001 0.13821839062500002 0.8193678156249999 0.14462643749999998 0.8143965515625 0.1560344828125 0.8183908046875 0.1768965515625 0.8332758625000001 0.19525862031250002 0.8382471265625 0.1893103453125 0.8458333328125001 0.165517240625 0.8432471265625001 0.13821839062500002