0 0.18260204062500002 0.136664540625 0.151938775 0.1386543375 0.1667857140625 0.17135841875 0.18163265312500002 0.16044005156250002 0.18260204062500002 0.136664540625
0 0.3629081625 0.4100829078125 0.505561225 0.3922767859375 0.523367346875 0.3486543375 0.5144897953124999 0.253603315625 0.457040815625 0.19911352031250001 0.3965816328125 0.1892155609375 0.3074489796875 0.1980931125 0.29556122500000004 0.3090625 0.3629081625 0.4100829078125
0 0.2519897953125 0.3080420921875 0.23117346875 0.302123725 0.2222448984375 0.319929846875 0.23811224531250003 0.33579719375 0.2519897953125 0.3239094390625 0.2519897953125 0.3080420921875
0 0.27673469375000004 0.502225765625 0.2747448984375 0.4982461734375 0.25790816250000004 0.48931760156250004 0.24698979531249998 0.49329719375 0.24698979531249998 0.5141135203125 0.26979591875 0.5200318875 0.27673469375000004 0.502225765625
0 0.6798979593750001 0.7528380109375 0.7244897953125 0.7290625000000001 0.7383673468749999 0.69538903125 0.7244897953125 0.6656441328125 0.63826530625 0.6439094390625 0.5877551015625 0.69538903125 0.5966836734375 0.745899234375 0.6798979593750001 0.7528380109375
0 0.523367346875 0.69635841875 0.5184183671875 0.683501275 0.50867346875 0.678603315625 0.495663265625 0.6874808671875 0.495663265625 0.7003380109374999 0.503571428125 0.706256378125 0.523367346875 0.69635841875
0 0.3790816328125 0.5166135203125 0.36647959218750004 0.510899234375 0.3527551015625 0.523501275 0.3595918375 0.537225765625 0.377397959375 0.5338073984375 0.3790816328125 0.5166135203125
0 0.5350510203125001 0.4879400515625 0.517806121875 0.5022767859374999 0.5258673468749999 0.5143176015625001 0.5403061218749999 0.511256378125 0.5350510203125001 0.4879400515625
0 0.17285714218749998 0.8564604593749999 0.176428571875 0.84676658125 0.173367346875 0.8340114796875 0.1590816328125 0.833501275 0.15244897968749999 0.84523596875 0.1595918375 0.8554400515625 0.17285714218749998 0.8564604593749999
0 0.151938775 0.0644706625 0.18260204062500002 0.066460459375 0.18163265312500002 0.042684948437499995 0.1667857140625 0.031766581249999995 0.151938775 0.0644706625
0 0.1590816328125 0.961460459375 0.173367346875 0.9609502546875 0.176428571875 0.9481951531249999 0.17285714218749998 0.9385012749999999 0.1595918375 0.9395216843749999 0.15244897968749999 0.949725765625 0.1590816328125 0.961460459375