0 0.4375737359375 0.5816011234375 0.42692766875 0.5662359546875 0.40094452187499996 0.588679775 0.43049508437500006 0.6146910109375 0.44586025312500005 0.609971909375 0.4375737359375 0.5816011234375
0 0.434034409375 0.9255617984375 0.4021242984375 0.9173033703125 0.3666467703125 0.9480337078125001 0.39858497187499997 0.969297753125 0.434034409375 0.9255617984375
0 0.7390063203125 0.686797753125 0.7200737359375 0.718707865625 0.731899578125 0.7530056187499999 0.7579108140625 0.7482584265625001 0.7567310390624999 0.7116292140625 0.7390063203125 0.686797753125
0 0.3418433984375 0.74235955 0.3205512640625 0.7447191015625 0.3170119375 0.7825561796875 0.32765800624999997 0.8038202249999999 0.3524613765625 0.7991011234375 0.3572085671875 0.79199438125 0.3572085671875 0.767162921875 0.3418433984375 0.74235955
0 0.30518609531249996 0.5449438203125 0.2862816015625 0.5307584265624999 0.2986918234375 0.544074659375 0.2720962078125 0.5579494375 0.293360253125 0.5555898874999999 0.3146523875 0.5520505625000001 0.30518609531249996 0.5449438203125
0 0.24372542187500001 0.63359550625 0.21771418593749997 0.6466011234375 0.2236411515625 0.6667134828125 0.24136587031249998 0.6607865171875 0.24372542187500001 0.63359550625
0 0.22007373593750001 0.5981460671875001 0.20116924218749999 0.5910393265625 0.1869838484375 0.607612359375 0.1893433984375 0.621797753125 0.21889396093750002 0.624157303125 0.22007373593750001 0.5981460671875001
0 0.164540028125 0.485842696875 0.14206811875 0.48702247187500003 0.14206811875 0.5000280906250001 0.1408883421875 0.5118539328125 0.164540028125 0.5130337078125 0.1609726125 0.501207865625 0.164540028125 0.485842696875
0 0.4754108140625 0.31918539375 0.46476474687499997 0.359382021875 0.481309690625 0.4007584265625 0.527405196875 0.44685393281249997 0.526225421875 0.4645786515625 0.54869733125 0.47522471875 0.6006917140625 0.4645786515625 0.630242275 0.42084269687500003 0.6231636234375 0.35227528124999996 0.6066186796874999 0.31918539375 0.58296699375 0.3085393265625 0.5581355343750001 0.3085393265625 0.5132198031249999 0.3085393265625 0.4754108140625 0.31918539375
0 0.6373490171875 0.440926965625 0.6066186796874999 0.45985955 0.58178721875 0.5319382015625 0.6361692421875 0.57449438125 0.64324789375 0.56859550625 0.67633778125 0.5319382015625 0.7011692421875 0.5177808984375 0.746084971875 0.501207865625 0.7567310390624999 0.452752809375 0.6787254218750001 0.43384831406249996 0.6373490171875 0.440926965625
0 0.760270365625 0.9515730343750001 0.762629915625 0.9480337078125001 0.731899578125 0.9492134828125 0.748444521875 0.9633988765625 0.760270365625 0.9515730343750001
0 0.6243433984375 0.7683707859375 0.64442766875 0.7470786515625 0.61251755625 0.7458988765625 0.6243433984375 0.7683707859375
0 0.6823771062499999 0.8685674156250001 0.6885287921875001 0.8759831453125001 0.6984164328125 0.8772191015624999 0.713219803125 0.8735112359375 0.7095400281249999 0.8550000000000001 0.6996523875 0.8562359546874999 0.6848490171875 0.857471909375 0.6823771062499999 0.8685674156250001
0 0.47001755625 0.76609550625 0.45768609531250004 0.7698033703125 0.4539782296875 0.788342696875 0.46383778124999997 0.7957303375 0.48484901718750006 0.788342696875 0.48484901718750006 0.7673314609374999 0.47001755625 0.76609550625
0 0.3083040734375 0.8858707859375 0.2885287921875 0.8747471906250001 0.2650737359375 0.8932584265625 0.2934726125 0.9080898875000001 0.30706811875 0.8932584265625 0.3083040734375 0.8858707859375
0 0.46383778124999997 0.11918539375 0.45633778124999996 0.1721910109375 0.4786692421875 0.2303089890625 0.5823771062499999 0.23154494374999998 0.6083040734375 0.1907865171875 0.5947085671875 0.1500561796875 0.5453265453125 0.11424157343750001 0.46383778124999997 0.11918539375
0 0.7379108140625 0.11918539375 0.7379108140625 0.14016853906249999 0.7477984546875 0.1673314609375 0.7774332859374999 0.174747190625 0.789764746875 0.1599438203125 0.795944521875 0.1340168546875 0.78237710625 0.1130337078125 0.7539782296875 0.111797753125 0.7379108140625 0.11918539375
0 0.1021242984375 0.3624157296875 0.1015625 0.3657584265625 0.1015625 0.3914606734375 0.10583216250000001 0.3957303375 0.1120119375 0.3957303375 0.120635534375 0.3932584265625 0.12928721875 0.382162921875 0.1218714890625 0.3624157296875 0.10954002812500001 0.358707865625 0.1021242984375 0.3624157296875
0 0.489764746875 0.6957303375 0.49470856718749995 0.7080898875 0.5058321625 0.7167134828124999 0.51692766875 0.7167134828124999 0.520635534375 0.6895505625 0.5021242984375001 0.6833988765625 0.489764746875 0.6957303375
0 0.1342310390625 0.7858707859375 0.13299508437500002 0.7957303375 0.149034409375 0.8105617984375 0.16015800625 0.811797753125 0.17001755624999998 0.8179494375 0.17001755624999998 0.8093258421874999 0.166309690625 0.7895505625 0.149034409375 0.782162921875 0.1342310390625 0.7858707859375
0 0 0.622898184375 0.0137816015625 0.621797753125 0.0161411515625 0.607612359375 0.0019557578125 0.5910393265625 0 0.5917745515624999 0 0.622898184375
0 0.06105688124999999 0.48702247187500003 0.038584971875 0.485842696875 0.0421523875 0.501207865625 0.038584971875 0.5130337078125 0.0622366578125 0.5118539328125 0.06105688124999999 0.5000280906250001 0.06105688124999999 0.48702247187500003
0 0.1015625 0.3657584265625 0.1010007015625 0.3624157296875 0.093584971875 0.358707865625 0.0812535109375 0.3624157296875 0.07383778125 0.382162921875 0.08248946562500001 0.3932584265625 0.0911130625 0.3957303375 0.09729283749999999 0.3957303375 0.1015625 0.3914606734375 0.1015625 0.3657584265625
0 0.07012991562500001 0.7957303375 0.0688939609375 0.7858707859375 0.054090590625000004 0.782162921875 0.036815309375 0.7895505625 0.03310744375 0.8093258421874999 0.03310744375 0.8179494375 0.04296699375 0.811797753125 0.054090590625000004 0.8105617984375 0.07012991562500001 0.7957303375