0 0.28575289531250003 0.511165540625 0.2783011578125 0.5078836875 0.2691891890625 0.5161462359375 0.27911196875 0.5310883203125 0.28575289531250003 0.5178064671875 0.28575289531250003 0.511165540625
0 0.784749034375 0.7167639968749999 0.7789575296875 0.7208952703125 0.7797683390625 0.7300072390625 0.7838996140625001 0.734987934375 0.790540540625 0.73081805 0.790540540625 0.7208952703125 0.784749034375 0.7167639968749999
0 0.9173745171875 0.5949107140625001 0.9123938218750001 0.60151303125 0.9157142859375 0.6114744203125 0.9248262546875001 0.6172659265625 0.9272972968750001 0.6064937265625 0.9248262546875001 0.59738175625 0.9173745171875 0.5949107140625001
0 0.6115057921875 0.4995825296875 0.5966023171875 0.5053740343750001 0.5998841703125 0.5194666984375 0.608185328125 0.52112693125 0.6139768343750001 0.5103547296875 0.6115057921875 0.4995825296875
0 0.5717374515625 0.4034435328125 0.5700772203125 0.40838561718750005 0.5733590734375 0.41834700781249995 0.57833976875 0.41919642812499996 0.5833204640625 0.41255550156250004 0.5808494203125 0.406763996875 0.5717374515625 0.4034435328125
0 0.5327799234375 0.443211871875 0.5203474906250001 0.4448721046875 0.518687259375 0.45398407343749997 0.52694980625 0.4639454640625 0.535250965625 0.450663609375 0.5327799234375 0.443211871875
0 0.44988417031249994 0.5534435328125 0.4473745171875 0.5634049234375 0.45980695000000005 0.5691964281249999 0.46810810781249995 0.565875965625 0.467297296875 0.5534435328125 0.45980695000000005 0.552632721875 0.44988417031249994 0.5534435328125
0 0.05119691093749999 0.481358590625 0.047876448437500004 0.4896211390625 0.048687259375 0.4995825296875 0.05617760625 0.5029029921875 0.0627799234375 0.4929416015625 0.0627799234375 0.4896211390625 0.059459459375 0.481358590625 0.05119691093749999 0.481358590625
0 0.0619691125 0.7043315640625 0.057799228125000005 0.7109338796875 0.06362934375 0.72170608125 0.07027027031250001 0.72004585 0.0760617765625 0.715914575 0.07521235468750001 0.7084628375 0.06776061718750001 0.7026713328125 0.0619691125 0.7043315640625
0 0.8170656375 0.3412813703125 0.8154054046875 0.3470728765625 0.8179150578125001 0.3545246140625 0.8253667953124999 0.353713803125 0.8270270265624999 0.34294160156250003 0.8220463328125 0.3396211390625 0.8170656375 0.3412813703125
0 0.6313899609375 0.2981539578125 0.6280694984374999 0.30560569531250004 0.6322393828124999 0.3114358109375 0.63637065625 0.312246621875 0.64382239375 0.3072659265625 0.6421621625 0.304794884375 0.63637065625 0.2964937265625 0.6313899609375 0.2981539578125
0 0.4647876453125 0.450663609375 0.45814671875 0.45815395781249996 0.4631274125 0.472246621875 0.46976833906250004 0.4722080109375 0.47057915 0.4573045359375 0.4647876453125 0.450663609375
0 0.6338996140625001 0.5136751937499999 0.6297297296875 0.5227871625 0.634710425 0.5327485515625 0.6396911203125 0.53189913125 0.6396911203125 0.5194666984375 0.6338996140625001 0.5136751937499999
0 0.7517374515624999 0.7730574328125 0.7491119687500001 0.7780767375 0.7573745171875 0.7830574328125001 0.7615444015625 0.7822466218749999 0.76069498125 0.770625 0.754903475 0.7722852312499999 0.7517374515624999 0.7730574328125
0 0.21528957499999998 0.65622345625 0.21034749062500002 0.6587331078124999 0.21115830156249998 0.6695053093750001 0.21945945937500003 0.6695053093750001 0.2227799234375 0.6645246140625 0.221119690625 0.6587331078124999 0.21528957499999998 0.65622345625
0 0.3280308875 0.57170608125 0.3238996140625 0.5741771234375 0.32305019375 0.5841385140625001 0.3330115828125 0.584949325 0.33714285781250003 0.5799686296875 0.3346718140625 0.5733663124999999 0.3280308875 0.57170608125
0 0.7084942078124999 0.4291192078125 0.704324325 0.4332890921875 0.704324325 0.43989140937500004 0.7126254828125 0.43989140937500004 0.71675675625 0.435760134375 0.7142857140625 0.42830839843749996 0.7084942078124999 0.4291192078125
0 0.9281467187500001 0.34209218125 0.9239768343750001 0.3470728765625 0.9272972968750001 0.352053571875 0.9339382234375 0.3528643828125 0.9372586875 0.34209218125 0.9281467187500001 0.34209218125
0 0.7789575296875 0.9603547296875 0.784749034375 0.964486003125 0.790540540625 0.9603547296875 0.790540540625 0.9504319499999999 0.7838996140625001 0.9462620656249999 0.7797683390625 0.9512427609375 0.7789575296875 0.9603547296875
0 0.057799228125000005 0.9703161203124999 0.0619691125 0.9769184359375 0.06776061718750001 0.9785786671875 0.07521235468750001 0.9727871625000001 0.0760617765625 0.9653354249999999 0.07027027031250001 0.96120415 0.06362934375 0.95954391875 0.057799228125000005 0.9703161203124999
0 0.6280694984374999 0.016570945312499998 0.6313899609375 0.0240226828125 0.63637065625 0.025682915625000004 0.6421621625 0.017381756249999998 0.64382239375 0.0149107140625 0.63637065625 0.00993001875 0.6322393828124999 0.0107408296875 0.6280694984374999 0.016570945312499998
0 0.7491119687500001 0.9031732625 0.7517374515624999 0.9081925671875 0.754903475 0.90896476875 0.76069498125 0.9106249999999999 0.7615444015625 0.899003378125 0.7573745171875 0.8981925671875001 0.7491119687500001 0.9031732625