0 0.49960145 0.57360054375 0.5215217390625 0.5579121375 0.5215217390625 0.5250135874999999 0.5019565218750001 0.50932518125 0.48155797031249997 0.4959918484375 0.449420290625 0.51715126875 0.42514492812500004 0.57827445625 0.4682246375 0.5939628625 0.49960145 0.57360054375
0 0.954782609375 0.3082019921875 0.9576449281249999 0.303057065625 0.94003623125 0.27577445625 0.9195652171875001 0.27008605 0.9059057968750001 0.2951222828125 0.9235507249999999 0.3144338765625 0.954782609375 0.3082019921875
0 0.49583333281249997 0.417404890625 0.5003623187499999 0.3969338765625 0.48731884062499997 0.374180253125 0.46913043437499996 0.37189764531249997 0.4582971015625 0.4083106890625 0.4742391296875 0.42421648593750005 0.49583333281249997 0.417404890625
0 0.213405796875 0.7229846015625 0.21913043437500002 0.7049773546875 0.1977536234375 0.6874411234375 0.16985507187499999 0.6959918484375 0.16702898593749999 0.730557065625 0.1911956515625 0.7405208328125 0.213405796875 0.7229846015625
0 0.3067753625 0.5728034421875 0.328079709375 0.5225860499999999 0.304818840625 0.48802083281249997 0.22427536250000002 0.47997735468749997 0.20485507187500002 0.5439266296875 0.2456159421875 0.58037590625 0.3067753625 0.5728034421875
0 0.14750000000000002 0.279470109375 0.16521739062500002 0.24197010937500002 0.150905796875 0.22081068906249998 0.10996376875 0.23240489062499997 0.0792753625 0.279470109375 0.0922463765625 0.3081295296875 0.14750000000000002 0.279470109375
0 0.90713768125 0.3909918484375 0.88753623125 0.44193387656249994 0.9471014500000001 0.45305706562500003 0.9408333328125 0.4019338765625 0.90713768125 0.3909918484375
0 0.739420290625 0.632368659375 0.7888043484375 0.6174773546875 0.8028985499999999 0.6315715578125001 0.816992753125 0.6213903984375 0.824855071875 0.6127672093750001 0.8561956515625001 0.6088541671875001 0.8781521734375 0.583781703125 0.8632608703125 0.58222373125 0.8781521734375 0.5673324281250001 0.8405072468749999 0.5649773546875 0.816992753125 0.5626222828125 0.8083695656250001 0.5626222828125 0.80681159375 0.5547961953125 0.7856521734374999 0.55008605 0.7511594203125 0.560267209375 0.7190217390625 0.596317934375 0.7472463765625 0.6088541671875001 0.739420290625 0.632368659375
0 0.7488043484375 0.25932518125000004 0.7276449281249999 0.22874547031249998 0.69003623125 0.24283967343750001 0.6876811593750001 0.2718614125 0.7245289859375 0.28515851406250003 0.7488043484375 0.25932518125000004
0 0.9195652171875001 0.06428895 0.94003623125 0.05860054375 0.9576449281249999 0.031317934375 0.954782609375 0.0261730078125 0.9235507249999999 0.0199411234375 0.9059057968750001 0.0392527171875 0.9195652171875001 0.06428895
0 0.16985507187499999 0.9644701093749999 0.1977536234375 0.9730208328125001 0.21913043437500002 0.9554846015624999 0.213405796875 0.9374773546874999 0.1911956515625 0.9199411234375001 0.16702898593749999 0.929904890625 0.16985507187499999 0.9644701093749999
0 0.10996376875 0.10197010937499999 0.150905796875 0.1135643109375 0.16521739062500002 0.092404890625 0.14750000000000002 0.054904890625 0.0922463765625 0.0262454703125 0.0792753625 0.054904890625 0.10996376875 0.10197010937499999
0 0.69003623125 0.09153532656249999 0.7276449281249999 0.10562952968749999 0.7488043484375 0.07504981875 0.7245289859375 0.0492164859375 0.6876811593750001 0.0625135875 0.69003623125 0.09153532656249999