0 0.11153988906250001 0.34216488906250003 0.135621521875 0.359029453125 0.1508719859375 0.363834646875 0.163710575 0.37427991718750003 0.1789610390625 0.359029453125 0.2078478671875 0.34216488906250003 0.19580705 0.3116639609375 0.1757513921875 0.2827771328125 0.1468460109375 0.28678455468749997 0.1348237484375 0.3293262984375 0.11153988906250001 0.34216488906250003
0 0.836549165625 0.6025916046875001 0.8083487937499999 0.6207734234375 0.8324675328125 0.638955240625 0.8532467531249999 0.6283801015625 0.836549165625 0.6025916046875001
0 0.4494434140625 0.3060424390625 0.40610389687500004 0.2755415125 0.3651762515625 0.3221092296875 0.3491280140625 0.3526101578125 0.3459183671875 0.4152075609375 0.3115027828125 0.46919642812499995 0.3563450828125 0.5163392859375 0.3659740265625 0.5476379875 0.398886828125 0.5717196203125 0.5024304265625 0.525968228125 0.51447124375 0.485040584375 0.5008163265625 0.4344654453125 0.49601113124999996 0.37667323750000004 0.5128571421875 0.341367115625 0.4687198515625 0.314075834375 0.4494434140625 0.3060424390625
0 0.7388497218750001 0.7661908625 0.7780333953125 0.7453745359374999 0.78374768125 0.7168031078125 0.7515027828124999 0.7065990265625001 0.725788496875 0.7212929031249999 0.7196660484375 0.747823515625 0.7388497218750001 0.7661908625
0 0.7894619671875 0.6776379875 0.7882374765625 0.6555971703125001 0.7633395171874999 0.6535563546875001 0.7547680890625 0.6621277828125 0.7657884968750001 0.6837418828125 0.7894619671875 0.6776379875
0 0.609053803125 0.8129997687499999 0.6175324671875 0.8129997687499999 0.620909090625 0.8036862250000001 0.6183673468750001 0.7977678578125 0.6107606671875 0.8003096015625 0.60398886875 0.80114448125 0.609053803125 0.8129997687499999
0 0.389257884375 0.7025544984375001 0.38523191093750003 0.741088821875 0.38042671562499997 0.8020721249999999 0.402096475 0.8333893781249999 0.49198515781249996 0.8157270406249999 0.4951948046875 0.7739830703125 0.5024304265625 0.7097715671875 0.4759369203125 0.7049663734375 0.448645640625 0.672053571875 0.40129870156249997 0.679270640625 0.389257884375 0.7025544984375001
0 0.1365608296875 0 0.1468460109375 0.03639494375 0.1757513921875 0.040402365625 0.19580705 0.0115155375 0.20035302656249998 0 0.1365608296875 0
0 0.7196660484375 0.9334264843750001 0.725788496875 0.959957096875 0.7515027828124999 0.9746509734375 0.78374768125 0.9644468921874999 0.7780333953125 0.9358754640625 0.7388497218750001 0.9150591374999999 0.7196660484375 0.9334264843750001
0 0.60398886875 0.88010551875 0.6107606671875 0.8809403984375 0.6183673468750001 0.8834821421875001 0.620909090625 0.8775637749999999 0.6175324671875 0.86825023125 0.609053803125 0.86825023125 0.60398886875 0.88010551875
0 0.4562713140625 1 0.4759369203125 0.9762836265624999 0.5024304265625 0.9714784328125001 0.4951948046875 0.9072669296875 0.49198515781249996 0.865522959375 0.402096475 0.847860621875 0.38042671562499997 0.8791778750000001 0.38523191093750003 0.9401611781250001 0.389257884375 0.9786955015625001 0.4002751125 1 0.4562713140625 1