0 0.023047945312500002 0.68361729375 0.0183219171875 0.6863227734375 0.016952054687500002 0.727658390625 0.048801370312499995 0.7256378421874999 0.046095890625000004 0.6931035953125 0.023047945312500002 0.68361729375
0 0.04 0.3096446921875 0.0244178078125 0.3109803078125 0.021027396875 0.32724743125 0.0311986296875 0.34622003437500004 0.046780821875 0.346904965625 0.048801370312499995 0.33875428125 0.04 0.3096446921875
0 0.50068493125 0.28187071874999997 0.4891780828125 0.275774828125 0.48445205468749997 0.28252140468750003 0.4905479453125 0.2940625 0.49595890468750004 0.2899871578125 0.50068493125 0.28187071874999997
0 0.514246575 0.29200770625 0.50681506875 0.29200770625 0.5034246578125 0.3021789390625 0.507465753125 0.307589896875 0.514246575 0.3028638703125 0.514246575 0.29200770625
0 0.5901369859375001 0.3048844171875 0.571849315625 0.3089597609375 0.571849315625 0.3299529109375 0.592157534375 0.3306378421875 0.6003082187500001 0.312350171875 0.5901369859375001 0.3048844171875
0 0.666027396875 0.268309075 0.6666780828125 0.287966609375 0.6734589046874999 0.29745291093750004 0.7019178078125 0.2960830484375 0.711404109375 0.2777953765625 0.7059931500000001 0.2710145546875 0.677534246875 0.2601926375 0.666027396875 0.268309075
0 0.830650684375 0.6843022265625 0.81099315 0.6843022265625 0.7920205484375 0.7059803078125 0.8170890406250001 0.707315925 0.8360616437499999 0.6991994859374999 0.830650684375 0.6843022265625
0 0.2144520546875 0.516596746875 0.2131164390625 0.551151540625 0.2090410953125 0.576220034375 0.27 0.576220034375 0.28085616406249997 0.5471104453125 0.25780821875000004 0.5159460609375001 0.23273972656250003 0.498309075 0.2144520546875 0.516596746875
0 0.21852739687499997 0.6446446921875 0.20363013749999997 0.6446446921875 0.19818493125 0.67649400625 0.2219178078125 0.6649871578125001 0.21852739687499997 0.6446446921875
0 0.9465068499999999 0.62875428125 0.9248287671875 0.6226583906250001 0.9044863015625 0.642281678125 0.9309246578125 0.6524529109375 0.9485273968750001 0.6402611296875 0.9465068499999999 0.62875428125
0 0.5925 0.35738441718749997 0.5823287671874999 0.3763570203125 0.599965753125 0.400774828125 0.61349315 0.3878981171875 0.6250342468750001 0.3750214046875 0.61349315 0.360774828125 0.5925 0.35738441718749997
0 0.908904109375 0.36687071875 0.9285616437499999 0.38180222656249996 0.9285616437499999 0.3885488015625 0.9522602734375001 0.37974743125 0.959726028125 0.360774828125 0.967157534375 0.3451926375 0.9407534249999999 0.3438570203125 0.9055136984375001 0.3546789390625 0.908904109375 0.36687071875
0 0.30695205468750003 0.584028253125 0.31640410937499996 0.6307748281250001 0.35705479375000004 0.6456720890625001 0.39705479375 0.6321104453124999 0.3801027390625 0.60163099375 0.3753767125 0.56505565 0.34756849375 0.5264255140625 0.31030821875000003 0.5298159250000001 0.30695205468750003 0.584028253125
0 0.559657534375 0.67005565 0.52780821875 0.6666652390625 0.5251027390624999 0.6856378421875 0.547465753125 0.695809075 0.5636986296875001 0.68361729375 0.559657534375 0.67005565
0 0.5881164390625 0.49663099375 0.5711643828125 0.4932405828125 0.57455479375 0.512213184375 0.5914726031249999 0.5264255140625 0.592157534375 0.5101926375 0.5881164390625 0.49663099375
0 0.2527397265625 0.7635488015624999 0.2602054796875 0.7640625 0.2630479453125 0.7640625 0.271027396875 0.7554323625 0.2534246578125 0.7513570203125 0.23239726093750002 0.7520419515625 0.22835616406249998 0.7574529109375 0.22835616406249998 0.7581378421875 0.23106164375 0.762213184375 0.23445205468750002 0.7628981171875 0.2418835609375 0.7635488015624999 0.2527397265625 0.7635488015624999
0 0.0183219171875 0.8418022265625 0.023047945312500002 0.8445077062499999 0.046095890625000004 0.8350214046875 0.048801370312499995 0.8024871578124999 0.016952054687500002 0.800466609375 0.0183219171875 0.8418022265625
0 0.0244178078125 0.162350171875 0.04 0.1636857875 0.048801370312499995 0.1345761984375 0.046780821875 0.1264255140625 0.0311986296875 0.1271104453125 0.021027396875 0.1460830484375 0.0244178078125 0.162350171875
0 0.4891780828125 0.19755565 0.50068493125 0.1914597609375 0.49595890468750004 0.183343321875 0.4905479453125 0.1792679796875 0.48445205468749997 0.190809075 0.4891780828125 0.19755565
0 0.50681506875 0.1813227734375 0.514246575 0.1813227734375 0.514246575 0.170466609375 0.507465753125 0.16574058281249998 0.5034246578125 0.171151540625 0.50681506875 0.1813227734375
0 0.571849315625 0.16437071875 0.5901369859375001 0.1684460609375 0.6003082187500001 0.1609803078125 0.592157534375 0.1426926375 0.571849315625 0.14337756875000002 0.571849315625 0.16437071875
0 0.6666780828125 0.18536387031249998 0.666027396875 0.2050214046875 0.677534246875 0.2131378421875 0.7059931500000001 0.202315925 0.711404109375 0.195535103125 0.7019178078125 0.17724743125 0.6734589046874999 0.17587756875 0.6666780828125 0.18536387031249998
0 0.81099315 0.8438227734374999 0.830650684375 0.8438227734374999 0.8360616437499999 0.8289255140625 0.8170890406250001 0.820809075 0.7920205484375 0.8221446921875 0.81099315 0.8438227734374999
0 0.26681527968749996 1 0.28085616406249997 0.9810145546875001 0.27 0.951904965625 0.2090410953125 0.951904965625 0.2131164390625 0.976973459375 0.21400646406249998 1 0.26681527968749996 1
0 0.20363013749999997 0.8834803078125001 0.21852739687499997 0.8834803078125001 0.2219178078125 0.8631378421875 0.19818493125 0.8516309937500001 0.20363013749999997 0.8834803078125001
0 0.9248287671875 0.9054666093750001 0.9465068499999999 0.89937071875 0.9485273968750001 0.8878638703125 0.9309246578125 0.8756720890624999 0.9044863015625 0.8858433218749999 0.9248287671875 0.9054666093750001
0 0.5823287671874999 0.096973459375 0.5925 0.1159460609375 0.61349315 0.11255565000000001 0.6250342468750001 0.098309075 0.61349315 0.0854323625 0.599965753125 0.07255565 0.5823287671874999 0.096973459375
0 0.9285616437499999 0.091528253125 0.908904109375 0.10645976093750001 0.9055136984375001 0.11865154062500001 0.9407534249999999 0.12947345937500002 0.967157534375 0.1281378421875 0.959726028125 0.11255565000000001 0.9522602734375001 0.09358304843750001 0.9285616437499999 0.08478167812500001 0.9285616437499999 0.091528253125
0 0.3487918828125 1 0.3753767125 0.9630693499999999 0.3801027390625 0.9264940062499999 0.39705479375 0.8960145546874999 0.35705479375000004 0.8824529109375 0.31640410937499996 0.8973501718750001 0.30695205468750003 0.9440967468749999 0.31030821875000003 0.9983090750000001 0.3288913140625 1 0.3487918828125 1
0 0.52780821875 0.8614597609375 0.559657534375 0.8580693500000001 0.5636986296875001 0.8445077062499999 0.547465753125 0.832315925 0.5251027390624999 0.8424871578124999 0.52780821875 0.8614597609375
0 0.2602054796875 0.7640625 0.2527397265625 0.7645761984375 0.2418835609375 0.7645761984375 0.23445205468750002 0.7652268828125 0.23106164375 0.765911815625 0.22835616406249998 0.7699871578125 0.22835616406249998 0.7706720890625001 0.23239726093750002 0.7760830484375 0.2534246578125 0.7767679796875 0.271027396875 0.7726926375 0.2630479453125 0.7640625 0.2602054796875 0.7640625