0 0.599055478125 0.588679775 0.57307233125 0.5662359546875 0.5624262640625 0.5816011234375 0.554139746875 0.609971909375 0.5695049156249999 0.6146910109375 0.599055478125 0.588679775
0 0.5978757015625 0.9173033703125 0.5659655906250001 0.9255617984375 0.601415028125 0.969297753125 0.6333532296875 0.9480337078125001 0.5978757015625 0.9173033703125
0 0.268100421875 0.7530056187499999 0.2799262640625 0.718707865625 0.2609936796875 0.686797753125 0.2432689609375 0.7116292140625 0.2420891859375 0.7482584265625001 0.268100421875 0.7530056187499999
0 0.6475386234375 0.7991011234375 0.67234199375 0.8038202249999999 0.6829880625 0.7825561796875 0.6794487359375 0.7447191015625 0.6581566015625 0.74235955 0.6427914328125001 0.767162921875 0.6427914328125001 0.79199438125 0.6475386234375 0.7991011234375
0 0.7279037921875 0.5579494375 0.7013081765625 0.544074659375 0.7137183984375 0.5307584265624999 0.6948139046875 0.5449438203125 0.6853476125 0.5520505625000001 0.706639746875 0.5555898874999999 0.7279037921875 0.5579494375
0 0.7822858140625 0.6466011234375 0.756274578125 0.63359550625 0.7586341296875 0.6607865171875 0.7763588484375 0.6667134828125 0.7822858140625 0.6466011234375
0 0.8130161515625 0.607612359375 0.7988307578125 0.5910393265625 0.7799262640625 0.5981460671875001 0.7811060390625 0.624157303125 0.8106566015625001 0.621797753125 0.8130161515625 0.607612359375
0 0.8591116578125 0.5118539328125 0.8579318812500001 0.5000280906250001 0.8579318812500001 0.48702247187500003 0.835459971875 0.485842696875 0.8390273875 0.501207865625 0.835459971875 0.5130337078125 0.8591116578125 0.5118539328125
0 0.41703300624999995 0.3085393265625 0.3933813203125 0.31918539375 0.3768363765625 0.35227528124999996 0.36975772500000004 0.42084269687500003 0.3993082859375 0.4645786515625 0.45130266875 0.47522471875 0.473774578125 0.4645786515625 0.47259480312499996 0.44685393281249997 0.5186903093749999 0.4007584265625 0.535235253125 0.359382021875 0.5245891859375 0.31918539375 0.486780196875 0.3085393265625 0.441864465625 0.3085393265625 0.41703300624999995 0.3085393265625
0 0.253915028125 0.501207865625 0.2988307578125 0.5177808984375 0.32366221875 0.5319382015625 0.35675210625 0.56859550625 0.3638307578125 0.57449438125 0.41821278125 0.5319382015625 0.3933813203125 0.45985955 0.3626509828125 0.440926965625 0.32127457812500004 0.43384831406249996 0.2432689609375 0.452752809375 0.253915028125 0.501207865625
0 0.237370084375 0.9480337078125001 0.239729634375 0.9515730343750001 0.251555478125 0.9633988765625 0.268100421875 0.9492134828125 0.237370084375 0.9480337078125001
0 0.37565660156249997 0.7683707859375 0.38748244375 0.7458988765625 0.35557233125 0.7470786515625 0.37565660156249997 0.7683707859375
0 0.290459971875 0.8550000000000001 0.286780196875 0.8735112359375 0.3015835671875 0.8772191015624999 0.31147120781250004 0.8759831453125001 0.31762289374999997 0.8685674156250001 0.3151509828125 0.857471909375 0.3003476125 0.8562359546874999 0.290459971875 0.8550000000000001
0 0.53616221875 0.7957303375 0.5460217703125 0.788342696875 0.5423139046875 0.7698033703125 0.52998244375 0.76609550625 0.5151509828124999 0.7673314609374999 0.5151509828124999 0.788342696875 0.53616221875 0.7957303375
0 0.7349262640625 0.8932584265625 0.7114712078125 0.8747471906250001 0.6916959265625 0.8858707859375 0.69293188125 0.8932584265625 0.7065273875 0.9080898875000001 0.7349262640625 0.8932584265625
0 0.3916959265625 0.1907865171875 0.41762289375000006 0.23154494374999998 0.5213307578124999 0.2303089890625 0.54366221875 0.1721910109375 0.53616221875 0.11918539375 0.45467345468750003 0.11424157343750001 0.4052914328125 0.1500561796875 0.3916959265625 0.1907865171875
0 0.204055478125 0.1340168546875 0.21023525312500002 0.1599438203125 0.2225667140625 0.174747190625 0.2522015453125 0.1673314609375 0.26208918593749997 0.14016853906249999 0.26208918593749997 0.11918539375 0.2460217703125 0.111797753125 0.21762289375 0.1130337078125 0.204055478125 0.1340168546875
0 0.87071278125 0.382162921875 0.879364465625 0.3932584265625 0.8879880625000001 0.3957303375 0.8941678375000001 0.3957303375 0.8984375 0.3914606734375 0.8984375 0.3657584265625 0.8978757015625 0.3624157296875 0.8904599718749999 0.358707865625 0.8781285109375 0.3624157296875 0.87071278125 0.382162921875
0 0.48307233125 0.7167134828124999 0.49416783750000004 0.7167134828124999 0.5052914328125 0.7080898875 0.5102352531250001 0.6957303375 0.4978757015625 0.6833988765625 0.47936446562499996 0.6895505625 0.48307233125 0.7167134828124999
0 0.82998244375 0.8093258421874999 0.82998244375 0.8179494375 0.83984199375 0.811797753125 0.850965590625 0.8105617984375 0.867004915625 0.7957303375 0.8657689609375 0.7858707859375 0.850965590625 0.782162921875 0.8336903093749999 0.7895505625 0.82998244375 0.8093258421874999
0 1 0.5917745515624999 0.9980442421875001 0.5910393265625 0.9838588484375 0.607612359375 0.9862183984374999 0.621797753125 1 0.622898184375 1 0.5917745515624999
0 0.961415028125 0.5130337078125 0.9578476125 0.501207865625 0.961415028125 0.485842696875 0.9389431187499999 0.48702247187500003 0.9389431187499999 0.5000280906250001 0.9377633421875 0.5118539328125 0.961415028125 0.5130337078125
0 0.9088869374999999 0.3957303375 0.917510534375 0.3932584265625 0.92616221875 0.382162921875 0.9187464890625 0.3624157296875 0.9064150281250001 0.358707865625 0.8989992984375 0.3624157296875 0.8984375 0.3657584265625 0.8984375 0.3914606734375 0.9027071624999999 0.3957303375 0.9088869374999999 0.3957303375
0 0.96689255625 0.8179494375 0.96689255625 0.8093258421874999 0.9631846906250001 0.7895505625 0.945909409375 0.782162921875 0.9311060390625 0.7858707859375 0.929870084375 0.7957303375 0.945909409375 0.8105617984375 0.95703300625 0.811797753125 0.96689255625 0.8179494375