0 0.38395265156249997 0.9103030296875 0.387528409375 0.8988787874999999 0.3868011359375 0.8853030296875 0.3761041671875 0.8845757578125 0.3711041671875 0.8974545453125 0.37537689375 0.913151515625 0.38395265156249997 0.9103030296875
0 0.284407196875 0.909030303125 0.335225378125 0.9444848484374999 0.3683162875 0.8912727265625 0.3541344703125 0.8699999999999999 0.322225378125 0.8652727265625 0.2950435609375 0.8806363640624999 0.284407196875 0.909030303125
0 0.3340435609375 0.6926969703125 0.3789526515625 0.687969696875 0.3801344703125 0.6253333328124999 0.363589015625 0.5898787875 0.322225378125 0.5886969703125 0.2903162875 0.6016969703124999 0.270225378125 0.6146969703125 0.270225378125 0.6796969703125 0.3340435609375 0.6926969703125
0 0.641195075 0.13706060625 0.6745284093749999 0.11730302968749999 0.6547708328125 0.0605151515625 0.6091041671874999 0.061727273437499994 0.5967708328125 0.0975454546875 0.5918314390625 0.11606060625 0.641195075 0.13706060625
0 0.43752840937500004 0.4894242421875 0.45898295468750006 0.46084848437500003 0.44825568125000004 0.4272727265625 0.392528409375 0.4293939390625 0.387528409375 0.490848484375 0.43752840937500004 0.4894242421875
0 0.44243750000000004 0.63706060625 0.46837689375 0.6395151515624999 0.46837689375 0.6135757578125001 0.43737689375000005 0.601212121875 0.4325587125 0.63706060625 0.44243750000000004 0.63706060625
0 0.22516477343750002 0.13087878749999998 0.23255871250000001 0.10248484843750001 0.216528409375 0.07160606093750001 0.184407196875 0.074090909375 0.183195075 0.1 0.190589015625 0.121 0.22516477343750002 0.13087878749999998
0 0.6423768937500001 0.7512727265625 0.684528409375 0.7426969703124999 0.68737689375 0.7141212125 0.6509526515624999 0.706969696875 0.63237689375 0.7291212125000001 0.6423768937500001 0.7512727265625
0 0.67237689375 0.7934242421875 0.686679925 0.7955454546875 0.6909526515625 0.779848484375 0.67737689375 0.7741212125 0.67237689375 0.7934242421875
0 0.5430738640625 0.8941515156250001 0.5537708328125001 0.8963030296875001 0.5630738640625 0.8855757578125001 0.5580738640625 0.8763030296875 0.5430738640625 0.8777272734375 0.5430738640625 0.8941515156250001
0 0.4661344703125 0.4286969703125 0.5097102265625 0.4093939390625 0.5011344703125 0.3536666671875 0.464679925 0.347969696875 0.43752840937500004 0.3565454546875 0.440407196875 0.38939393906249997 0.4661344703125 0.4286969703125
0 0.5757708328125 0.5555757578125 0.5918314390625 0.5592727265625 0.600467803125 0.53581818125 0.56837689375 0.521 0.5757708328125 0.5555757578125
0 0 0.9111328593750001 0.020740529687500002 0.9444848484374999 0.0715587125 0.909030303125 0.060922348437499996 0.8806363640624999 0.0337405296875 0.8652727265625 0.0018314390625 0.8699999999999999 0 0.872747159375 0 0.9111328593750001
0 0 0.6903893546875 0.0219223484375 0.6926969703125 0.0857405296875 0.6796969703125 0.0857405296875 0.6146969703125 0.065649621875 0.6016969703124999 0.0337405296875 0.5886969703125 0 0.589660984375 0 0.6903893546875
0 1 0.0607247296875 0.9921041671875 0.0605151515625 0.9723465906250001 0.11730302968749999 1 0.133693959375 1 0.0607247296875
0 0.12340719687499999 0.10248484843750001 0.1308011359375 0.13087878749999998 0.16537689375 0.121 0.1727708328125 0.1 0.17155871250000002 0.074090909375 0.1394375 0.07160606093750001 0.12340719687499999 0.10248484843750001
0 1 0.7118322796875 0.9959223484375 0.706969696875 0.9594981062500001 0.7141212125 0.962346590625 0.7426969703124999 1 0.750357584375 1 0.7118322796875
0 0.960195075 0.7955454546875 0.9744981062500001 0.7934242421875 0.96949810625 0.7741212125 0.9559223484375 0.779848484375 0.960195075 0.7955454546875