0 0.4682246375 0.4060371375 0.42514492812500004 0.42172554375000004 0.449420290625 0.48284873125 0.48155797031249997 0.5040081515625 0.5019565218750001 0.49067481874999996 0.5215217390625 0.4749864125 0.5215217390625 0.44208786250000004 0.49960145 0.42639945625 0.4682246375 0.4060371375
0 0.9235507249999999 0.6855661234375 0.9059057968750001 0.7048777171875 0.9195652171875001 0.72991395 0.94003623125 0.72422554375 0.9576449281249999 0.696942934375 0.954782609375 0.6917980078125 0.9235507249999999 0.6855661234375
0 0.4742391296875 0.5757835140625 0.4582971015625 0.5916893109375 0.46913043437499996 0.6281023546875 0.48731884062499997 0.625819746875 0.5003623187499999 0.6030661234375 0.49583333281249997 0.5825951093749999 0.4742391296875 0.5757835140625
0 0.1911956515625 0.25947916718749997 0.16702898593749999 0.269442934375 0.16985507187499999 0.3040081515625 0.1977536234375 0.3125588765625 0.21913043437500002 0.2950226453125 0.213405796875 0.2770153984375 0.1911956515625 0.25947916718749997
0 0.2456159421875 0.41962409375 0.20485507187500002 0.4560733703125 0.22427536250000002 0.5200226453125001 0.304818840625 0.5119791671875 0.328079709375 0.47741395000000003 0.3067753625 0.4271965578125 0.2456159421875 0.41962409375
0 0.0922463765625 0.6918704703125 0.0792753625 0.7205298906250001 0.10996376875 0.767595109375 0.150905796875 0.7791893109375 0.16521739062500002 0.758029890625 0.14750000000000002 0.7205298906250001 0.0922463765625 0.6918704703125
0 0.9408333328125 0.5980661234375 0.9471014500000001 0.546942934375 0.88753623125 0.5580661234375001 0.90713768125 0.6090081515625 0.9408333328125 0.5980661234375
0 0.7472463765625 0.39114583281250004 0.7190217390625 0.403682065625 0.7511594203125 0.43973279062500004 0.7856521734374999 0.44991395 0.80681159375 0.4452038046875 0.8083695656250001 0.4373777171875 0.816992753125 0.4373777171875 0.8405072468749999 0.4350226453125 0.8781521734375 0.432667571875 0.8632608703125 0.41777626874999996 0.8781521734375 0.416218296875 0.8561956515625001 0.39114583281250004 0.824855071875 0.387232790625 0.816992753125 0.3786096015625 0.8028985499999999 0.36842844218750004 0.7888043484375 0.3825226453125 0.739420290625 0.36763134062499997 0.7472463765625 0.39114583281250004
0 0.7245289859375 0.7148414859375001 0.6876811593750001 0.7281385874999999 0.69003623125 0.7571603265625 0.7276449281249999 0.7712545296875 0.7488043484375 0.74067481875 0.7245289859375 0.7148414859375001
0 0.9059057968750001 0.9607472828124999 0.9235507249999999 0.9800588765624999 0.954782609375 0.9738269921875 0.9576449281249999 0.9686820656249999 0.94003623125 0.9413994562499999 0.9195652171875001 0.9357110499999999 0.9059057968750001 0.9607472828124999
0 0.16702898593749999 0.07009510937499999 0.1911956515625 0.0800588765625 0.213405796875 0.0625226453125 0.21913043437500002 0.0445153984375 0.1977536234375 0.026979167187500003 0.16985507187499999 0.035529890625 0.16702898593749999 0.07009510937499999
0 0.0792753625 0.945095109375 0.0922463765625 0.9737545296875 0.14750000000000002 0.945095109375 0.16521739062500002 0.907595109375 0.150905796875 0.8864356890625 0.10996376875 0.898029890625 0.0792753625 0.945095109375
0 0.6876811593750001 0.9374864125 0.7245289859375 0.9507835140625 0.7488043484375 0.9249501812500001 0.7276449281249999 0.8943704703125 0.69003623125 0.9084646734374999 0.6876811593750001 0.9374864125