0 0.5544492921875 0.5027169812500001 0.6005625 0.5098113203125 0.6691285375 0.46015094375 0.6821096703125 0.39158490625 0.6691285375 0.29705660312500004 0.5970153296875 0.27456603749999997 0.5355436328125001 0.2686792453125 0.46814740625000006 0.350226415625 0.471694575 0.43298113281250006 0.4942983484375 0.47924528281249995 0.5544492921875 0.5027169812500001
0 0.383053065625 0.3845283015625 0.327505896875 0.38924528281250004 0.3410908015625 0.4294339625 0.38599646249999997 0.4298113203125 0.383053065625 0.3845283015625
0 0.45278891562499995 0.5109811328125 0.435053065625 0.5464528296875 0.472788915625 0.56415094375 0.49241155625 0.512075471875 0.45278891562499995 0.5109811328125
0 0.385430425 0.7887547171875 0.35127948125 0.817358490625 0.3795813671875 0.8592452828124999 0.4232417453125 0.8183018875 0.385430425 0.7887547171875
0 0.3852417453125 0.877358490625 0.3369398578125 0.9037735843749999 0.384487028125 0.9460377359375001 0.4278832546875 0.921509434375 0.3852417453125 0.877358490625
0 0.4348266515625 0.2355471703125 0.4675813671875 0.174075471875 0.46814740625000006 0.1677358484375 0.44056249999999997 0.145924528125 0.3917323109375 0.148792453125 0.3687511796875 0.1918867921875 0.373920990625 0.227509434375 0.4348266515625 0.2355471703125
0 0 0.502200225 0.0588266515625 0.47924528281249995 0.081430425 0.43298113281250006 0.08497759375 0.350226415625 0.0175813671875 0.2686792453125 0 0.2703629125 0 0.502200225
0 0.9755436328125 0.350226415625 0.90814740625 0.2686792453125 0.8466757078124999 0.27456603749999997 0.7745625 0.29705660312500004 0.7615813671875 0.39158490625 0.7745625 0.46015094375 0.8431285374999999 0.5098113203125 0.8892417453125001 0.5027169812500001 0.9493926890625 0.47924528281249995 0.9719964624999999 0.43298113281250006 0.9755436328125 0.350226415625
0 0.22561910312500003 0.38924528281250004 0.17007193437499998 0.3845283015625 0.1671285375 0.4298113203125 0.2120341984375 0.4294339625 0.22561910312500003 0.38924528281250004
0 0.118071934375 0.5464528296875 0.100336084375 0.5109811328125 0.06071344375 0.512075471875 0.080336084375 0.56415094375 0.118071934375 0.5464528296875
0 1 0.5291768875 0.990902121875 0.5109811328125 0.95127948125 0.512075471875 0.9709021218749999 0.56415094375 1 0.5505040390625 1 0.5291768875
0 0.20184551874999998 0.817358490625 0.167694575 0.7887547171875 0.1298832546875 0.8183018875 0.17354363281250001 0.8592452828124999 0.20184551874999998 0.817358490625
0 0.21618514218749998 0.9037735843749999 0.1678832546875 0.877358490625 0.1252417453125 0.921509434375 0.16863797187500001 0.9460377359375001 0.21618514218749998 0.9037735843749999
0 0.16139268906249998 0.148792453125 0.11256250000000001 0.145924528125 0.08497759375 0.1677358484375 0.0855436328125 0.174075471875 0.1182983484375 0.2355471703125 0.179204009375 0.227509434375 0.1843738203125 0.1918867921875 0.16139268906249998 0.148792453125