0 0.046095890625000004 0.3068964046875 0.048801370312499995 0.2743621578125 0.016952054687500002 0.272341609375 0.0183219171875 0.31367722656249997 0.023047945312500002 0.31638270625 0.046095890625000004 0.3068964046875
0 0.048801370312499995 0.66124571875 0.046780821875 0.6530950343749999 0.0311986296875 0.653779965625 0.021027396875 0.67275256875 0.0244178078125 0.6890196921875 0.04 0.6903553078125 0.048801370312499995 0.66124571875
0 0.49595890468750004 0.7100128421874999 0.4905479453125 0.7059375 0.48445205468749997 0.7174785953125 0.4891780828125 0.724225171875 0.50068493125 0.71812928125 0.49595890468750004 0.7100128421874999
0 0.514246575 0.6971361296875 0.507465753125 0.6924101031250001 0.5034246578125 0.6978210609375 0.50681506875 0.7079922937500001 0.514246575 0.7079922937500001 0.514246575 0.6971361296875
0 0.6003082187500001 0.687649828125 0.592157534375 0.6693621578125 0.571849315625 0.6700470890625 0.571849315625 0.6910402390625 0.5901369859375001 0.6951155828125 0.6003082187500001 0.687649828125
0 0.677534246875 0.7398073625 0.7059931500000001 0.7289854453125 0.711404109375 0.7222046234375 0.7019178078125 0.7039169515625 0.6734589046874999 0.7025470890625 0.6666780828125 0.712033390625 0.666027396875 0.731690925 0.677534246875 0.7398073625
0 0.8360616437499999 0.30080051406249997 0.8170890406250001 0.29268407500000004 0.7920205484375 0.2940196921875 0.81099315 0.3156977734375 0.830650684375 0.3156977734375 0.8360616437499999 0.30080051406249997
0 0.23273972656250003 0.501690925 0.25780821875000004 0.48405393906249994 0.28085616406249997 0.4528895546875 0.27 0.423779965625 0.2090410953125 0.423779965625 0.2131164390625 0.448848459375 0.2144520546875 0.483403253125 0.23273972656250003 0.501690925
0 0.2219178078125 0.3350128421875 0.19818493125 0.32350599375 0.20363013749999997 0.3553553078125 0.21852739687499997 0.3553553078125 0.2219178078125 0.3350128421875
0 0.9485273968750001 0.3597388703125 0.9309246578125 0.3475470890625 0.9044863015625 0.357718321875 0.9248287671875 0.377341609375 0.9465068499999999 0.37124571875 0.9485273968750001 0.3597388703125
0 0.61349315 0.6392251718749999 0.6250342468750001 0.6249785953125 0.61349315 0.6121018828125 0.599965753125 0.599225171875 0.5823287671874999 0.6236429796875 0.5925 0.6426155828125 0.61349315 0.6392251718749999
0 0.9055136984375001 0.6453210609375 0.9407534249999999 0.6561429796875 0.967157534375 0.6548073624999999 0.959726028125 0.6392251718749999 0.9522602734375001 0.62025256875 0.9285616437499999 0.6114511984375001 0.9285616437499999 0.6181977734374999 0.908904109375 0.63312928125 0.9055136984375001 0.6453210609375
0 0.31030821875000003 0.470184075 0.34756849375 0.4735744859375 0.3753767125 0.43494435 0.3801027390625 0.39836900625 0.39705479375 0.3678895546875 0.35705479375000004 0.3543279109375 0.31640410937499996 0.36922517187500004 0.30695205468750003 0.41597174687500005 0.31030821875000003 0.470184075
0 0.5636986296875001 0.31638270625 0.547465753125 0.304190925 0.5251027390624999 0.3143621578125 0.52780821875 0.33333476093750003 0.559657534375 0.32994435 0.5636986296875001 0.31638270625
0 0.592157534375 0.4898073625 0.5914726031249999 0.4735744859375 0.57455479375 0.487786815625 0.5711643828125 0.5067594171875001 0.5881164390625 0.50336900625 0.592157534375 0.4898073625
0 0.2418835609375 0.2364511984375 0.23445205468750002 0.2371018828125 0.23106164375 0.23778681562499998 0.22835616406249998 0.24186215781249998 0.22835616406249998 0.24254708906250003 0.23239726093750002 0.2479580484375 0.2534246578125 0.2486429796875 0.271027396875 0.24456763750000002 0.2630479453125 0.2359375 0.2602054796875 0.2359375 0.2527397265625 0.2364511984375 0.2418835609375 0.2364511984375
0 0.016952054687500002 0.199533390625 0.048801370312499995 0.1975128421875 0.046095890625000004 0.1649785953125 0.023047945312500002 0.15549229375 0.0183219171875 0.15819777343750002 0.016952054687500002 0.199533390625
0 0.021027396875 0.8539169515625 0.0311986296875 0.8728895546875 0.046780821875 0.8735744859375 0.048801370312499995 0.8654238015625 0.04 0.8363142124999999 0.0244178078125 0.8376498281250001 0.021027396875 0.8539169515625
0 0.48445205468749997 0.809190925 0.4905479453125 0.8207320203125 0.49595890468750004 0.816656678125 0.50068493125 0.8085402390624999 0.4891780828125 0.80244435 0.48445205468749997 0.809190925
0 0.5034246578125 0.8288484593750001 0.507465753125 0.8342594171875 0.514246575 0.8295333906250001 0.514246575 0.8186772265625001 0.50681506875 0.8186772265625001 0.5034246578125 0.8288484593750001
0 0.571849315625 0.8566224312499999 0.592157534375 0.8573073625 0.6003082187500001 0.8390196921875 0.5901369859375001 0.8315539390625 0.571849315625 0.8356292812499999 0.571849315625 0.8566224312499999
0 0.6734589046874999 0.82412243125 0.7019178078125 0.82275256875 0.711404109375 0.804464896875 0.7059931500000001 0.797684075 0.677534246875 0.7868621578125 0.666027396875 0.7949785953124999 0.6666780828125 0.8146361296875 0.6734589046874999 0.82412243125
0 0.7920205484375 0.1778553078125 0.8170890406250001 0.179190925 0.8360616437499999 0.17107448593750002 0.830650684375 0.1561772265625 0.81099315 0.1561772265625 0.7920205484375 0.1778553078125
0 0.21400646406249998 0 0.2131164390625 0.023026540625 0.2090410953125 0.048095034375 0.27 0.048095034375 0.28085616406249997 0.018985445312499998 0.26681527968749996 0 0.21400646406249998 0
0 0.19818493125 0.14836900625 0.2219178078125 0.1368621578125 0.21852739687499997 0.1165196921875 0.20363013749999997 0.1165196921875 0.19818493125 0.14836900625
0 0.9044863015625 0.11415667812500001 0.9309246578125 0.1243279109375 0.9485273968750001 0.1121361296875 0.9465068499999999 0.10062928125 0.9248287671875 0.094533390625 0.9044863015625 0.11415667812500001
0 0.599965753125 0.92744435 0.61349315 0.9145676375 0.6250342468750001 0.9016909249999999 0.61349315 0.88744435 0.5925 0.8840539390625001 0.5823287671874999 0.9030265406250001 0.599965753125 0.92744435
0 0.9285616437499999 0.9152183218750001 0.9522602734375001 0.9064169515625 0.959726028125 0.88744435 0.967157534375 0.8718621578124999 0.9407534249999999 0.870526540625 0.9055136984375001 0.881348459375 0.908904109375 0.8935402390625 0.9285616437499999 0.908471746875 0.9285616437499999 0.9152183218750001
0 0.3288913140625 0 0.31030821875000003 0.001690925 0.30695205468750003 0.055903253124999996 0.31640410937499996 0.10264982812500001 0.35705479375000004 0.1175470890625 0.39705479375 0.10398544531250001 0.3801027390625 0.07350599375 0.3753767125 0.036930649999999995 0.3487918828125 0 0.3288913140625 0
0 0.5251027390624999 0.1575128421875 0.547465753125 0.167684075 0.5636986296875001 0.15549229375 0.559657534375 0.14193065 0.52780821875 0.1385402390625 0.5251027390624999 0.1575128421875
0 0.2630479453125 0.2359375 0.271027396875 0.2273073625 0.2534246578125 0.2232320203125 0.23239726093750002 0.2239169515625 0.22835616406249998 0.2293279109375 0.22835616406249998 0.2300128421875 0.23106164375 0.234088184375 0.23445205468750002 0.2347731171875 0.2418835609375 0.2354238015625 0.2527397265625 0.2354238015625 0.2602054796875 0.2359375 0.2630479453125 0.2359375