0 0 0.3066388578125 0.008371040625 0.3066388578125 0.0208144796875 0.2977700796875 0.024389140625 0.27021351875 0.018144796875 0.25071125625 0 0.23686510156249999 0 0.3066388578125
0 0.0101809953125 0.408810803125 0.0048416296875 0.4372270921875 0.007511312500000001 0.47894655 0.067013575 0.51894655 0.0679185515625 0.47894655 0.040361990625 0.4230189484375 0.0101809953125 0.408810803125
0 0.23221719531249999 0.4221139703125 0.19936651562500002 0.418584559375 0.1735746609375 0.438086821875 0.2135746609375 0.46473840468749994 0.2339819 0.4514352375 0.23221719531249999 0.4221139703125
0 0.40099547500000005 0.2799872734375 0.387647059375 0.287091346875 0.384977375 0.30487415156250003 0.40009049843750005 0.31197822343750004 0.4152036203125 0.291570984375 0.40099547500000005 0.2799872734375
0 0.9685520359374999 0.44256645937499994 0.922352940625 0.4407565046875 0.917013575 0.47718184375000006 0.9596832578125 0.4931546953125 0.9792307687499999 0.468313065625 0.9685520359374999 0.44256645937499994
0 0.8010859734375 0.5646026578125001 0.7653393671875001 0.5509827484375001 0.7636651578125 0.5901230203125001 0.7993665156249999 0.5943764140625001 0.8010859734375 0.5646026578125001
0 0.0883257921875 0.34926329218749996 0.06343891406249999 0.3626117078125 0.075022625 0.412340215625 0.1291855203125 0.4194442875 0.12298642500000001 0.391932975 0.1132126703125 0.35903704687500004 0.0883257921875 0.34926329218749996
0 0.3129411765625 0.4081320703125 0.30524886875 0.41152573593749997 0.2959276015625 0.43107324687500004 0.31547511250000004 0.4378605765625 0.3129411765625 0.4081320703125
0 0.2720814484375 0.3137429296875 0.24574660625 0.3094895359375 0.2432126703125 0.3494442875 0.2720814484375 0.348584559375 0.2720814484375 0.3137429296875
0 0.619095021875 0.509308540625 0.583348415625 0.5076343328124999 0.600361990625 0.547589084375 0.621628959375 0.5501230203125 0.619095021875 0.509308540625
0 0.424977375 0.4834261875 0.40719457031250006 0.48161623281250004 0.395656109375 0.49849406093750004 0.41787330312500004 0.5065031109375 0.42941176406250003 0.49496465 0.424977375 0.4834261875
0 0.0696832578125 0.5637429296875001 0.040769231249999996 0.5765031109375001 0.04674208125 0.6054171375 0.056923076562499994 0.623290440625 0.12072398124999999 0.613923925 0.14877828125 0.5892632921875001 0.1266968328125 0.545055146875 0.0875565609375 0.539082296875 0.0696832578125 0.5637429296875001
0 0.3663348421875 0.8449194 0.3699095015625 0.8600325218749999 0.3991855203125 0.8582225671874999 0.4320814484375 0.855552884375 0.4462895921875 0.8528832015625 0.441855203125 0.837815328125 0.41253393593750004 0.8182678171875001 0.3823076921875 0.8236071828125 0.3663348421875 0.8449194
0 0 0 0 0.046095870312499995 0.018144796875 0.0322497171875 0.024389140625 0.012747454687500001 0.0227355296875 0 0 0
0 0.3699095015625 0.861842478125 0.3663348421875 0.8769556 0.3823076921875 0.8982678171874999 0.41253393593750004 0.9036071828125 0.441855203125 0.884059671875 0.4462895921875 0.8689917984375001 0.4320814484375 0.8663221156249999 0.3991855203125 0.8636524328125 0.3699095015625 0.861842478125