0 0.5254838703125 0.39247311875 0.5011290328125 0.3847311828125 0.4867204296875 0.4013440859375 0.515537634375 0.4179569890625 0.5254838703125 0.39247311875
0 0.3779032265625 0.9351612906250001 0.35139785 0.894838709375 0.31741935468750004 0.8874193546875 0.3004301078125 0.92032258125 0.3057526875 0.9447311828125 0.34607526875 0.9457526875 0.3779032265625 0.9351612906250001
0 0.5816666671874999 0.7144086015625 0.5413440859375 0.712311828125 0.52860215 0.7663978499999999 0.57532258125 0.76322580625 0.5954838703124999 0.746236559375 0.5816666671874999 0.7144086015625
0 0.8544086015625 0.9436559140625 0.8682258062500001 0.9086021499999999 0.7907526875 0.9044086015625 0.815161290625 0.9394086015625 0.8544086015625 0.9436559140625
0 0.9435483874999999 0.627365590625 0.9372043015625 0.6061827953125001 0.9064516125000001 0.601935484375 0.904301075 0.6295161296875 0.9435483874999999 0.627365590625
0 0.3205913984375 0.4724193546875 0.3015053765625 0.4629032265625 0.28026881718749996 0.4756451609375 0.287688171875 0.4894086015625 0.3025806453125 0.4925806453125 0.3205913984375 0.4724193546875
0 0.3152688171875 0.40876344062500003 0.28876344062500003 0.39817204375 0.2388709671875 0.413010753125 0.25795698906250003 0.445913978125 0.26752688125 0.449086021875 0.293010753125 0.4395161296875 0.3152688171875 0.40876344062500003
0 0.5222580640625 0.23897849531249998 0.5095161296875 0.262311828125 0.5392473125 0.31537634375 0.5816666671874999 0.294139784375 0.6039784953125 0.2898924734375 0.6071505375 0.2665591390625 0.5954838703124999 0.24322580624999998 0.5519354843750001 0.2644086015625 0.5222580640625 0.23897849531249998
0 0.31741935468750004 0.1445161296875 0.26752688125 0.149784946875 0.25795698906250003 0.2177419359375 0.3025806453125 0.21559139843750003 0.3205913984375 0.2166666671875 0.32698924687500003 0.18801075312499999 0.31209677343750003 0.17419354843749998 0.31741935468750004 0.1445161296875
0 0.7620967734375 0.4363440859375 0.701612903125 0.40913978437500004 0.6752688171875 0.4709677421875 0.7107526875 0.5231182796875 0.7811827953125 0.5265591390625 0.775913978125 0.4883333328125 0.7620967734375 0.4363440859375
0 0.3791935484375 0.5576344093750001 0.3736559140625 0.579784946875 0.38360215000000003 0.623010753125 0.40026881718749996 0.633010753125 0.42682795625000003 0.61967741875 0.42462365625 0.57317204375 0.3791935484375 0.5576344093750001
0 0.143064515625 0.79037634375 0.1652688171875 0.8258602156249999 0.19182795625 0.8347311828124999 0.23618279531250003 0.8369354843749999 0.2251075265625 0.81037634375 0.2040322578125 0.7726881718749999 0.15193548437499999 0.7460752687500001 0.0909677421875 0.7615591390625001 0.0820967734375 0.7970430109375 0.087634409375 0.8303225812499999 0.10763440937499999 0.8447311828125 0.1264516125 0.8303225812499999 0.12865591406250002 0.7970430109375 0.143064515625 0.79037634375
0 0.799301075 0.2428494625 0.7770967734374999 0.2395161296875 0.7604838703125 0.249462365625 0.7826881718750001 0.2772043015625 0.8070430109375 0.2638709671875 0.799301075 0.2428494625
0 0.2727956984375 0.2527956984375 0.24618279531249998 0.281612903125 0.26946236562500003 0.3093548390625 0.3038172046875 0.303763440625 0.3104838703125 0.30709677343749997 0.33817204375 0.26720430156249997 0.3304301078125 0.2339784953125 0.3004838703125 0.23618279531250003 0.2727956984375 0.2527956984375
0 0.38139785000000004 0.0643548390625 0.356989246875 0.0688172046875 0.356989246875 0.0909677421875 0.38360215000000003 0.09537634375000001 0.3958064515625 0.0765591390625 0.38139785000000004 0.0643548390625
0 0.3547905390625 1 0.3779032265625 0.9648387093749999 0.34607526875 0.9542473125000001 0.3057526875 0.9552688171874999 0.3004301078125 0.97967741875 0.310923465625 1 0.3547905390625 1
0 0.8682258062500001 0.99139785 0.8544086015625 0.9563440859375 0.815161290625 0.9605913984375001 0.7907526875 0.9955913984375 0.8682258062500001 0.99139785
0 0.356989246875 0.0354838703125 0.38139785000000004 0.039946235937500005 0.3958064515625 0.0277419359375 0.38360215000000003 0.00892473125 0.356989246875 0.013333332812500001 0.356989246875 0.0354838703125