0 0.1154059828125 0.43567841874999996 0.1177564109375 0.415528846875 0.11183760625000001 0.3894818375 0.094081196875 0.39894765 0.083418803125 0.425016025 0.1 0.44871260625 0.1154059828125 0.43567841874999996
0 0.3582264953125 0.5185844015625001 0.390213675 0.5031997859375 0.40324786250000005 0.459375 0.3854700859375 0.44396901718750004 0.34401709375 0.47238782031250004 0.32623931562499997 0.498456196875 0.3582264953125 0.5185844015625001
0 0.85694444375 0.5730929484375 0.9043162390624999 0.56360576875 0.9102564109375001 0.5102297015625 0.87944444375 0.461725428125 0.8190384609375 0.43567841874999996 0.7834829062499999 0.49963141093749996 0.80837606875 0.5553151703125 0.85694444375 0.5730929484375
0 0.44944444375000003 0.42381944374999997 0.44707264999999996 0.4108066234375 0.42931623906249994 0.4108066234375 0.430491453125 0.4273878203125 0.441153846875 0.43213141093749996 0.44944444375000003 0.42381944374999997
0 0.094081196875 0.26980235 0.11183760625000001 0.27926816250000003 0.1177564109375 0.25322115312500004 0.1154059828125 0.23307158125 0.1 0.22003739375000003 0.083418803125 0.243733975 0.094081196875 0.26980235
0 0.094081196875 0.9321955125000001 0.11183760625000001 0.9416613249999999 0.1177564109375 0.915614315625 0.1154059828125 0.8954647437500001 0.1 0.8824305562499999 0.083418803125 0.9061271375000001 0.094081196875 0.9321955125000001
0 0.3854700859375 0.22478098281249997 0.40324786250000005 0.209375 0.390213675 0.16555021406249998 0.3582264953125 0.1501655984375 0.32623931562499997 0.170293803125 0.34401709375 0.1963621796875 0.3854700859375 0.22478098281249997
0 0.3854700859375 0.8871741453125 0.40324786250000005 0.8717681625000001 0.390213675 0.8279433765625 0.3582264953125 0.8125587609375 0.32623931562499997 0.832686965625 0.34401709375 0.8587553421875 0.3854700859375 0.8871741453125
0 0.8190384609375 0.23307158125 0.87944444375 0.20702457187499998 0.9102564109375001 0.15852029843749998 0.9043162390624999 0.10514423125000001 0.85694444375 0.0956570515625 0.80837606875 0.1134348296875 0.7834829062499999 0.1691185890625 0.8190384609375 0.23307158125
0 0.8190384609375 0.8954647437500001 0.87944444375 0.869417734375 0.9102564109375001 0.8209134609375001 0.9043162390624999 0.76753739375 0.85694444375 0.7580502140625 0.80837606875 0.7758279921875 0.7834829062499999 0.8315117515624999 0.8190384609375 0.8954647437500001
0 0.42931623906249994 0.2579433765625 0.44707264999999996 0.2579433765625 0.44944444375000003 0.24493055625000001 0.441153846875 0.23661858906250002 0.430491453125 0.24136217968749998 0.42931623906249994 0.2579433765625
0 0.42931623906249994 0.9203365390625 0.44707264999999996 0.9203365390625 0.44944444375000003 0.9073237171875 0.441153846875 0.8990117515625 0.430491453125 0.9037553421875 0.42931623906249994 0.9203365390625