0 0.5438848921874999 0.28483363281249996 0.5448920859374999 0.277855215625 0.5428776984375 0.25792715781250003 0.5269424453125 0.259905575 0.5229856109375 0.2798336328125 0.5299280578125 0.28681205 0.5438848921874999 0.28483363281249996
0 0.0837410078125 0.2927832734375 0.12557553906250002 0.2748696046875 0.13553956875 0.2390062953125 0.1295683453125 0.22307104375 0.11061151093749999 0.22307104375 0.0697841734375 0.2190782375 0.041906475 0.2569199640625 0.050863309375 0.28281924531249997 0.0837410078125 0.2927832734375
0 0.22517985624999998 0.5128911875 0.2540647484375 0.5288264390624999 0.3038489203125 0.522855215625 0.327769784375 0.5069199640625001 0.3305755390625 0.48199190625000005 0.327769784375 0.459114209375 0.3058273375 0.438214928125 0.2948920859375 0.4262365109375 0.2709712234375 0.43224370468749995 0.2530575546875 0.44317895625 0.2271582734375 0.4800494609375 0.22517985624999998 0.5128911875
0 0.33672661875 0.48900629531249995 0.34071942499999996 0.509905575 0.363597121875 0.5109127703125 0.3885251796875 0.51389838125 0.40446043125 0.5119199640625001 0.41938848906250004 0.49695593593750004 0.4253597125 0.47404226562499996 0.4253597125 0.4670998203125 0.41442446093749996 0.44120053906249995 0.3835251796875 0.44120053906249995 0.35064748125 0.45713579062500004 0.341690646875 0.46807104375 0.33672661875 0.48900629531249995
0 0.6923021578124999 0.798754496875 0.7201798562499999 0.817675359375 0.76399280625 0.8276393890625 0.796870503125 0.80972571875 0.8018345328125 0.7668839921874999 0.79089928125 0.7409847125 0.7739568343750001 0.729042265625 0.7211870499999999 0.7360206828125 0.6912949640625 0.745948740625 0.6833453234375 0.7698696046875 0.6923021578124999 0.798754496875
0 0.5528417265625001 0.8027473015625001 0.554856115625 0.7917760796875 0.5478776984375 0.78580485625 0.5398920859375 0.7897976625 0.536906475 0.798754496875 0.5448920859374999 0.8027473015625001 0.5528417265625001 0.8027473015625001
0 0.74208633125 0.5308408265625 0.752050359375 0.5029271578125 0.74208633125 0.482027878125 0.7171942453125 0.4710566546875 0.7052517984375 0.49796312968749995 0.7191726625 0.5258408265625001 0.74208633125 0.5308408265625
0 0.804856115625 0.281848021875 0.7719784171875 0.30472571875 0.769964028125 0.35652428125 0.8088129500000001 0.38044514375 0.867589928125 0.36947392031250004 0.9183812953125001 0.35853866874999996 0.9402877703125 0.3495458640625 0.9412949640624999 0.320660971875 0.9273381296875 0.298754496875 0.8665827343749999 0.281848021875 0.8426978421875001 0.2798336328125 0.804856115625 0.281848021875
0 0.15046762656249998 0.8136825546875001 0.1614388484375 0.8146897484375 0.16442446093750002 0.8067041359375 0.1604316546875 0.7917760796875 0.1554676265625 0.790768884375 0.1474820140625 0.7937904671875 0.1464748203125 0.8027473015625001 0.15046762656249998 0.8136825546875001
0 0.5628057546874999 0.42026528750000003 0.571762590625 0.41429406406249997 0.5747482015625 0.41231564687500005 0.5697841734375 0.39735161875 0.5617985609375 0.39735161875 0.5558273375 0.410301259375 0.554856115625 0.416308453125 0.5628057546874999 0.42026528750000003
0 0.15046762656249998 0.3236465828125 0.1534532375 0.3246537765625 0.1604316546875 0.321668165625 0.1614388484375 0.317675359375 0.16442446093750002 0.3067401078125 0.1534532375 0.3067401078125 0.1474820140625 0.30972571875 0.139496403125 0.317675359375 0.15046762656249998 0.3236465828125