0 0.2057142859375 0.4404963234375 0.162789915625 0.42935346562500004 0.1668571421875 0.4605131296875 0.189210084375 0.4666139703125 0.2057142859375 0.4404963234375
0 0.7318991593749999 0.5363954828125 0.7142857140625 0.5851685921875001 0.76442016875 0.6251517859375 0.8220000000000001 0.6048156515625001 0.828773109375 0.5479080875 0.7854117640625 0.5336896015625 0.757647059375 0.512008928125 0.7318991593749999 0.5363954828125
0 0.8236974796875 0.4083954828125 0.8163025203125001 0.4700761546875 0.8748403359375001 0.481521534375 0.9066890750000001 0.4666139703125 0.9019495796875001 0.43002573593750004 0.8911092437500001 0.40631145 0.8606218484375001 0.3812526265625 0.8236974796875 0.4083954828125
0 0.396134453125 0.5336055671875 0.40436974843750007 0.614445903125 0.46974789843750003 0.6142778359375 0.5137310921875 0.57501733125 0.5697478984375001 0.5492358187499999 0.5489075625 0.47948792031250004 0.5529411765625001 0.4445299375 0.50689075625 0.43259716406250004 0.4473445375 0.454412290625 0.396134453125 0.5336055671875
0 0.33512605 0.44856355 0.27932773125 0.44086607187500004 0.268571428125 0.49663077656250004 0.32877310937500004 0.5086139703125 0.33512605 0.44856355
0 0.314773109375 0.578882878125 0.287462184375 0.573101365625 0.2808403359375 0.5987484249999999 0.302352940625 0.6128156515625001 0.3247058828125 0.6136559874999999 0.314773109375 0.578882878125
0 0.162789915625 0.9175215343750001 0.2057142859375 0.9063786765625 0.189210084375 0.8802610296875001 0.1668571421875 0.8863618703125 0.162789915625 0.9175215343750001
0 0.162789915625 0.225084559375 0.2057142859375 0.21394170156249998 0.189210084375 0.18782405468750002 0.1668571421875 0.19392489531249998 0.162789915625 0.225084559375
0 0.7142857140625 0.7617064078125 0.7318991593749999 0.8104795171875001 0.757647059375 0.8348660718750001 0.7854117640625 0.8131853984375 0.828773109375 0.7989669125 0.8220000000000001 0.7420593484375 0.76442016875 0.7217232140625 0.7142857140625 0.7617064078125
0 0.7142857140625 0.0692694328125 0.7318991593749999 0.11804254218750002 0.757647059375 0.142429096875 0.7854117640625 0.120748425 0.828773109375 0.10652993749999999 0.8220000000000001 0.0496223734375 0.76442016875 0.029286239062500004 0.7142857140625 0.0692694328125
0 0.8163025203125001 0.8767988453125 0.8236974796875 0.9384795171875 0.8606218484375001 0.9656223734375 0.8911092437500001 0.94056355 0.9019495796875001 0.9168492640625001 0.9066890750000001 0.8802610296875001 0.8748403359375001 0.865353465625 0.8163025203125001 0.8767988453125
0 0.8163025203125001 0.1843618703125 0.8236974796875 0.24604254218750002 0.8606218484375001 0.2731853984375 0.8911092437500001 0.248126575 0.9019495796875001 0.22441229062499998 0.9066890750000001 0.18782405468750002 0.8748403359375001 0.1729164921875 0.8163025203125001 0.1843618703125
0 0.40436974843750007 0.732429096875 0.396134453125 0.8132694328125 0.4473445375 0.892462709375 0.50689075625 0.9142778359375001 0.5529411765625001 0.9023450625 0.5489075625 0.8673870796875001 0.5697478984375001 0.79763918125 0.5137310921875 0.77185766875 0.46974789843750003 0.7325971640625 0.40436974843750007 0.732429096875
0 0.40436974843750007 0.039992121874999995 0.396134453125 0.1208324578125 0.4473445375 0.2000257359375 0.50689075625 0.2218408609375 0.5529411765625001 0.20990808749999998 0.5489075625 0.1749501046875 0.5697478984375001 0.10520220625000001 0.5137310921875 0.07942069375000001 0.46974789843750003 0.040160189062500004 0.40436974843750007 0.039992121874999995
0 0.27932773125 0.9060089281250001 0.33512605 0.8983114499999999 0.32877310937500004 0.8382610296875 0.268571428125 0.8502442234375 0.27932773125 0.9060089281250001
0 0.27932773125 0.213571953125 0.33512605 0.20587447499999997 0.32877310937500004 0.14582405468749998 0.268571428125 0.1578072484375 0.27932773125 0.213571953125
0 0.287462184375 0.773773634375 0.314773109375 0.767992121875 0.3247058828125 0.7332190125 0.302352940625 0.7340593484375 0.2808403359375 0.748126575 0.287462184375 0.773773634375
0 0.287462184375 0.081336659375 0.314773109375 0.075555146875 0.3247058828125 0.0407820375 0.302352940625 0.0416223734375 0.2808403359375 0.0556896015625 0.287462184375 0.081336659375