0 0.7461111109375 0.5832503015625 0.733550725 0.596873490625 0.730410628125 0.620955615625 0.7523913046875 0.6198928140625 0.7597101453125 0.594772040625 0.7461111109375 0.5832503015625
0 0.47804347812500003 0.2732986109375 0.47490338125 0.2953034421875 0.4948067640625 0.314144021875 0.5167874390625 0.3162454703125 0.52727053125 0.29634208906250004 0.5220289859375 0.27122131718750003 0.4958454109375 0.260738225 0.47804347812500003 0.2732986109375
0 0.6916666671875 0.4722599640625 0.6665217390625 0.48168025312499996 0.6696618359375 0.5214628625 0.704227053125 0.5214628625 0.70736715 0.4754000609375 0.6916666671875 0.4722599640625
0 0.1660144921875 0.2732986109375 0.13041062812499998 0.2827189015625 0.1293478265625 0.313105375 0.1680917875 0.344506340625 0.1890338171875 0.29110054375 0.1660144921875 0.2732986109375
0 0.8497826093749999 0.655496678125 0.8319806765625 0.6492164859375 0.8214975843750001 0.6827189015624999 0.8445410624999999 0.7005208328125 0.853961353125 0.687960446875 0.8497826093749999 0.655496678125
0 0.538768115625 0.713105375 0.5251690828125 0.7350860499999999 0.537681159375 0.76537590625 0.5639130437500001 0.7664870171875 0.5660144921875 0.73090730625 0.538768115625 0.713105375
0 0.1230676328125 0.38428895 0.1031642515625 0.3853517515625 0.0916666671875 0.4094338765625 0.10736715 0.4261730078125 0.1251690828125 0.4136126203125 0.1230676328125 0.38428895
0 0.7474385859375 1 0.7597101453125 0.9896029593750001 0.7523913046875 0.9644821859375 0.730410628125 0.963419384375 0.733550725 0.9875015093749999 0.7450741546875 1 0.7474385859375 1
0 0.47490338125 0.12482035 0.47804347812500003 0.14682518125 0.4958454109375 0.15938556718750002 0.5220289859375 0.1489024765625 0.52727053125 0.123781703125 0.5167874390625 0.10387832187499998 0.4948067640625 0.10597977031250001 0.47490338125 0.12482035
0 0.13041062812499998 0.137404890625 0.1660144921875 0.14682518125 0.1890338171875 0.1290232484375 0.1680917875 0.07561745156250001 0.1293478265625 0.1070184171875 0.13041062812499998 0.137404890625
0 0.8319806765625 0.9351585140625 0.8497826093749999 0.928878321875 0.853961353125 0.8964145531250001 0.8445410624999999 0.8838541671875 0.8214975843750001 0.9016560984374999 0.8319806765625 0.9351585140625
0 0.5251690828125 0.84928895 0.538768115625 0.871269625 0.5660144921875 0.8534676937500001 0.5639130437500001 0.8178879828125 0.537681159375 0.8189990937499999 0.5251690828125 0.84928895
0 0.10169328281250001 0 0.0916666671875 0.010689915625000001 0.1031642515625 0.034772040625 0.1230676328125 0.03583484375 0.1251690828125 0.006511171875000001 0.11594075 0 0.10169328281250001 0