0 0.343275 0.45545 0.30372499999999997 0.439225 0.23595000000000002 0.491475 0.27195 0.5408999999999999 0.32280000000000003 0.5246500000000001 0.343275 0.45545
0 0.9095000000000001 0.288875 0.85655 0.283225 0.8021750000000001 0.33055 0.8509 0.3722 0.90385 0.35667499999999996 0.9095000000000001 0.288875
0 0.8174250000000001 0.531425 0.79835 0.5166000000000001 0.766575 0.532125 0.7913 0.560375 0.8146000000000001 0.5498000000000001 0.8174250000000001 0.531425
0 0.7905 0.690875 0.8067500000000001 0.650125 0.7967500000000001 0.5778749999999999 0.687 0.572375 0.6756249999999999 0.676075 0.7275 0.704125 0.7905 0.690875
0 0.6646 0.377525 0.6473 0.33482500000000004 0.5944499999999999 0.342975 0.5883499999999999 0.395825 0.6341 0.403975 0.6646 0.377525
0 0.17145 0.524975 0.148075 0.47309999999999997 0.11247499999999999 0.480225 0.1186 0.5259750000000001 0.15009999999999998 0.53615 0.17145 0.524975
0 0.404 0.354475 0.44000000000000006 0.307875 0.40752499999999997 0.26905 0.37365 0.26339999999999997 0.338325 0.2874 0.348225 0.33330000000000004 0.404 0.354475
0 0.27690000000000003 0.324125 0.24725000000000003 0.2994 0.21195 0.319175 0.23170000000000002 0.36225 0.28042500000000004 0.354475 0.27690000000000003 0.324125
0 0.8021750000000001 0.0757 0.85655 0.12302500000000001 0.9095000000000001 0.11737500000000001 0.90385 0.049575 0.8509 0.034050000000000004 0.8021750000000001 0.0757
0 0.7986012109375 1 0.8067500000000001 0.9411250000000001 0.7905 0.900375 0.7275 0.8871249999999999 0.6756249999999999 0.915175 0.684929575 1 0.7986012109375 1
0 0.5944499999999999 0.063275 0.6473 0.071425 0.6646 0.028725 0.6341 0.002275 0.5883499999999999 0.010425 0.5944499999999999 0.063275
0 0.37365 0.14285 0.40752499999999997 0.13720000000000002 0.44000000000000006 0.098375 0.404 0.051775 0.348225 0.07295 0.338325 0.11884999999999998 0.37365 0.14285
0 0.21195 0.087075 0.24725000000000003 0.10685 0.27690000000000003 0.082125 0.28042500000000004 0.051775 0.23170000000000002 0.044 0.21195 0.087075