0 0.9 0.44871260625 0.9165811968750001 0.425016025 0.9059188031250001 0.39894765 0.8881623937500001 0.3894818375 0.8822435890625 0.415528846875 0.8845940171875 0.43567841874999996 0.9 0.44871260625
0 0.673760684375 0.498456196875 0.65598290625 0.47238782031250004 0.6145299140625 0.44396901718750004 0.5967521375 0.459375 0.609786325 0.5031997859375 0.6417735046875 0.5185844015625001 0.673760684375 0.498456196875
0 0.19162393125 0.5553151703125 0.21651709375 0.49963141093749996 0.1809615390625 0.43567841874999996 0.12055555625 0.461725428125 0.08974358906249999 0.5102297015625 0.0956837609375 0.56360576875 0.14305555625 0.5730929484375 0.19162393125 0.5553151703125
0 0.558846153125 0.43213141093749996 0.5695085468750001 0.4273878203125 0.5706837609375001 0.4108066234375 0.55292735 0.4108066234375 0.55055555625 0.42381944374999997 0.558846153125 0.43213141093749996
0 0.9165811968750001 0.243733975 0.9 0.22003739375000003 0.8845940171875 0.23307158125 0.8822435890625 0.25322115312500004 0.8881623937500001 0.27926816250000003 0.9059188031250001 0.26980235 0.9165811968750001 0.243733975
0 0.9165811968750001 0.9061271375000001 0.9 0.8824305562499999 0.8845940171875 0.8954647437500001 0.8822435890625 0.915614315625 0.8881623937500001 0.9416613249999999 0.9059188031250001 0.9321955125000001 0.9165811968750001 0.9061271375000001
0 0.65598290625 0.1963621796875 0.673760684375 0.170293803125 0.6417735046875 0.1501655984375 0.609786325 0.16555021406249998 0.5967521375 0.209375 0.6145299140625 0.22478098281249997 0.65598290625 0.1963621796875
0 0.65598290625 0.8587553421875 0.673760684375 0.832686965625 0.6417735046875 0.8125587609375 0.609786325 0.8279433765625 0.5967521375 0.8717681625000001 0.6145299140625 0.8871741453125 0.65598290625 0.8587553421875
0 0.21651709375 0.1691185890625 0.19162393125 0.1134348296875 0.14305555625 0.0956570515625 0.0956837609375 0.10514423125000001 0.08974358906249999 0.15852029843749998 0.12055555625 0.20702457187499998 0.1809615390625 0.23307158125 0.21651709375 0.1691185890625
0 0.21651709375 0.8315117515624999 0.19162393125 0.7758279921875 0.14305555625 0.7580502140625 0.0956837609375 0.76753739375 0.08974358906249999 0.8209134609375001 0.12055555625 0.869417734375 0.1809615390625 0.8954647437500001 0.21651709375 0.8315117515624999
0 0.5695085468750001 0.24136217968749998 0.558846153125 0.23661858906250002 0.55055555625 0.24493055625000001 0.55292735 0.2579433765625 0.5706837609375001 0.2579433765625 0.5695085468750001 0.24136217968749998
0 0.5695085468750001 0.9037553421875 0.558846153125 0.8990117515625 0.55055555625 0.9073237171875 0.55292735 0.9203365390625 0.5706837609375001 0.9203365390625 0.5695085468750001 0.9037553421875