0 0.2737755109375 0.42993622499999995 0.279336734375 0.42437500000000006 0.2742857140625 0.4082525515625 0.2636989796875 0.4092474484375 0.26318877500000004 0.4269005109375 0.2737755109375 0.42993622499999995
0 0.2960204078125 0.436492346875 0.30459183749999996 0.43345663281249996 0.3020663265625 0.42437500000000006 0.2914795921875 0.42085459218750004 0.290459184375 0.432461734375 0.2960204078125 0.436492346875
0 0.2305102046875 0.2076913265625 0.1939030609375 0.204196428125 0.11895408125 0.23121173437500003 0.11285714218750001 0.23383928593749997 0.10502551093750001 0.3174872453125 0.1084948984375 0.354961734375 0.127678571875 0.37761479531250003 0.16515306093749998 0.3863392859375 0.2453316328125 0.39417091875 0.2636224484375 0.353227040625 0.2732142859375 0.272181121875 0.2583928578125 0.22338010156250002 0.2305102046875 0.2076913265625
0 0.3908163265625 0.5136352046875 0.3983928578125 0.5146556125 0.40040816250000005 0.5065943875000001 0.393852040625 0.4959821421875 0.385790815625 0.5055739796875 0.3908163265625 0.5136352046875
0 0.542117346875 0.5030484687500001 0.536556121875 0.49901785781249997 0.5249744890625 0.4970025515625 0.5078316328125 0.5035586734375 0.5063010203125 0.517665815625 0.5164030609375 0.5237372453125 0.5284948984375 0.525242346875 0.5375765312499999 0.5181760203125 0.542117346875 0.5030484687500001
0 0.6071428578125 0.521492346875 0.6144897953124999 0.5277933671875 0.6253571421874999 0.5194005109375001 0.6144897953124999 0.5106505109375 0.6071428578125 0.521492346875
0 0.621147959375 0.5516198984375 0.6253571421874999 0.546007653125 0.62395408125 0.5390178578125 0.6183418374999999 0.5354974484375 0.6148469390625 0.544961734375 0.6158928578125 0.547053571875 0.621147959375 0.5516198984375
0 0.5791071421875 0.5425127546875 0.5784183671875 0.535165815625 0.56826530625 0.5267474484375 0.5532142859375 0.5222066328125 0.5528571421875 0.5309566328125 0.564413265625 0.54320153125 0.5791071421875 0.5425127546875
0 0.7616326531250001 0.5784056125 0.7363775515625 0.6115178578125 0.752040815625 0.636772959375 0.8113010203125001 0.6550892859374999 0.8339540812499999 0.6672831625 0.841811225 0.6733801015624999 0.874056121875 0.67860969375 0.9089030609375 0.6681505109375 0.928086734375 0.6394005109374999 0.9420153062500001 0.597563775 0.93242346875 0.5322066328124999 0.901938775 0.5182780609375001 0.8365816328125 0.5304719390625 0.7947448984375 0.5470280609375 0.7616326531250001 0.5784056125
0 0.3671683671875 0.8631760203125 0.38352040781249996 0.8599872453125 0.3817602046875 0.8450892859374999 0.37418367343750003 0.839553571875 0.3642602046875 0.84304846875 0.36104591875000003 0.850625 0.3671683671875 0.8631760203125
0 0 0.484553571875 0.0029336734375 0.48542091875000004 0.012040815625 0.4861352046875 0.025 0.47983418437500003 0.025688775000000004 0.46302295937500004 0.0155357140625 0.45110969375 0.003290815625 0.448992346875 0 0.4493239796875 0 0.484553571875
0 0.10958858906249999 0 0.11285714218750001 0.0349107140625 0.11895408125 0.037538265625 0.1939030609375 0.06455357187500001 0.2305102046875 0.0610586734375 0.2583928578125 0.0453698984375 0.272172215625 0 0.10958858906249999 0
0 0.38352040781249996 0.867946428125 0.3671683671875 0.864757653125 0.36104591875000003 0.8773086734375 0.3642602046875 0.8848852046875001 0.37418367343750003 0.8883801015625 0.3817602046875 0.8828443874999999 0.38352040781249996 0.867946428125