0 0.3490933328125 0.5892108328125001 0.34786666718750003 0.6148374999999999 0.3509866671875 0.6273175 0.35536 0.6367041671875 0.3690933328125 0.6354508328125 0.37224 0.6210775 0.37848000000000004 0.5935841671875 0.37349333281249997 0.5798241671875 0.35786666718750004 0.5792108328125 0.3490933328125 0.5892108328125001
0 0.23471999999999998 0.7554775 0.2303466671875 0.7379575 0.2153333328125 0.7392108328125 0.20848 0.7517175 0.21597333281250003 0.7585975 0.23471999999999998 0.7554775
0 0.8232533328124999 0.45374416718750005 0.8038133328124999 0.4083841671875 0.7109333328125 0.37273083281249997 0.6742133328125 0.3500641671875 0.6072533328125 0.3695041671875 0.5921333328125 0.4083841671875 0.6115733328124999 0.4623841671875 0.62344 0.4872375 0.62344 0.49478416718749996 0.66664 0.5390775 0.70552 0.6297975 0.7660266671875 0.6513975000000001 0.8135466671874999 0.5941441671875001 0.8146133328125 0.49046416718749997 0.8232533328124999 0.45374416718750005
0 0.4852 0.4180908328125 0.5176000000000001 0.4299841671875 0.5294666671875 0.4202508328125 0.5327200000000001 0.4008108328125 0.5143466671875 0.3921708328125 0.4905866671875 0.3911041671875 0.4852 0.4180908328125
0 0.1741333328125 0.4807575 0.17088 0.4645441671875 0.15792 0.4656375 0.15360000000000001 0.4764375 0.15901333281250002 0.48507749999999994 0.1741333328125 0.4807575
0 0.7357333328125 0.2471575 0.7349333328125 0.2352375 0.7264 0.23097083281250003 0.7197333328125 0.23657083281250002 0.7212533328124999 0.24686416718749998 0.7357333328125 0.2471575
0 0.6709066671875 0.23118416718749998 0.6724266671875 0.23691749999999998 0.6817599999999999 0.2353975 0.6847733328125 0.22726416718750003 0.6823733328125 0.2218508328125 0.6757333328125 0.2209441671875 0.6709066671875 0.22606416718750003 0.6709066671875 0.23118416718749998
0 0.37773309843749997 1 0.37224 0.9757975 0.3690933328125 0.9614241671875 0.35536 0.9601708328124999 0.3509866671875 0.9695575 0.34786666718750003 0.9820375 0.3487264734375 1 0.37773309843749997 1
0 0.20848 0.8451575 0.2153333328125 0.8576641671875 0.2303466671875 0.8589174999999999 0.23471999999999998 0.8413975 0.21597333281250003 0.8382775 0.20848 0.8451575
0 0.48730566406250003 0 0.4905866671875 0.0164375 0.5143466671875 0.015370832812499999 0.5327200000000001 0.0067308328124999995 0.5315935781250001 0 0.48730566406250003 0
0 0.7197333328125 0.1709708328125 0.7264 0.1765708328125 0.7349333328125 0.1723041671875 0.7357333328125 0.16038416718749998 0.7212533328124999 0.1606775 0.7197333328125 0.1709708328125
0 0.6709066671875 0.1763575 0.6709066671875 0.1814775 0.6757333328125 0.1865975 0.6823733328125 0.1856908328125 0.6847733328125 0.1802775 0.6817599999999999 0.1721441671875 0.6724266671875 0.1706241671875 0.6709066671875 0.1763575