0 0.3393462640625 0.6701724140625 0.3347485625 0.6609770109374999 0.3129094828125 0.6448850578124999 0.28417385 0.6425862062500001 0.271530171875 0.63913793125 0.2519899421875 0.6667241374999999 0.2347485625 0.7075287359375 0.24107040156249998 0.7621264375 0.2726795984375 0.774770115625 0.3140589078125 0.7678735624999999 0.3404956890625 0.7471839078125 0.345093390625 0.7081034484375001 0.3393462640625 0.6701724140625
0 0.15992097656249998 0.0668390796875 0.17716235625 0.0656896546875 0.1800359203125 0.0513218390625 0.167392240625 0.045574712499999996 0.1553232765625 0.0530459765625 0.15992097656249998 0.0668390796875
0 0.5714152296874999 0.06741379374999999 0.5846336203125 0.0651149421875 0.589806034375 0.048448276562499996 0.5719899421875 0.045 0.565093390625 0.057643678125 0.5714152296874999 0.06741379374999999
0 0.7593462640624999 0.1231609203125 0.77601293125 0.11798850624999999 0.7771623562500001 0.10017241406249999 0.7558979890625 0.0932758625 0.7432543109374999 0.105919540625 0.741530171875 0.1145402296875 0.7593462640624999 0.1231609203125
0 0.5944037359375 0.36568965468750003 0.5972772984375 0.3536206890625 0.591530171875 0.34040229843750003 0.57946120625 0.34040229843750003 0.57428879375 0.3530459765625 0.5783117812499999 0.3628160921875 0.5944037359375 0.36568965468750003
0 0.7099209765625 0.4513218390625 0.72773706875 0.4530459765625 0.7306106328124999 0.43465517187499997 0.713369253125 0.42660919531249997 0.7081968390625 0.44212643749999997 0.7099209765625 0.4513218390625
0 0.196645115625 0.705057471875 0.1926221265625 0.6906896546875 0.1822772984375 0.6883908046875 0.1782543109375 0.6912643671875001 0.1782543109375 0.7016091953125 0.1822772984375 0.7125287359375 0.1920474140625 0.7119540234375 0.196645115625 0.705057471875
0 0.148369253125 0.633793103125 0.1690589078125 0.6257471265625 0.1673347703125 0.607356321875 0.1449209765625 0.5981609203125 0.1351508625 0.6131034484375 0.1351508625 0.618850575 0.148369253125 0.633793103125
0 0.48854166718750003 0.49258620625000005 0.4879669546875 0.4839655171875 0.47762212656249997 0.474770115625 0.46267959843749995 0.4690229890625 0.45405890781249997 0.4810919546875 0.456357759375 0.48913793125 0.471875 0.4966091953125 0.48854166718750003 0.49258620625000005
0 0.8075071843750001 0.29890804531250004 0.8178520109375 0.29086206875 0.8149784484374999 0.2741954015625 0.8040589078125 0.2690229890625 0.7937140796875 0.27362068906250003 0.79773706875 0.28971264375 0.8075071843750001 0.29890804531250004
0 0.5446910921875 0.1013218390625 0.5564152296875 0.0909770109375 0.5474497125 0.07580459843750001 0.5350359203124999 0.076494253125 0.5274497125 0.08959770156249999 0.5302083328125 0.0978735625 0.5446910921875 0.1013218390625
0 0.030380746874999996 0.0656896546875 0.0476221265625 0.0668390796875 0.052219828125 0.0530459765625 0.0401508625 0.045574712499999996 0.027507184375 0.0513218390625 0.030380746874999996 0.0656896546875
0 0.014920976562499999 0.6906896546875 0.0108979890625 0.705057471875 0.015495689062500002 0.7119540234375 0.025265804687499997 0.7125287359375 0.029288793749999997 0.7016091953125 0.029288793749999997 0.6912643671875001 0.025265804687499997 0.6883908046875 0.014920976562499999 0.6906896546875
0 0.038484195312500004 0.6257471265625 0.05917384999999999 0.633793103125 0.072392240625 0.618850575 0.072392240625 0.6131034484375 0.0626221265625 0.5981609203125 0.0402083328125 0.607356321875 0.038484195312500004 0.6257471265625
0 1 0.273604725 0.9896910921875 0.2690229890625 0.9787715515625001 0.2741954015625 0.9758979890624999 0.29086206875 0.9862428156249999 0.29890804531250004 0.9960129312499999 0.28971264375 1 0.2737643703125 1 0.273604725