0 0.8247340421875 0.3006382984375 0.8296276593749999 0.2920212765625 0.8210106390625 0.275957446875 0.8049468078125 0.275957446875 0.8049468078125 0.29819148906250004 0.8247340421875 0.3006382984375
0 0.8309042546875001 0.661117021875 0.8025 0.6561702125 0.8098936171875 0.69074468125 0.8395212765625001 0.6833510640625 0.8309042546875001 0.661117021875
0 0.764787234375 0.8788297875 0.8014361703124999 0.8740957453125 0.8297872343750001 0.8493085109375 0.8168085109375 0.80675531875 0.7848936171875 0.796117021875 0.742340425 0.8185638296875 0.757659575 0.854042553125 0.764787234375 0.8788297875
0 0.800212765625 0.4946808515625 0.8439893609375 0.41547872343750003 0.7789361703125001 0.363457446875 0.7151063828125 0.4143085109375 0.7435106390625 0.47457446875000003 0.796702128125 0.486382978125 0.800212765625 0.4946808515625
0 0.7435106390625 0.2216489359375 0.703297871875 0.1991489359375 0.6465957453125 0.21218085156250002 0.66191489375 0.267712765625 0.7163297875 0.2689361703125 0.7435106390625 0.2216489359375
0 0.25058510625 0.22755319218749998 0.2777659578125 0.2310638296875 0.30260638281249996 0.18617021250000002 0.27425531875 0.14244680781250002 0.22930851093750002 0.1471808515625 0.20212765937500002 0.18143617031249998 0.20569148906249998 0.2110106390625 0.25058510625 0.22755319218749998
0 0.3987765953125 0.49941489375000003 0.4049468078125 0.514202128125 0.43707446875 0.5240957453124999 0.4543617015625 0.5093085109375 0.44074468125 0.48457446875 0.41484042499999996 0.482127659375 0.40127659531250004 0.48707446875000004 0.3987765953125 0.49941489375000003
0 0.6358510640625 0.661117021875 0.64691489375 0.637659575 0.6370744687500001 0.6339893609375 0.625957446875 0.6451063828125 0.6222340421875 0.664840425 0.6358510640625 0.661117021875
0 0.8864361703125001 0.8475531921874999 0.9222340421874999 0.8475531921874999 0.9617553187500001 0.837659575 0.9284042546875 0.7994148937500001 0.8839893609375 0.79074468125 0.860531915625 0.8129787234375 0.8864361703125001 0.8475531921874999
0 0.8951063828124999 0.5314893609375 0.825957446875 0.5302659578125 0.8049468078125 0.561117021875 0.8185638296875 0.5833510640624999 0.8506382984374999 0.5882978718749999 0.8506382984374999 0.6352127656250001 0.86792553125 0.6561702125 0.9185638296875 0.616702128125 0.9247340421875 0.5660638296875 0.8951063828124999 0.5314893609375
0 0.74074468125 0.3438297875 0.723457446875 0.361117021875 0.738297871875 0.3722340421875 0.7555851062500001 0.3549468078125 0.74074468125 0.3438297875
0 0.267127659375 0.5431382984375001 0.25531914843750003 0.5608510640625 0.21749999999999997 0.5987234046875 0.200957446875 0.6353191484375 0.2151063828125 0.69324468125 0.23170212812500002 0.7334574468749999 0.2695212765625 0.7783510640625 0.31324468125 0.7370212765625 0.3711702125 0.6814361703125 0.3841489359375 0.6424468078125 0.395212765625 0.5638297875 0.3574468078125 0.5234042546875 0.3085106390625 0.52925531875 0.267127659375 0.5431382984375001