0 0.8531539890625 0.7132154453124999 0.8651762515625 0.6706737015625001 0.8884601109375 0.6578351109375 0.864378478125 0.640970546875 0.8491280140624999 0.636165353125 0.836289425 0.6257200828125 0.8210389609375 0.640970546875 0.7921521328125001 0.6578351109375 0.80419295 0.6883360390625 0.8242486078125 0.7172228671875 0.8531539890625 0.7132154453124999
0 0.16753246718749998 0.361044759375 0.146753246875 0.3716198984375 0.16345083437500002 0.3974083953125 0.19165120625 0.3792265765625 0.16753246718749998 0.361044759375
0 0.4871428578125 0.658632884375 0.5312801484375 0.685924165625 0.5505565859375 0.6939575609374999 0.593896103125 0.7244584875 0.6348237484375 0.6778907703125 0.6508719859375 0.6473898421875 0.6540816328125 0.5847924390625 0.6884972171875 0.530803571875 0.6436549171875 0.48366071406250005 0.6340259734375 0.45236201249999997 0.601113171875 0.4282803796875 0.49756957343749997 0.474031771875 0.48552875625 0.514959415625 0.49918367343750003 0.5655345546875 0.50398886875 0.6233267625 0.4871428578125 0.658632884375
0 0.274211503125 0.278707096875 0.28033395156249996 0.252176484375 0.261150278125 0.23380913749999999 0.2219666046875 0.2546254640625 0.21625231875 0.2831968921875 0.2484972171875 0.2934009734375 0.274211503125 0.278707096875
0 0.2452319109375 0.3378722171875 0.234211503125 0.31625811718749997 0.2105380328125 0.3223620125 0.21176252343750002 0.3444028296875 0.2366604828125 0.3464436453125 0.2452319109375 0.3378722171875
0 0.3892393328125 0.1996903984375 0.39601113125 0.19885551875000002 0.390946196875 0.18700023125 0.3824675328125 0.18700023125 0.379090909375 0.196313775 0.381632653125 0.20223214218750002 0.3892393328125 0.1996903984375
0 0.551354359375 0.327946428125 0.5987012984375 0.32072935937499997 0.610742115625 0.2974455015625 0.6147680890625 0.25891117812500003 0.619573284375 0.197927875 0.597903525 0.166610621875 0.5080148421875 0.184272959375 0.5048051953125 0.2260169296875 0.49756957343749997 0.2902284328125 0.5240630796875 0.2950336265625 0.551354359375 0.327946428125
0 0.8634391703125001 1 0.8531539890625 0.9636050562499999 0.8242486078125 0.9595976343749999 0.80419295 0.9884844625 0.7996469734375 1 0.8634391703125001 1
0 0.2219666046875 0.0641245359375 0.261150278125 0.0849408625 0.28033395156249996 0.066573515625 0.274211503125 0.040042903125 0.2484972171875 0.025349026562499998 0.21625231875 0.0355531078125 0.2219666046875 0.0641245359375
0 0.3824675328125 0.13174976875 0.390946196875 0.13174976875 0.39601113125 0.11989448124999999 0.3892393328125 0.11905960156249999 0.381632653125 0.11651785781249999 0.379090909375 0.122436225 0.3824675328125 0.13174976875
0 0.5437286859375 0 0.5240630796875 0.0237163734375 0.49756957343749997 0.028521567187500003 0.5048051953125 0.0927330703125 0.5080148421875 0.13447704062500002 0.597903525 0.152139378125 0.619573284375 0.120822125 0.6147680890625 0.059838821875 0.610742115625 0.0213044984375 0.5997248875000001 0 0.5437286859375 0