0 0.3759641953125 0.8081909546875 0.41681846718750004 0.7786934671875 0.41500942187499995 0.7197487437500001 0.34038630625 0.7015075375000001 0.3065672109375 0.7414070359375 0.3178234921875 0.774371859375 0.3759641953125 0.8081909546875
0 0.4186777640625 0.5391457281250001 0.46325062812500006 0.510854271875 0.4517933421875 0.4475879390625 0.4036023875 0.45 0.3945571609375 0.5078391953125 0.4186777640625 0.5391457281250001
0 0.383150125 0.47829145781250004 0.3975722359375 0.4313065328125 0.38435615625 0.359648240625 0.35199434687500003 0.31306532656249997 0.3066174625 0.3204522609375 0.310235553125 0.3843216078125 0.319280778125 0.43974874374999995 0.33737123125 0.4909547734375 0.363250628125 0.503015075 0.383150125 0.47829145781250004
0 0.626265703125 0.1476884421875 0.670235553125 0.12482412031250001 0.658778265625 0.0645728640625 0.60335113125 0.033266331249999996 0.5997832921875 0.0814572859375 0.626265703125 0.1476884421875
0 0.1264667078125 0.14773869374999998 0.12435615625 0.157135678125 0.12435615625 0.21311557812499998 0.12717022656250002 0.2366834171875 0.1662154515625 0.26773869375000003 0.23345163281249998 0.251859296875 0.20601444687499998 0.157889446875 0.1481752515625 0.137638190625 0.1264667078125 0.14773869374999998
0 0.45330087968750005 0.9326130656249999 0.49812500000000004 0.8928140703125 0.481491834375 0.8321105531249999 0.41857726093750003 0.8444723625 0.3990797734375 0.890653265625 0.4091802765625 0.933366834375 0.45330087968750005 0.9326130656249999
0 0.186969221875 0.9723618093749999 0.2347079140625 0.9633165828125 0.241743090625 0.9 0.1844566578125 0.879899496875 0.15631595468749998 0.8864321609375001 0.16284861875 0.9306532656250001 0.186969221875 0.9723618093749999
0 0.501491834375 1 0.5060646984375 0.991155778125 0.48581344218750006 0.9463316578125 0.446768215625 0.94201005 0.4266174625 1 0.501491834375 1
0 0.5136023875 0.9673366828125 0.5392305281249999 0.9542713562499999 0.5326978640625 0.9361809046875 0.5090797734375 0.9316582921875 0.5000345484375 0.9512562812500001 0.5136023875 0.9673366828125
0 0.31350188437500004 0.6780904515625 0.3759641953125 0.661608040625 0.36988379375 0.5791959796875 0.300486809375 0.54623115625 0.2805370609375 0.6390452265625 0.31350188437500004 0.6780904515625
0 0.12435615625 0.157135678125 0.12224560312499999 0.14773869374999998 0.10053706093749999 0.137638190625 0.0426978640625 0.157889446875 0.015260678125 0.251859296875 0.082496859375 0.26773869375000003 0.1215420859375 0.2366834171875 0.12435615625 0.21311557812499998 0.12435615625 0.157135678125
0 0.014004396875 0.9633165828125 0.061743090625 0.9723618093749999 0.08586369375 0.9306532656250001 0.09239635625 0.8864321609375001 0.064255653125 0.879899496875 0.006969221875000001 0.9 0.014004396875 0.9633165828125