0 0.4632254859375 0.0829681984375 0.47032795937499994 0.1018021203125 0.5176777828125 0.1033215546875 0.5310346734375 0.084098940625 0.50647636875 0.0555123671875 0.478985203125 0.06109540625 0.469338559375 0.075865725 0.4632254859375 0.0829681984375
0 0.8579958031249999 0.7704947 0.868808525 0.7644876328125 0.8664056984374999 0.7398939921875 0.8484198328125 0.7338869265625 0.8400099375 0.7543109546875 0.8418120578125 0.7692932859375 0.8579958031249999 0.7704947
0 0.7292678890625 0.9084452296875 0.7710346734375 0.922862190625 0.7839675359375 0.8904593640625 0.761670715625 0.8443816249999999 0.7220594078125 0.8436749109375 0.7191972171875001 0.8681272078125 0.7292678890625 0.9084452296875
0 0.34478025625000003 0.8587632515625 0.3757343203125 0.83572438125 0.3771830828125 0.8170318015625 0.3628014578125 0.8083745578125001 0.344108878125 0.8038869265624999 0.32965658124999997 0.8458303890625001 0.34478025625000003 0.8587632515625
0 0.596900396875 0.231166078125 0.6259109984375 0.229681978125 0.63990393125 0.221166078125 0.6329074640625 0.1946643109375 0.6049215984375 0.1866784453125 0.5934021640625 0.20766784375 0.596900396875 0.231166078125
0 0.21022195156249998 0.1644169609375 0.23213007968750002 0.1644169609375 0.2388438609375 0.146395759375 0.22152937343749998 0.13720848125000001 0.1996212453125 0.1456890453125 0.197147746875 0.15982332187499998 0.21022195156249998 0.1644169609375
0 0.195698984375 0.10374558281249999 0.20735976093750003 0.0998586578125 0.21230675781250002 0.0761837453125 0.195698984375 0.0673498234375 0.18439156406249999 0.0761837453125 0.185098278125 0.09703180156249999 0.195698984375 0.10374558281249999
0 0.43174138749999996 0.49851590156250003 0.4223067578125 0.5552296812499999 0.4601159453125 0.607243815625 0.4932254859375 0.65452296875 0.52160004375 0.67816254375 0.55940923125 0.6521554765625 0.61258944375 0.6344522968749999 0.648066475 0.5800706718749999 0.6451689484375 0.5233215546875 0.568879196875 0.457137809375 0.48728909062500003 0.4689399296875 0.43174138749999996 0.49851590156250003
0 0.9050629421874999 0.7692932859375 0.9068650625 0.7543109546875 0.8984551671875 0.7338869265625 0.8804693015625 0.7398939921875 0.878066475 0.7644876328125 0.888879196875 0.7704947 0.9050629421874999 0.7692932859375
0 1 0.8441176515625 0.9852042843750001 0.8443816249999999 0.9629074640624999 0.8904593640625 0.9758403265625001 0.922862190625 1 0.9145228109374999 1 0.8441176515625
0 0.058561175 0.15982332187499998 0.0560876765625 0.1456890453125 0.034179549999999996 0.13720848125000001 0.0168650625 0.146395759375 0.023578842187499997 0.1644169609375 0.0454869703125 0.1644169609375 0.058561175 0.15982332187499998
0 0.0706106453125 0.09703180156249999 0.071317359375 0.0761837453125 0.0600099375 0.0673498234375 0.0434021640625 0.0761837453125 0.0483491609375 0.0998586578125 0.0600099375 0.10374558281249999 0.0706106453125 0.09703180156249999