0 0.22706060625000002 0.285350378125 0.21315151562499998 0.2618352265625 0.18539393906249999 0.273592803125 0.177909090625 0.3024412875 0.2024848484375 0.3109867421875 0.22706060625000002 0.285350378125
0 0.5721212125 0.536410984375 0.5763939390624999 0.5171685609375001 0.5475757578125 0.47659280312499996 0.5026969703125 0.4808655296875 0.4984242421875 0.524653409375 0.5336666671875 0.5513806812500001 0.5721212125 0.536410984375
0 0.331757575 0.3611988640625 0.31466666718749997 0.351592803125 0.301848484375 0.37828977343750003 0.3125151515625 0.394320075 0.3285454546875 0.38362310625 0.331757575 0.3611988640625
0 0.0603939390625 0.21056249999999999 0.0486363640625 0.24368371249999998 0.0657272734375 0.2661079546875 0.081757575 0.22550189375000002 0.0603939390625 0.21056249999999999
0 0.7153030296875 0.5588352265625 0.7281212125 0.6069261359375 0.7558787875 0.695592803125 0.82 0.7319261359375 0.8712727265625 0.742592803125 0.9193939390624999 0.6891382578125 0.9181818187499999 0.6303503781249999 0.9215151515625 0.5694412875 0.863787878125 0.5139867421875 0.82106060625 0.49368371250000004 0.7623030296875 0.491532196875 0.7153030296875 0.5588352265625
0 0.4843636359375 0.6519261359375 0.478787878125 0.627804925 0.457151515625 0.629653409375 0.4565454546875 0.64450189375 0.46581818124999996 0.6562594703125 0.4843636359375 0.6519261359375
0 0.17178787812500002 0.416410984375 0.158909090625 0.39153219687499996 0.1224242421875 0.3859261359375 0.119848484375 0.42071401562500005 0.153757575 0.43574431875 0.17178787812500002 0.416410984375
0 0.18539393906249999 0.129532196875 0.21315151562499998 0.1412897734375 0.22706060625000002 0.11777462187500001 0.2024848484375 0.0921382578125 0.177909090625 0.10068371250000001 0.18539393906249999 0.129532196875
0 0.301848484375 0.0248352265625 0.31466666718749997 0.051532196875000005 0.331757575 0.0419261359375 0.3285454546875 0.01950189375 0.3125151515625 0.008804925 0.301848484375 0.0248352265625
0 0.0486363640625 0.1594412875 0.0603939390625 0.1925625 0.081757575 0.17762310625 0.0657272734375 0.1370170453125 0.0486363640625 0.1594412875
0 0.9203351140624999 1 0.9181818187499999 0.960653409375 0.9193939390624999 0.9018655296875 0.8712727265625 0.848410984375 0.82 0.8590776515625 0.7558787875 0.895410984375 0.7281212125 0.9840776515625 0.723877259375 1 0.9203351140624999 1
0 0.457151515625 0.9613503781249999 0.478787878125 0.9631988640625 0.4843636359375 0.9390776515624999 0.46581818124999996 0.93474431875 0.4565454546875 0.94650189375 0.457151515625 0.9613503781249999
0 0.12115080781250001 0 0.1224242421875 0.0171988640625 0.158909090625 0.011592803124999999 0.1649102375 0 0.12115080781250001 0