0 0.28710306406249997 0.4636768796875 0.2776323125 0.50270195 0.31428969375000004 0.525153203125 0.3320055703125 0.501504178125 0.28710306406249997 0.4636768796875
0 0.71270195 0.629610028125 0.7153760453125 0.6264066859375 0.707381615625 0.607520890625 0.6896378828125 0.6124791093749999 0.68428969375 0.630139275 0.6960724234375 0.6387186625 0.71270195 0.629610028125
0 0.1944846796875 0.1814206125 0.2004456828125 0.1583565453125 0.1877994421875 0.156128134375 0.1744011140625 0.1568523671875 0.1717827296875 0.183649025 0.18406685312499999 0.188495821875 0.1944846796875 0.1814206125
0 0.34974930312499997 0.59253481875 0.33791086406250004 0.5641504171875 0.321364903125 0.5937047359375 0.334373259375 0.61381615625 0.3485515328125 0.5972701953125 0.34974930312499997 0.59253481875
0 0.6033704734375 0.6376601671875 0.632311978125 0.6349582171875 0.667158775 0.6103342625 0.6762674093750001 0.6006685234375 0.6762674093750001 0.5878272984375 0.6382172703125 0.586740946875 0.600696378125 0.60442896875 0.5964066859375 0.6221169921875 0.6033704734375 0.6376601671875
0 0.3178272984375 0.7509192203125 0.334373259375 0.6965459609375 0.3201949859375 0.6740947078125 0.257548746875 0.656350975 0.2291643453125 0.66935933125 0.236267409375 0.726100278125 0.2776323125 0.755654596875 0.3178272984375 0.7509192203125
0 0.558969359375 0.3549303625 0.5400557109374999 0.39395543125 0.5743175484374999 0.44005571093749996 0.61334261875 0.471977715625 0.6275208906249999 0.5050696375 0.6747910859374999 0.5322562671875 0.7303621171875 0.5346239546875 0.7114484671875 0.48852367656249995 0.7622841218749999 0.44596100312500003 0.7386350968750001 0.3986908078125 0.7149860718750001 0.3750417828125 0.7268245125 0.3254039 0.7114484671875 0.28874651875 0.6759888578125001 0.315933146875 0.6476044562500001 0.3419498609375 0.6310584953125 0.3833147625 0.6027019499999999 0.33604456875 0.5766852375 0.3313091921875 0.558969359375 0.3549303625
0 0.3615598890625 0.47431754843749996 0.41119777187500006 0.471977715625 0.4407520890625 0.42231197812500004 0.46086350937500004 0.39986072500000003 0.4041225625 0.3549303625 0.360389971875 0.3336768796875 0.32610027812500003 0.36793871875 0.32610027812500003 0.44122562656250003 0.3615598890625 0.47431754843749996
0 0 0.5164013093750001 0.0223676875 0.50270195 0.012896935937500001 0.4636768796875 0 0.47454166875 0 0.5164013093750001
0 1 0.61005059375 0.990947075 0.607520890625 0.9829526468750001 0.6264066859375 0.985626740625 0.629610028125 1 0.6374828171875 1 0.61005059375
0 0.1255988859375 0.1568523671875 0.1122005578125 0.156128134375 0.09955431718749999 0.1583565453125 0.1055153203125 0.1814206125 0.115933146875 0.188495821875 0.12821727031250002 0.183649025 0.1255988859375 0.1568523671875
0 0 0.75301945625 0.0223676875 0.755654596875 0.063732590625 0.726100278125 0.0708356546875 0.66935933125 0.042451253125 0.656350975 0 0.668374740625 0 0.75301945625
0 1 0.2988053578125 0.9868802234375 0.28874651875 0.9715041781249999 0.3254039 0.9833426187500001 0.3750417828125 0.95969359375 0.3986908078125 0.9360445687500001 0.44596100312500003 0.9868802234375 0.48852367656249995 0.9679665734375 0.5346239546875 1 0.533259121875 1 0.2988053578125