0 0.6923300968749999 0.7130673546875 0.7016019421874999 0.712145025 0.7118446609375 0.6982129859375 0.708106796875 0.6907858015625 0.6932524265625 0.6879702671875 0.6849029125 0.6954459953125001 0.6923300968749999 0.7130673546875
0 1 0.24000910156250002 0.977524271875 0.2328246359375 0.9542718453125 0.25233919843749997 0.9375728156250001 0.28670813125 0.9486893203125 0.3266595875 0.9830582531250001 0.32758191718749996 0.997961165625 0.3099120140625 1 0.3006401703125 1 0.24000910156250002
0 0.24427184531249999 0.5933100734375001 0.2602912625 0.62709648125 0.3065533984375 0.6075333734374999 0.31097087343749996 0.579086771875 0.28165048593750003 0.57641686875 0.24427184531249999 0.5933100734375001
0 0.21048543749999998 0.4954945390625 0.2291747578125 0.5274848296875 0.2460679609375 0.494620753125 0.21048543749999998 0.4954945390625
0 0.5493689328125 0.42699939374999996 0.5617961171875 0.45190230624999994 0.5831553390625 0.45457220937500004 0.5929126218749999 0.44389259687499993 0.5706796109375001 0.42165958750000004 0.5493689328125 0.42699939374999996
0 0.562669903125 0.2980188109375 0.5813592234375 0.319378034375 0.6204854375 0.33005764531250004 0.6658737859375 0.3158343453125 0.6658737859375 0.30962075312500004 0.6587378640625 0.26869842187500004 0.6489805828125 0.2508828890625 0.622281553125 0.23131978125 0.5938349515625 0.22331007343749998 0.5635922328125 0.2277760921875 0.562669903125 0.26335861718750003 0.5235436890625 0.2998149265625 0.562669903125 0.2980188109375
0 0.7432524265625 0.7898634703125 0.7636893203125 0.8325819171875001 0.7832524265624999 0.8299120140625 0.777038834375 0.7871935671875 0.7432524265625 0.7898634703125
0 0.47495145625 0.5170479375 0.492718446875 0.5255916265625 0.5111650484375 0.4930673546875 0.48980582500000003 0.4799120140625 0.472184465625 0.48918385937500003 0.47495145625 0.5170479375
0 0.277087378125 0.539378034375 0.3235436890625 0.5374848296875 0.35417475781249996 0.5059314328125 0.3532524265625 0.49850424687499995 0.315194175 0.46321298593750004 0.27524271875 0.481756675 0.277087378125 0.539378034375
0 0.599417475 0.634135315625 0.671893203125 0.6452518203125 0.687669903125 0.614620753125 0.675582525 0.5978731796875 0.64495145625 0.564426578125 0.591990290625 0.5579217234375 0.587378640625 0.583941140625 0.599417475 0.634135315625
0 0.7462135921875 0.42602851875000003 0.8102912625 0.41117415 0.807524271875 0.36195085 0.78985436875 0.33777609218750004 0.7499029125 0.3368537625 0.7164563109375 0.356368325 0.7183495140625 0.4102518203125 0.7462135921875 0.42602851875000003
0 0.7266990296875 0.32384405312500003 0.769417475 0.329426578125 0.7815048546875001 0.288552790625 0.767572815625 0.279280946875 0.7359708734375 0.2783586171875 0.7201941749999999 0.2932129859375 0.7266990296875 0.32384405312500003
0 0.4192233015625 0.2253974515625 0.44058252500000006 0.24398968437500002 0.45359223281250005 0.23097997499999998 0.4600970875 0.209572209375 0.45082524218750003 0.19937803437499999 0.432233009375 0.18918385937499999 0.40621359218749997 0.1826790046875 0.3932038828125 0.1947178390625 0.392281553125 0.2077275484375 0.4192233015625 0.2253974515625
0 0.7136893203125 0.739086771875 0.7192718453125 0.7381644421875 0.722961165625 0.728844053125 0.7201941749999999 0.7251547328125 0.70995145625 0.7251547328125 0.70533980625 0.7353489078125001 0.7136893203125 0.739086771875
0 0.7636893203125 0.9205430828125 0.7432524265625 0.9632615296875 0.777038834375 0.9659314328124999 0.7832524265624999 0.9232129859375 0.7636893203125 0.9205430828125
0 0.40621359218749997 0.0655916265625 0.432233009375 0.059086771875 0.45082524218750003 0.048892596875 0.4600970875 0.038698421875 0.45359223281250005 0.0172906546875 0.44058252500000006 0.004280946875 0.4192233015625 0.022873179687500002 0.392281553125 0.0405430828125 0.3932038828125 0.053552790625 0.40621359218749997 0.0655916265625