0 0.4521125 0.7237 0.46671250000000003 0.75175 0.5008625 0.7554000000000001 0.5179625 0.7481 0.5228625 0.7237 0.5179625 0.6883 0.49601249999999997 0.6809999999999999 0.47526250000000003 0.6822 0.4594125 0.69685 0.4521125 0.7237
0 0.3081625 0.23454999999999998 0.3020625 0.23090000000000002 0.29231250000000003 0.23335 0.2910625 0.23820000000000002 0.29231250000000003 0.2504 0.30696249999999997 0.248 0.3081625 0.23454999999999998
0 0.49601249999999997 0.3102 0.49236250000000004 0.2919 0.48016249999999994 0.29435 0.47406249999999994 0.3102 0.4789125 0.32115 0.4899125 0.3224 0.49601249999999997 0.3102
0 0.5389125 0.24935000000000002 0.5483625 0.24935000000000002 0.5560125 0.24820000000000003 0.5583625 0.2411 0.5548124999999999 0.23464999999999997 0.5501125 0.2323 0.5412625 0.23345 0.5377625 0.23935 0.5389125 0.24935000000000002
0 0.4877625 0.16405 0.49716250000000006 0.15289999999999998 0.49716250000000006 0.13935 0.47951249999999995 0.13640000000000002 0.47126250000000003 0.1476 0.4707125 0.15935 0.4789125 0.1682 0.4877625 0.16405
0 0.3060125 0.12110000000000001 0.3012625 0.1323 0.3083625 0.14345000000000002 0.3195125 0.1382 0.3154125 0.12405 0.3060125 0.12110000000000001
0 0.2724625 0.2264 0.2677625 0.21760000000000002 0.25656249999999997 0.2217 0.2554125 0.22759999999999997 0.2601125 0.23759999999999998 0.2718625 0.2323 0.2724625 0.2264
0 0.6007625 0.21190000000000003 0.6077625 0.20990000000000003 0.6102624999999999 0.2004 0.6107625 0.19290000000000002 0.6027625 0.18939999999999999 0.5962625 0.1924 0.5917625 0.1994 0.5932625 0.2089 0.6007625 0.21190000000000003
0 0.4129625 0.9022500000000001 0.4189625 0.90425 0.42646249999999997 0.89975 0.4274625 0.8957499999999999 0.4234625 0.8852499999999999 0.41846249999999996 0.88475 0.4109625 0.8877499999999999 0.4074625 0.8947499999999999 0.4129625 0.9022500000000001
0 0.3449625 0.92425 0.3509625 0.92275 0.3539625 0.91425 0.3489625 0.9087500000000001 0.3429625 0.90825 0.3389625 0.9157500000000001 0.3399625 0.92275 0.3449625 0.92425
0 0.0835625 0.23090000000000002 0.0774625 0.23454999999999998 0.0786625 0.248 0.09331249999999999 0.2504 0.09456250000000001 0.23820000000000002 0.09331249999999999 0.23335 0.0835625 0.23090000000000002
0 0.0702125 0.12405 0.06611249999999999 0.1382 0.0772625 0.14345000000000002 0.08436249999999999 0.1323 0.0796125 0.12110000000000001 0.0702125 0.12405
0 0.11786250000000001 0.21760000000000002 0.11316250000000001 0.2264 0.11376250000000002 0.2323 0.1255125 0.23759999999999998 0.1302125 0.22759999999999997 0.1290625 0.2217 0.11786250000000001 0.21760000000000002
0 0.0366625 0.9087500000000001 0.031662499999999996 0.91425 0.0346625 0.92275 0.040662500000000004 0.92425 0.0456625 0.92275 0.0466625 0.9157500000000001 0.0426625 0.90825 0.0366625 0.9087500000000001