0 0.79734610625 0.17620602968750002 0.7549089203125 0.17276381875 0.7325722359375 0.206356784375 0.741516959375 0.2454522609375 0.7839541453125001 0.23763819062499997 0.7984516328125 0.19743718593749998 0.79734610625 0.17620602968750002
0 0.10847675937500001 0.8126884421874999 0.10634107968749999 0.8287185921875 0.10463253749999998 0.8693467343749999 0.129255653125 0.89572864375 0.1204616828125 0.9422110546875 0.19081344218750002 0.92173366875 0.20789886875 0.935628140625 0.23036118125 0.931356784375 0.2453360546875 0.912110553125 0.27739635625000003 0.8725628140625 0.3191049 0.8030653265625001 0.309481784375 0.7485427140625001 0.27739635625000003 0.71324120625 0.23998429687499997 0.6972110546875 0.20789886875 0.6950753765625 0.17689384375 0.696130653125 0.151240578125 0.71324120625 0.128778265625 0.7410552765625 0.10847675937500001 0.8126884421874999
0 0.7660898234375 0.46766331718750004 0.7839541453125001 0.4665577890625 0.7839541453125001 0.455376884375 0.7705370609375 0.43864321562499997 0.7526727390625 0.455376884375 0.7660898234375 0.46766331718750004
0 0.8665923359375001 0.3994472359375 0.8330747484375 0.388391959375 0.8319692218749999 0.40625628125 0.8665923359375001 0.4128391953125 0.8665923359375001 0.3994472359375
0 0.7828234921874999 0.3011809046875 0.7861903265625 0.2833165828125 0.776140075 0.27103014999999997 0.7426224875 0.2655527640625 0.72588881875 0.29223618125 0.7236526375000001 0.3146733671875 0.7515672109375 0.30575376875 0.7828234921874999 0.3011809046875
0 0.953125 0.4140703515625 0.953125 0.3917085421875 0.9514415828124999 0.388391959375 0.946994346875 0.391633165625 0.9335772609375 0.4016834171875 0.9358134421875001 0.41173366875 0.9503360546874999 0.42635678437499996 0.953125 0.4140703515625
0 0.6990797734374999 0.09123115625 0.676743090625 0.0935678390625 0.707999371875 0.137135678125 0.743753140625 0.15042713593749998 0.7694315328125 0.140376884375 0.7504365578125001 0.11133165781250001 0.6990797734374999 0.09123115625
0 0.75938128125 0.6216582921875 0.7482003765624999 0.6406532656249999 0.76385364375 0.6575125625 0.795109925 0.65974874375 0.80739635625 0.6551758796875 0.7995822859375 0.62623115625 0.75938128125 0.6216582921875
0 0.4835521359375 0.1270854265625 0.5181752515625 0.138140703125 0.538275753125 0.11022613125 0.5148335421875 0.08464824062500001 0.4802104265625 0.0969346734375 0.4835521359375 0.1270854265625
0 0.65887876875 0.12919597968750002 0.6488285171875 0.134899496875 0.6410144468750001 0.166155778125 0.6599089203124999 0.1917085421875 0.6812154515625 0.1805778890625 0.6800847984375 0.15824120625 0.65887876875 0.12919597968750002
0 0.60415515 0.460854271875 0.5829491203125 0.4565075375 0.5695320359375 0.45874371875 0.5728988687500001 0.47547738749999996 0.5941048999999999 0.4843216078125 0.6086275125 0.48776381874999997 0.6175471109374999 0.47660804062500006 0.60415515 0.460854271875
0 0.2792054015625 0.51 0.25686871875 0.511105528125 0.2468184671875 0.5245226125 0.279255653125 0.54572864375 0.2925973625 0.53577889375 0.3015420859375 0.5233919593749999 0.2792054015625 0.51
0 0.717999371875 1 0.7360898234375 0.9698492468750001 0.690109925 0.9559547734375 0.6975973625 0.9901758796875001 0.7136777640624999 1 0.717999371875 1
0 0.458099875 0.9495477390625 0.4848335421875 0.9484673359375 0.45274811562500006 0.912110553125 0.43136620625 0.9067587937500001 0.43136620625 0.9420603015625 0.458099875 0.9495477390625
0 0.40784861875 0.6704773875 0.40571293906249994 0.6929396984375 0.43028580468750005 0.70896985 0.4442054015625 0.7068341703125001 0.4442054015625 0.660854271875 0.42709485 0.649095478125 0.40784861875 0.6704773875
0 0.67086369375 0.5592964828125 0.6697832921875 0.5475376890625 0.6409139453125 0.5753266328125 0.6601601765625 0.5731909546875 0.67086369375 0.5592964828125
0 0.598150125 0.5785427140625 0.5810395734375 0.6031155781249999 0.5832003765625 0.626633165625 0.6099089203125 0.6373366828125 0.63985866875 0.6095477390624999 0.6334516328124999 0.58922110625 0.598150125 0.5785427140625
0 0.8365923359374999 0.5903015078125 0.8419189703125 0.5774623109375 0.8098586687499999 0.5828140703125 0.8130496234375 0.591356784375 0.8365923359374999 0.5903015078125
0 0.7264667078125 0.734623115625 0.7467682156250001 0.7399748749999999 0.7702858046875 0.7453266328125 0.7895320359375 0.7271608046875 0.8205370609375 0.7324874375 0.8419189703125 0.7111055281249999 0.7916677140624999 0.7175376890625 0.7884767593750001 0.7079145734375001 0.7457129390625 0.7100502515625 0.7339541453125 0.71324120625 0.7264667078125 0.722864321875 0.7264667078125 0.734623115625
0 0.9178486187500001 0.351859296875 0.936014446875 0.3358291453125 0.9445822859374999 0.32728643281249997 0.953125 0.3084673359375 0.953125 0.2981909546875 0.9499089203125 0.289849246875 0.9317430906249999 0.2877135671875 0.9157129390625001 0.3005527640625 0.8750847984375 0.31231155781250003 0.9092807781250001 0.359346734375 0.9178486187500001 0.351859296875
0 0.7938285171875 0.143366834375 0.8237531406249999 0.1455276375 0.8322958546875 0.150854271875 0.8397832921875 0.14979899531250002 0.83337625625 0.1305527640625 0.8248335421874999 0.11984924687500001 0.7938285171875 0.143366834375
0 0.959255653125 0.391633165625 0.9548084171875001 0.388391959375 0.953125 0.3917085421875 0.953125 0.4140703515625 0.9559139453125001 0.42635678437499996 0.9704365578124999 0.41173366875 0.9726727390625 0.4016834171875 0.959255653125 0.391633165625
0 1 0.3032915734375 0.9905370609374999 0.3005527640625 0.9745069093750001 0.2877135671875 0.9563410796875 0.289849246875 0.953125 0.2981909546875 0.953125 0.3084673359375 0.9616677140625001 0.32728643281249997 0.970235553125 0.3358291453125 0.9884013812499999 0.351859296875 0.9969692218749999 0.359346734375 1 0.35517802187499997 1 0.3032915734375