0 0.649773584375 0.5318525937499999 0.7313207546875 0.4644563671875 0.7254339625 0.4029846703125 0.7029433968750001 0.3308714625 0.6084150937499999 0.31789032968750003 0.53984905625 0.3308714625 0.4901886796875 0.3994375 0.49728301874999997 0.44555070781249995 0.5207547171875 0.5057016515625 0.5670188671874999 0.528305425 0.649773584375 0.5318525937499999
0 0.6107547171875 0.672494103125 0.6154716984374999 0.616946934375 0.5701886796875 0.6140035375 0.5705660375 0.6589091984375 0.6107547171875 0.672494103125
0 0.4535471703125 0.564946934375 0.48901886718750004 0.547211084375 0.48792452812500003 0.50758844375 0.43584905625000003 0.527211084375 0.4535471703125 0.564946934375
0 0.182641509375 0.64872051875 0.2112452828125 0.614569575 0.1816981125 0.5767582546875001 0.1407547171875 0.6204186328125 0.182641509375 0.64872051875
0 0.09622641562499999 0.6630601421875 0.122641509375 0.6147582546875 0.078490565625 0.5721167453125 0.0539622640625 0.615512971875 0.09622641562499999 0.6630601421875
0 0.851207546875 0.6082676890625 0.854075471875 0.5594375 0.8322641515625 0.5318525937499999 0.825924528125 0.5324186328125 0.7644528296875001 0.5651733484375 0.772490565625 0.6260790093749999 0.8081132078125 0.6312488203125 0.851207546875 0.6082676890625
0 0.7296370875 1 0.7313207546875 0.9824186328125 0.649773584375 0.91502240625 0.5670188671874999 0.918569575 0.5207547171875 0.9411733484375 0.497799775 1 0.7296370875 1
0 0.49728301874999997 0.1107582546875 0.4901886796875 0.1568714625 0.53984905625 0.2254375 0.6084150937499999 0.23841863281250003 0.7029433968750001 0.2254375 0.7254339625 0.15332429218750002 0.7313207546875 0.09185259375 0.649773584375 0.0244563671875 0.5670188671874999 0.028003537499999998 0.5207547171875 0.050607310937500004 0.49728301874999997 0.1107582546875
0 0.6154716984374999 0.829928065625 0.6107547171875 0.774380896875 0.5705660375 0.7879658015625 0.5701886796875 0.8328714625 0.6154716984374999 0.829928065625
0 0.48901886718750004 0.8996639156249999 0.4535471703125 0.8819280656249999 0.43584905625000003 0.919663915625 0.48792452812500003 0.9392865562500001 0.48901886718750004 0.8996639156249999
0 0.4494959609375 0 0.43584905625000003 0.029097878124999997 0.48792452812500003 0.048720518750000004 0.48901886718750004 0.009097878125 0.47082311250000003 0 0.4494959609375 0
0 0.2112452828125 0.832305425 0.182641509375 0.79815448125 0.1407547171875 0.8264563671875 0.1816981125 0.8701167453125 0.2112452828125 0.832305425
0 0.122641509375 0.8321167453125 0.09622641562499999 0.7838148578124999 0.0539622640625 0.8313620281249999 0.078490565625 0.8747582546875 0.122641509375 0.8321167453125
0 0.7644528296875001 0.8817016515624999 0.825924528125 0.9144563671875 0.8322641515625 0.91502240625 0.854075471875 0.8874375000000001 0.851207546875 0.8386073109375 0.8081132078125 0.8156261796875001 0.772490565625 0.820795990625 0.7644528296875001 0.8817016515624999