0 0.59373244375 0.17550561874999998 0.6077773875 0.1693258421875 0.645979634375 0.1519101125 0.6465414328125 0.1125842703125 0.621260534375 0.083932584375 0.5583391859375 0.0906741578125 0.5414852531250001 0.1389887640625 0.59373244375 0.17550561874999998
0 0.53418188125 0.895337078125 0.5827212078125 0.8839887640624999 0.6102492984375 0.85 0.5835639046875001 0.7966292140625 0.5155863765625 0.7966292140625 0.494575140625 0.8419101124999999 0.53418188125 0.895337078125
0 0.485305478125 0.49853932656250005 0.5167661515625 0.50359550625 0.523507725 0.47887640468750003 0.4965414328125 0.4693258421875 0.485305478125 0.49853932656250005
0 0.5827212078125 0.612977528125 0.6304740171875001 0.6000561796875 0.6336762640625 0.541797753125 0.616709971875 0.49325842656249996 0.5916537921875 0.48112359531250004 0.560867275 0.48516853906249996 0.52446278125 0.5078089890624999 0.48890098281250005 0.5547191015624999 0.4969908703125 0.580617978125 0.5253054781250001 0.6113483140625 0.5827212078125 0.612977528125
0 0.45266502812500004 0.630842696875 0.47817064531250003 0.6620786515625 0.51182233125 0.632471909375 0.48058637656250003 0.6119101125 0.45266502812500004 0.630842696875
0 0.389799859375 0.2631460671875 0.4150807578125 0.28280898906249996 0.423507725 0.2653932578125 0.4167661515625 0.24629213437500003 0.395979634375 0.24179775312500001 0.389799859375 0.2631460671875
0 0.8145189609375001 0.083932584375 0.7892380625000001 0.1125842703125 0.789799859375 0.1519101125 0.8280021062499999 0.1693258421875 0.84204705 0.17550561874999998 0.8942942421875 0.1389887640625 0.877440309375 0.0906741578125 0.8145189609375001 0.083932584375
0 0 0.8894470203125 0.02519311875 0.895337078125 0.064799859375 0.8419101124999999 0.0437886234375 0.7966292140625 0 0.7966292140625 0 0.8894470203125
0 0.852215590625 0.7966292140625 0.8255301968750001 0.85 0.8530582859375 0.8839887640624999 0.9015976125 0.895337078125 0.9412043546875 0.8419101124999999 0.92019311875 0.7966292140625 0.852215590625 0.7966292140625
0 0.0426088484375 0.50359550625 0.074069521875 0.49853932656250005 0.0628335671875 0.4693258421875 0.035867275 0.47887640468750003 0.0426088484375 0.50359550625
0 0.9190133421875 0.50359550625 0.9504740171874999 0.49853932656250005 0.9392380625 0.4693258421875 0.9122717703125 0.47887640468750003 0.9190133421875 0.50359550625
0 0 0.6123150625 0.034069521874999995 0.6113483140625 0.0623841296875 0.580617978125 0.0704740171875 0.5547191015624999 0.03491221875 0.5078089890624999 0 0.48609660468750004 0 0.6123150625
0 0.9468785109375 0.5547191015624999 0.9113167140625 0.5078089890624999 0.8749122187499999 0.48516853906249996 0.8441257015625 0.48112359531250004 0.8190695218749999 0.49325842656249996 0.8021032296874999 0.541797753125 0.805305478125 0.6000561796875 0.8530582859375 0.612977528125 0.9104740171874999 0.6113483140625 0.9387886234374999 0.580617978125 0.9468785109375 0.5547191015624999
0 0.08120435468750001 0.6620786515625 0.106709971875 0.630842696875 0.07878862343750001 0.6119101125 0.04755266875 0.632471909375 0.08120435468750001 0.6620786515625
0 0.9576088484374999 0.6620786515625 0.983114465625 0.630842696875 0.9551931187499999 0.6119101125 0.9239571625 0.632471909375 0.9576088484374999 0.6620786515625
0 0.135867275 0.2653932578125 0.1442942421875 0.28280898906249996 0.169575140625 0.2631460671875 0.163395365625 0.24179775312500001 0.1426088484375 0.24629213437500003 0.135867275 0.2653932578125