0 0.6352909484375 0.5932758625 0.6511530171875 0.607356321875 0.676670259375 0.5985632187500001 0.68017600625 0.5660344828125 0.6511530171875 0.5493103453125 0.6485093390625 0.5493103453125 0.6326472703125 0.5642528734375001 0.6352909484375 0.5932758625
0 0.7698886500000001 0.189482759375 0.7637392234375 0.207931034375 0.7743139375 0.220229884375 0.78747485625 0.224655171875 0.79804956875 0.21586206875 0.800693246875 0.200919540625 0.79804956875 0.18770115 0.7866127875 0.18241379375 0.7698886500000001 0.189482759375
0 0.6135093390625 0.27505747187499996 0.5629346265625 0.2834482765625 0.5587392234374999 0.33149425312499997 0.6000035921875 0.364367815625 0.6413254312500001 0.3432758625 0.6135093390625 0.27505747187499996
0 0.27983117812499997 0.1691954015625 0.30799209843750003 0.193850575 0.34586566093750004 0.20528735625 0.37488865 0.1868390796875 0.3581645109375 0.14195402343750002 0.298336925 0.11994252812499999 0.2877622125 0.1287356328125 0.27983117812499997 0.1691954015625
0 0.5227047406249999 0.9795402296875 0.5490840515625 0.9944827593750001 0.573681753125 0.9830459765624999 0.577244971875 0.9478735625000001 0.5490840515625 0.9073563218749999 0.5411530171875001 0.905632184375 0.5129920984375 0.9434482765625001 0.5227047406249999 0.9795402296875
0 0.2209231328125 0.301206896875 0.2754633625 0.3284482765625 0.33264727031249997 0.324942528125 0.3194288796875 0.2554597703125 0.2560955453125 0.22114942499999998 0.2481645109375 0.20971264375 0.2173599140625 0.2360919546875 0.2209231328125 0.301206896875
0 0.652244971875 0.052643678125 0.6547737062500001 0.08385057500000001 0.667417384375 0.0795977015625 0.667417384375 0.0594252875 0.652244971875 0.052643678125
0 0.1434518671875 0.7686781609375 0.145118534375 0.772068965625 0.15948635 0.78471264375 0.20408405156249998 0.7956321843749999 0.1839116375 0.7417241375 0.1434518671875 0.7686781609375
0 0.908969109375 0.200919540625 0.9116127875 0.21586206875 0.9221875 0.224655171875 0.9353484203125 0.220229884375 0.9459231328125 0.207931034375 0.9397737062499999 0.189482759375 0.92304956875 0.18241379375 0.9116127875 0.18770115 0.908969109375 0.200919540625
0 0 0.327901934375 0.0089116375 0.3284482765625 0.0634518671875 0.301206896875 0.0670150859375 0.2360919546875 0.036210489062500004 0.20971264375 0.0282794546875 0.22114942499999998 0 0.2364696015625 0 0.327901934375
0 0.10046336250000001 0.7417241375 0.0802909484375 0.7956321843749999 0.12488865 0.78471264375 0.139256465625 0.772068965625 0.1409231328125 0.7686781609375 0.10046336250000001 0.7417241375