0 0.7974678109375 0.5620761796875 0.7326180250000001 0.5679560078125 0.7166094421875 0.6345225328125 0.75364806875 0.671561159375 0.81094420625 0.655552575 0.8345064375 0.6285997859375 0.7974678109375 0.5620761796875
0 0.224163090625 0.2972693140625 0.20605150156250002 0.282762875 0.1635193140625 0.2895010734375 0.15004291875 0.3179989265625 0.160429184375 0.3366255359375 0.2028755359375 0.3376555796875 0.224163090625 0.31332081562499997 0.224163090625 0.2972693140625
0 0.076781115625 0.3404023609375 0.041845493750000004 0.35113197500000004 0.0337768234375 0.3770976390625 0.0463090125 0.395037553125 0.076781115625 0.393234978125 0.0848497859375 0.36546673749999997 0.076781115625 0.3404023609375
0 0.134978540625 0.21327789687499998 0.1152789703125 0.1971405578125 0.0597424890625 0.215037553125 0.029313304687500003 0.268771459375 0.0463090125 0.30280579375 0.09824034375 0.2840075109375 0.131373390625 0.2293723171875 0.134978540625 0.21327789687499998
0 0.260386265625 0.506067596875 0.2660944203125 0.5293723171875 0.2889699578125 0.528342275 0.2915450640625 0.4889860515625 0.27854077187500004 0.486368025 0.260386265625 0.506067596875
0 0.303991415625 0.5563251078125 0.2925321890625 0.5325053640624999 0.253218884375 0.5454667375 0.229613734375 0.5712178109375 0.2412446359375 0.5925912015625 0.2769957078125 0.5988143781249999 0.29665236093749997 0.582762875 0.303991415625 0.5563251078125
0 0.41416309062499995 0.612419528125 0.39871244687499996 0.622290771875 0.40042918437499997 0.636024678125 0.4034334765625 0.6489002140625 0.41931330468750005 0.6338787546875 0.4218884125 0.618857296875 0.41416309062499995 0.612419528125
0 0.938197425 0.71550965625 0.924034334375 0.7270976390625 0.9197424890624999 0.753320815625 0.9339055796875 0.7661963515625 0.9600858375 0.7579989265625 0.9626609437500001 0.7279560078125 0.938197425 0.71550965625
0 0.5944206015625 0.794093346875 0.6150214593750001 0.8129345499999999 0.6429184546875 0.80735515 0.645922746875 0.7785997859375 0.6227467812499999 0.7739216734375 0.5944206015625 0.794093346875
0 0.13892703906249998 0.3439645921875 0.1184549359375 0.3720761796875 0.12746781093749998 0.406840128125 0.189442059375 0.3894581546875 0.20798283281250002 0.3448229609375 0.13892703906249998 0.3439645921875
0 0.038665765625 0 0.029313304687500003 0.018728540625 0.0597424890625 0.072462446875 0.1152789703125 0.0903594421875 0.134978540625 0.07422210312500001 0.131373390625 0.058127682812500005 0.09824034375 0.0034924890625000005 0.08859214374999999 0 0.038665765625 0
0 0.9626609437500001 0.9844366953125 0.9600858375 0.9543937765624999 0.9339055796875 0.9461963515624999 0.9197424890624999 0.9590718890625001 0.924034334375 0.9852950640625 0.938197425 0.996883046875 0.9626609437500001 0.9844366953125
0 0.645922746875 0.93379291875 0.6429184546875 0.9050375531249999 0.6150214593750001 0.8994581546875 0.5944206015625 0.91829935625 0.6227467812499999 0.9384710296875 0.645922746875 0.93379291875