0 0.62462310625 0.913151515625 0.6288958328125 0.8974545453125 0.6238958328125 0.8845757578125 0.6131988640625 0.8853030296875 0.612471590625 0.8988787874999999 0.6160473484375 0.9103030296875 0.62462310625 0.913151515625
0 0.7049564390625 0.8806363640624999 0.677774621875 0.8652727265625 0.6458655296875 0.8699999999999999 0.6316837125 0.8912727265625 0.664774621875 0.9444848484374999 0.7155928031250001 0.909030303125 0.7049564390625 0.8806363640624999
0 0.7297746218750001 0.6796969703125 0.7297746218750001 0.6146969703125 0.7096837125000001 0.6016969703124999 0.677774621875 0.5886969703125 0.636410984375 0.5898787875 0.6198655296875 0.6253333328124999 0.6210473484375 0.687969696875 0.6659564390625 0.6926969703125 0.7297746218750001 0.6796969703125
0 0.4081685609375 0.11606060625 0.4032291671875 0.0975454546875 0.3908958328125 0.061727273437499994 0.34522916718749996 0.0605151515625 0.325471590625 0.11730302968749999 0.358804925 0.13706060625 0.4081685609375 0.11606060625
0 0.612471590625 0.490848484375 0.607471590625 0.4293939390625 0.55174431875 0.4272727265625 0.5410170453125 0.46084848437500003 0.562471590625 0.4894242421875 0.612471590625 0.490848484375
0 0.5674412875 0.63706060625 0.56262310625 0.601212121875 0.53162310625 0.6135757578125001 0.53162310625 0.6395151515624999 0.5575625 0.63706060625 0.5674412875 0.63706060625
0 0.8094109843749999 0.121 0.8168049249999999 0.1 0.8155928031249999 0.074090909375 0.7834715906249999 0.07160606093750001 0.7674412875 0.10248484843750001 0.7748352265625 0.13087878749999998 0.8094109843749999 0.121
0 0.36762310625 0.7291212125000001 0.34904734843749996 0.706969696875 0.31262310625 0.7141212125 0.31547159062499996 0.7426969703124999 0.35762310625 0.7512727265625 0.36762310625 0.7291212125000001
0 0.32262310625 0.7741212125 0.3090473484375 0.779848484375 0.313320075 0.7955454546875 0.32762310625 0.7934242421875 0.32262310625 0.7741212125
0 0.4569261359375 0.8777272734375 0.44192613593749996 0.8763030296875 0.43692613593749996 0.8855757578125001 0.44622916718749994 0.8963030296875001 0.4569261359375 0.8941515156250001 0.4569261359375 0.8777272734375
0 0.5595928031249999 0.38939393906249997 0.562471590625 0.3565454546875 0.535320075 0.347969696875 0.4988655296875 0.3536666671875 0.4902897734375 0.4093939390625 0.5338655296875 0.4286969703125 0.5595928031249999 0.38939393906249997
0 0.43162310625 0.521 0.39953219687499997 0.53581818125 0.4081685609375 0.5592727265625 0.4242291671875 0.5555757578125 0.43162310625 0.521
0 1 0.872747159375 0.9981685609375001 0.8699999999999999 0.9662594703125 0.8652727265625 0.9390776515624999 0.8806363640624999 0.9284412874999999 0.909030303125 0.9792594703124999 0.9444848484374999 1 0.9111328593750001 1 0.872747159375
0 1 0.589660984375 0.9662594703125 0.5886969703125 0.934350378125 0.6016969703124999 0.9142594703125001 0.6146969703125 0.9142594703125001 0.6796969703125 0.9780776515625 0.6926969703125 1 0.6903893546875 1 0.589660984375
0 0 0.133693959375 0.027653409375 0.11730302968749999 0.0078958328125 0.0605151515625 0 0.0607247296875 0 0.133693959375
0 0.8605625 0.07160606093750001 0.8284412874999999 0.074090909375 0.8272291671875 0.1 0.8346231062499999 0.121 0.8691988640625 0.13087878749999998 0.8765928031250001 0.10248484843750001 0.8605625 0.07160606093750001
0 0 0.750357584375 0.037653409375 0.7426969703124999 0.040501893750000004 0.7141212125 0.0040776515625 0.706969696875 0 0.7118322796875 0 0.750357584375
0 0.0440776515625 0.779848484375 0.03050189375 0.7741212125 0.025501893749999997 0.7934242421875 0.039804925000000005 0.7955454546875 0.0440776515625 0.779848484375