0 0.394350784375 0.38963099687499997 0.394350784375 0.379040590625 0.3860482015625 0.3737638375 0.378483625 0.38055350625 0.3830223703125 0.3911439109375 0.394350784375 0.38963099687499997
0 0.394350784375 0.3367158671875 0.4011404515625 0.30498155 0.3973766140625 0.2883394828125 0.3777087171875 0.28228782343750003 0.3520260609375 0.28682656875 0.34523639375 0.3042066421875 0.34523639375 0.3352029515625 0.36110355156249996 0.350332103125 0.3777087171875 0.34808118125 0.394350784375 0.3367158671875
0 0.43667550781250003 0.5264575640625 0.4329116703125 0.51811808125 0.41778251875 0.5264575640625 0.41929543281250004 0.5340221406250001 0.4298858390625 0.541549815625 0.44121425312499996 0.5309963093750001 0.43667550781250003 0.5264575640625
0 0.2492216328125 0.079741696875 0.25604820156249997 0.0661254609375 0.24091904999999997 0.054797048437499996 0.228815728125 0.054022140625000006 0.2220260609375 0.0661254609375 0.22276406875000002 0.0804797046875 0.23335447343750002 0.08501845 0.2492216328125 0.079741696875
0 0.321804659375 0.11826568281250001 0.33464598749999996 0.09332103281250001 0.3285943265625 0.08501845 0.30745041562500003 0.08501845 0.2975980171875 0.10693726875000001 0.30364967656249997 0.12206642031249999 0.321804659375 0.11826568281250001
0 0.5750149906249999 0.6814022140625 0.581804659375 0.662509225 0.57652790625 0.6488929890625 0.5342031828125 0.6436162359375001 0.5039448796875 0.65191881875 0.4948673890625 0.6768634687499999 0.50774561875 0.6935055343750001 0.5402179421875 0.6957564578125 0.5750149906249999 0.6814022140625
0 0.5432437734375 0.534760146875 0.5372290125 0.5226568265625 0.5288895296875 0.5143542437499999 0.517561115625 0.52191881875 0.509996540625 0.5362730625000001 0.5122843640625 0.5672693734375 0.528151521875 0.5702952031249999 0.5432437734375 0.5589298890625 0.5432437734375 0.534760146875
0 0.4245721859375 0.6851660515625 0.4275980171875 0.6745756453125 0.423096171875 0.6715867156249999 0.412505765625 0.6708118078124999 0.408705028125 0.679114390625 0.4147566875 0.687453875 0.4245721859375 0.6851660515625
0 0.35959063593749996 0.5907011062499999 0.37091905000000003 0.5687822875 0.36412938125 0.5529151296875 0.3459744 0.5551660515625 0.33088215 0.5702952031249999 0.3248304890625 0.592214021875 0.3285943265625 0.602804428125 0.339922740625 0.602804428125 0.35959063593749996 0.5907011062499999
0 0.10667550781249999 0.0661254609375 0.09988583906250001 0.054022140625000006 0.08778251875000001 0.054797048437499996 0.0726533671875 0.0661254609375 0.0794799359375 0.079741696875 0.09534709375 0.08501845 0.10593749999999999 0.0804797046875 0.10667550781249999 0.0661254609375
0 0 0.1048682375 0.006896909375 0.11826568281250001 0.025051890625 0.12206642031249999 0.031103551562499998 0.10693726875000001 0.021251153124999998 0.08501845 0.0001072421875 0.08501845 0 0.08516558125 0 0.1048682375