0 0.6490133328125001 0.37268249999999997 0.64464 0.3632958328125 0.6309066671875 0.36454916718749997 0.62776 0.3789225 0.6215200000000001 0.4064158328125 0.6265066671875 0.4201758328125 0.6421333328125 0.42078916718750004 0.6509066671875 0.41078916718749997 0.6521333328125001 0.38516249999999996 0.6490133328125001 0.37268249999999997
0 0.7846666671875 0.2607891671875 0.79152 0.24828250000000002 0.7840266671875 0.24140250000000002 0.76528 0.24452250000000003 0.7696533328124999 0.2620425 0.7846666671875 0.2607891671875
0 0.2890666671875 0.6272691671875 0.3257866671875 0.6499358328125 0.3927466671875 0.6304958328125 0.40786666718750003 0.5916158328125001 0.38842666718749996 0.5376158328125 0.37656 0.5127625 0.37656 0.5052158328125 0.33336 0.4609225 0.29447999999999996 0.3702025 0.2339733328125 0.34860250000000004 0.1864533328125 0.4058558328125 0.18538666718750002 0.5095358328125 0.1767466671875 0.5462558328125 0.1961866671875 0.5916158328125001 0.2890666671875 0.6272691671875
0 0.4705333328125 0.5797491671875 0.46728 0.5991891671875 0.4856533328125 0.6078291671875 0.5094133328125 0.6088958328125 0.5147999999999999 0.5819091671875001 0.4824 0.5700158328125 0.4705333328125 0.5797491671875
0 0.8420799999999999 0.5343625000000001 0.8464 0.5235624999999999 0.8409866671874999 0.5149225000000001 0.8258666671875 0.5192425 0.82912 0.5354558328125 0.8420799999999999 0.5343625000000001
0 0.2736 0.7690291671875 0.2802666671875 0.7634291671875 0.27874666718749996 0.7531358328125 0.26426666718749997 0.7528425000000001 0.2650666671875 0.7647625 0.2736 0.7690291671875
0 0.31823999999999997 0.7646025 0.31522666718750003 0.7727358328125 0.3176266671875 0.7781491671875 0.32426666718749997 0.7790558328125 0.3290933328125 0.7739358328125 0.3290933328125 0.7688158328125 0.3275733328125 0.7630825 0.31823999999999997 0.7646025
0 0.6222669015625 0 0.62776 0.0242025 0.6309066671875 0.0385758328125 0.64464 0.0398291671875 0.6490133328125001 0.0304425 0.6521333328125001 0.0179625 0.6512735265625 0 0.6222669015625 0
0 0.7696533328124999 0.1410825 0.76528 0.1586025 0.7840266671875 0.1617225 0.79152 0.1548425 0.7846666671875 0.1423358328125 0.7696533328124999 0.1410825
0 0.5126943359375 1 0.5094133328125 0.9835625 0.4856533328125 0.9846291671875 0.46728 0.9932691671875 0.468406421875 1 0.5126943359375 1
0 0.2650666671875 0.8276958328124999 0.26426666718749997 0.8396158328125001 0.27874666718749996 0.8393225 0.2802666671875 0.8290291671875 0.2736 0.8234291671875 0.2650666671875 0.8276958328124999
0 0.32426666718749997 0.8134024999999999 0.3176266671875 0.8143091671875 0.31522666718750003 0.8197224999999999 0.31823999999999997 0.8278558328125 0.3275733328125 0.8293758328124999 0.3290933328125 0.8236425 0.3290933328125 0.8185225 0.32426666718749997 0.8134024999999999