0 0.519961390625 0.17135014531249998 0.47938223906250005 0.1442845078125 0.4360617765625 0.159149371875 0.4644787640625 0.1970258203125 0.505096525 0.191620415625 0.519961390625 0.17135014531249998
0 0.0964478765625 0.253859796875 0.112702703125 0.2362922296875 0.092393821875 0.213280646875 0.0409652515625 0.21868605156249998 0.024749034375 0.2619679046875 0.04911196875 0.2836281375 0.0964478765625 0.253859796875
0 0.3575675671875 0.7398829640625 0.38397683437499996 0.7434350875 0.4227413125 0.714361728125 0.377799228125 0.6791107625 0.3346332046875 0.667682190625 0.2976447875 0.667682190625 0.31702702656250004 0.7275663609375 0.3575675671875 0.7398829640625
0 0.25185328125 0.5575663609375 0.2826640921875 0.5566783296875 0.2959073359375 0.5302690640625001 0.28003860937499997 0.4906165546875 0.2562548265625 0.4791879828125 0.229845559375 0.47567446875 0.2271814671875 0.5258675187499999 0.25185328125 0.5575663609375
0 0.6390347484375 0.7720837359375 0.6200772203125 0.74636945 0.57949806875 0.7747864375 0.60656370625 0.7964466703124999 0.6268339765625 0.7923926156250001 0.6390347484375 0.7720837359375
0 0.386023165625 0.6043231171875 0.3833204640625 0.5799601828125 0.3481081078125 0.5799601828125 0.35625482656249996 0.6029717671875 0.36841698906250003 0.6097285234375 0.386023165625 0.6043231171875
0 0.2710424703125 0.2647864375 0.25069498125 0.29447755781249996 0.269652509375 0.31069377343750004 0.2764092671875 0.2890335421875 0.2710424703125 0.2647864375
0 0.9123552125 0.601620415625 0.909652509375 0.5461377890625 0.8717374515625 0.5312343140625 0.8433590734375 0.5677594109374999 0.8582239375 0.60567446875 0.9123552125 0.601620415625
0 0.7188416984375 0.23084821406249997 0.7039768343749999 0.1943231171875 0.664749034375 0.186215009375 0.655250965625 0.21868605156249998 0.6850193046874999 0.23494087812500003 0.7188416984375 0.23084821406249997
0 0.4360617765625 0.093975628125 0.47938223906250005 0.1088404921875 0.519961390625 0.0817748546875 0.505096525 0.061504584375000004 0.4644787640625 0.0560991796875 0.4360617765625 0.093975628125
0 0.028062165625000003 0 0.0409652515625 0.0344389484375 0.092393821875 0.039844353124999995 0.112702703125 0.016832770312500002 0.097127765625 0 0.028062165625000003 0
0 0.57949806875 0.9686860515625 0.6200772203125 0.997103040625 0.6390347484375 0.9713887546875 0.6268339765625 0.9510798749999999 0.60656370625 0.9470258203125 0.57949806875 0.9686860515625
0 0.664749034375 0.066909990625 0.7039768343749999 0.0588018828125 0.7188416984375 0.022276785937499998 0.6850193046874999 0.018184121875 0.655250965625 0.0344389484375 0.664749034375 0.066909990625