0 0.7308108109375 0.48385376406249997 0.72088803125 0.4689116796875 0.7142471046875001 0.4821935328125 0.7142471046875001 0.48883445937500003 0.7216988421874999 0.4921163125 0.7308108109375 0.48385376406249997
0 0.2202316609375 0.2699927609375 0.2161003859375 0.265012065625 0.20945945937500002 0.26918195 0.20945945937500002 0.2791047296875 0.21525096562499998 0.28323600312499997 0.22104247031250002 0.2791047296875 0.2202316609375 0.2699927609375
0 0.08428571406249999 0.3885255796875 0.0751737453125 0.3827340734375 0.072702703125 0.3935062734375 0.0751737453125 0.40261824375 0.0826254828125 0.4050892859375 0.087606178125 0.39848696875 0.08428571406249999 0.3885255796875
0 0.40011582968750004 0.4805333015625 0.391814671875 0.47887306875 0.386023165625 0.4896452703125 0.3884942078125 0.5004174703125 0.4033976828125 0.49462596562499994 0.40011582968750004 0.4805333015625
0 0.42664092656249997 0.5816529921875 0.42166023125 0.580803571875 0.41667953593749996 0.5874444984375 0.4191505796875 0.593236003125 0.4282625484375 0.5965564671875 0.4299227796875 0.5916143828125 0.42664092656249997 0.5816529921875
0 0.48131274062499996 0.5460159265625 0.47305019374999996 0.5360545359375 0.46474903437500004 0.549336390625 0.4672200765625 0.556788128125 0.479652509375 0.5551278953125001 0.48131274062499996 0.5460159265625
0 0.54019305 0.430803571875 0.5318918921875 0.434124034375 0.532702703125 0.4465564671875 0.54019305 0.44736727812500005 0.5501158296875001 0.4465564671875 0.5526254828125 0.43659507656249996 0.54019305 0.430803571875
0 0.9513127406249999 0.5004174703125 0.94382239375 0.4970970078125 0.9372200765625 0.5070583984375 0.9372200765625 0.5103788609375 0.940540540625 0.518641409375 0.9488030890625 0.518641409375 0.9521235515625 0.5103788609375 0.9513127406249999 0.5004174703125
0 0.93637065625 0.27829391875 0.9297297296875 0.27995415 0.9239382234375 0.284085425 0.9247876453125 0.2915371625 0.9322393828125 0.2973286671875 0.9380308875000001 0.29566843593750003 0.9422007718750001 0.2890661203125 0.93637065625 0.27829391875
0 0.1820849421875 0.6454753859375 0.17463320468750002 0.646286196875 0.1729729734375 0.6570583984375 0.1779536671875 0.6603788609375 0.1829343625 0.6587186296875001 0.1845945953125 0.6529271234375 0.1820849421875 0.6454753859375
0 0.36776061718749997 0.6885641890625 0.36362934375 0.687753378125 0.35617760625 0.6927340734375 0.3578378375 0.695205115625 0.36362934375 0.7035062734374999 0.3686100390625 0.7018460421875 0.37193050156249996 0.6943943046875 0.36776061718749997 0.6885641890625
0 0.5368725875 0.527753378125 0.5302316609375 0.5277919890625 0.5294208499999999 0.5426954640625 0.5352123546875001 0.549336390625 0.54185328125 0.5418460421875 0.5368725875 0.527753378125
0 0.365289575 0.4672514484375 0.36030887968749997 0.46810086875 0.36030887968749997 0.4805333015625 0.3661003859375 0.48632480625 0.3702702703125 0.47721283750000004 0.365289575 0.4672514484375
0 0.2426254828125 0.2169425671875 0.2384555984375 0.217753378125 0.23930501875000001 0.22937500000000002 0.24509652499999998 0.22771476875 0.2482625484375 0.2269425671875 0.25088803125000003 0.2219232625 0.2426254828125 0.2169425671875
0 0.7888416984375 0.33049469062500003 0.780540540625 0.33049469062500003 0.7772200765624999 0.33547538593750004 0.7788803093750001 0.3412668921875 0.784710425 0.34377654375 0.789652509375 0.3412668921875 0.7888416984375 0.33049469062500003
0 0.67694980625 0.41586148593749994 0.6669884171875 0.415050675 0.6628571421875 0.42003137031250004 0.6653281859375 0.4266336875 0.6719691125 0.42829391875 0.6761003859375 0.42582287656249995 0.67694980625 0.41586148593749994
0 0.29567567499999997 0.560108590625 0.2873745171875 0.560108590625 0.28324324375 0.5642398656250001 0.28571428593750003 0.5716916015625 0.2915057921875 0.5708807921875 0.29567567499999997 0.5667109078125 0.29567567499999997 0.560108590625
0 0.072702703125 0.647946428125 0.0660617765625 0.6471356171875 0.06274131250000001 0.65790781875 0.07185328125 0.65790781875 0.076023165625 0.6529271234375 0.072702703125 0.647946428125
0 0.20945945937500002 0.0396452703125 0.20945945937500002 0.04956805 0.2161003859375 0.053737934375 0.2202316609375 0.0487572390625 0.22104247031250002 0.0396452703125 0.21525096562499998 0.035513996874999995 0.20945945937500002 0.0396452703125
0 0.9322393828125 0.0214213328125 0.9247876453125 0.027212837499999996 0.9239382234375 0.034664574999999996 0.9297297296875 0.03879585 0.93637065625 0.04045608125 0.9422007718750001 0.029683879687499998 0.9380308875000001 0.0230815640625 0.9322393828125 0.0214213328125
0 0.36362934375 0.9743170843750001 0.3578378375 0.98261824375 0.35617760625 0.9850892859375 0.36362934375 0.9900699812499999 0.36776061718749997 0.9892591703125 0.37193050156249996 0.9834290546875 0.3686100390625 0.9759773171875 0.36362934375 0.9743170843750001
0 0.24509652499999998 0.09103523125 0.23930501875000001 0.08937500000000001 0.2384555984375 0.100996621875 0.2426254828125 0.1018074328125 0.25088803125000003 0.09682673750000001 0.2482625484375 0.0918074328125 0.24509652499999998 0.09103523125