0 0.431815403125 0.6134474328125 0.40956601406250004 0.63374083125 0.41592298281250006 0.6635696828125 0.4489303171875 0.635696821875 0.431815403125 0.6134474328125
0 0.756803178125 1 0.7613753062499999 0.9961858187500001 0.7633312953125 0.9878728609375 0.7608863078125 0.974914425 0.73888141875 0.9727139359375 0.728123471875 0.9812713937499999 0.7310574578125 0.9952078234374999 0.7378300734375001 1 0.756803178125 1
0 0.22562958437499997 0.8217114921875 0.2340892421875 0.8389731046875 0.2647004890625 0.8583374078125001 0.27386919375 0.8491687046875 0.27562958437499996 0.8298044015625001 0.2678789734375 0.8058679703125 0.2485146703125 0.794963325 0.23125305625 0.794963325 0.22316014687500002 0.8076283625 0.22562958437499997 0.8217114921875
0 0.5390770171875 0.134278728125 0.535556234375 0.15132029375 0.540568459375 0.16987775 0.5536002437499999 0.1678728609375 0.5721577015625 0.14579462031249998 0.557610025 0.1277506109375 0.5390770171875 0.134278728125
0 0.3300305625 0.46662591718749996 0.324529340625 0.48117359375 0.33254890000000004 0.49168704218750003 0.3550916875 0.475647921875 0.3500794625 0.46009779999999995 0.3300305625 0.46662591718749996
0 0.3433068453125 0.0677995109375 0.3107885078125 0.0840586796875 0.32027506093749997 0.10371638125 0.32570293437500003 0.1152322734375 0.3527933984375 0.10168704218749999 0.3690525671875 0.08136919375 0.3433068453125 0.0677995109375
0 0.57360024375 0.271882640625 0.53362469375 0.2840586796875 0.5451405874999999 0.3335207828125 0.5715709046875 0.3335207828125 0.6040892421875 0.29220048906249996 0.57360024375 0.271882640625
0 0.5078789734375 0.9012713937499999 0.470617359375 0.9168704156249999 0.4733312953125 0.9365036671875 0.4977322734375 0.9344743281250001 0.5078789734375 0.9012713937499999
0 0.6298349640625001 0.9290464546875 0.5952872859375 0.9324449875 0.59120415625 0.950733496875 0.599345965625 0.9703911984375001 0.6250916875 0.9629339859374999 0.6298349640625001 0.9290464546875
0 0.5532823953125 0.8016870421875 0.5295660140625 0.8118337406249999 0.54242665 0.8328606359374999 0.55868581875 0.8254034234375001 0.5532823953125 0.8016870421875
0 0.5816687046875 0.151833740625 0.5801772609375 0.16987775 0.60873471875 0.1778973109375 0.6197860640624999 0.1753789734375 0.62127750625 0.1603422984375 0.6092481656250001 0.1447921765625 0.5816687046875 0.151833740625
0 0.45599633281249996 0.8152567234375001 0.42951711562500006 0.841735940625 0.4427689484375 0.8573594124999999 0.47164425468750004 0.8627872859375 0.47824572187500003 0.8356968218749999 0.45599633281249996 0.8152567234375001
0 0.2164119796875 0.19097799531249998 0.2139914421875 0.2114425421875 0.22844132031250003 0.21985329999999997 0.235654034375 0.2174572125 0.23384474375000003 0.20119804375 0.2164119796875 0.19097799531249998
0 0.23619193125 0.5173105140625001 0.22215770156249998 0.5383618578125 0.23059290937500002 0.5422982890625 0.2402017109375 0.544376528125 0.24922371562499998 0.5398533 0.2502261609375 0.52381418125 0.23619193125 0.5173105140625001
0 0.6527933984375001 0.5253056234375 0.65237775 0.5424449874999999 0.67117970625 0.53114914375 0.6795415640625 0.518215159375 0.678270171875 0.5065036671875001 0.6665831296875 0.5014914421875 0.653209046875 0.5040097796875 0.6527933984375001 0.511931540625 0.6527933984375001 0.5253056234375
0 0.2996393640625 0.8410757953125 0.28362469375 0.866845965625 0.2923288515625 0.8845965765624999 0.30729217656249996 0.88633251875 0.3421088015625 0.8842298281250001 0.3427933984375 0.8598777500000001 0.32609413125 0.8396821515624999 0.2996393640625 0.8410757953125
0 0 0.6559046453125 0.0090770171875 0.6635696828125 0.0154339859375 0.63374083125 0 0.6196636796874999 0 0.6559046453125
0 0.8314242046875 1 0.838196821875 0.9952078234374999 0.84113080625 0.9812713937499999 0.8303728609375 0.9727139359375 0.8083679703125 0.974914425 0.8059229828125 0.9878728609375 0.8078789734375 0.9961858187500001 0.8124511 1 0.8314242046875 1
0 0.1764853296875 0.794963325 0.1571210265625 0.8058679703125 0.149370415625 0.8298044015625001 0.15113080625 0.8491687046875 0.1602995109375 0.8583374078125001 0.1909107578125 0.8389731046875 0.199370415625 0.8217114921875 0.201839853125 0.8076283625 0.19374694374999998 0.794963325 0.1764853296875 0.794963325
0 0.0924511 0.49168704218750003 0.100470659375 0.48117359375 0.0949694375 0.46662591718749996 0.0749205375 0.46009779999999995 0.0699083125 0.475647921875 0.0924511 0.49168704218750003
0 0.099297065625 0.1152322734375 0.1047249390625 0.10371638125 0.1142114921875 0.0840586796875 0.0816931546875 0.0677995109375 0.055947432812499996 0.08136919375 0.0722066015625 0.10168704218749999 0.099297065625 0.1152322734375
0 1 0.273206365625 0.995654034375 0.271882640625 0.9651650359374999 0.29220048906249996 0.9976833734375001 0.3335207828125 1 0.3335207828125 1 0.273206365625
0 0.9780501218750001 0.950733496875 0.9739669921875 0.9324449875 0.9394193156249999 0.9290464546875 0.9441625921875 0.9629339859374999 0.9699083125 0.9703911984375001 0.9780501218750001 0.950733496875
0 0.9494682156250001 0.1753789734375 0.960519559375 0.1778973109375 0.9890770171875 0.16987775 0.987585575 0.151833740625 0.9600061125 0.1447921765625 0.9479767718750001 0.1603422984375 0.9494682156250001 0.1753789734375
0 0.19655867968750002 0.21985329999999997 0.2110085578125 0.2114425421875 0.20858802031249998 0.19097799531249998 0.19115525625000002 0.20119804375 0.189345965625 0.2174572125 0.19655867968750002 0.21985329999999997
0 0.1847982890625 0.544376528125 0.194407090625 0.5422982890625 0.2028422984375 0.5383618578125 0.18880806875 0.5173105140625001 0.1747738390625 0.52381418125 0.17577628437499998 0.5398533 0.1847982890625 0.544376528125
0 0.9026711484375 0.5014914421875 0.8909841078125 0.5065036671875001 0.8897127140625001 0.518215159375 0.8980745718750001 0.53114914375 0.916876528125 0.5424449874999999 0.9164608796874999 0.5253056234375 0.9164608796874999 0.511931540625 0.9160452328125 0.5040097796875 0.9026711484375 0.5014914421875
0 0.08289119843750001 0.8842298281250001 0.1177078234375 0.88633251875 0.1326711484375 0.8845965765624999 0.14137530625 0.866845965625 0.1253606359375 0.8410757953125 0.09890586875 0.8396821515624999 0.08220660156250001 0.8598777500000001 0.08289119843750001 0.8842298281250001