0 0.3562643671875 0.8255459765625 0.338132184375 0.8260344828124999 0.3234482765625 0.8387643671875 0.3312356328125 0.8627586203125001 0.35229885 0.8617816093749999 0.3635919546875 0.8510057468750001 0.3562643671875 0.8255459765625
0 0.621867815625 0.4785344828125 0.6183045984375 0.44186781562500005 0.5970402296875 0.4595977015625 0.5993965515624999 0.47143678125 0.621867815625 0.4785344828125
0 0.7375 0.27663793124999997 0.7258908046875 0.248017240625 0.698706896875 0.2610344828125 0.7069540234375 0.2870402296875 0.721149425 0.28586206875000003 0.7375 0.28586206875000003 0.7375 0.27663793124999997
0 0.5993965515624999 0.135718390625 0.6124137937499999 0.0955459765625 0.5060344828125001 0.09790229843750001 0.5060344828125001 0.1085344828125 0.5166666671875 0.1298275859375 0.5710344828125 0.1617241375 0.593505746875 0.14991379375 0.5993965515624999 0.135718390625
0 0.5489942531249999 0.7962643671875 0.51393678125 0.710632184375 0.43982758593750004 0.6924712640624999 0.39491379375 0.72201149375 0.3912356328125 0.8204022984374999 0.41020114999999996 0.8643678156249999 0.4791666671875 0.9034482765625 0.5083908046875 0.8520402296875 0.5489942531249999 0.7962643671875
0 0.4939655171875 0.23382183906249998 0.4636206890625 0.21899425312499998 0.44669540156250004 0.23238505781250002 0.457270115625 0.264856321875 0.486206896875 0.2613218390625 0.4939655171875 0.23382183906249998
0 0.6780459765625 0.21758620624999997 0.64278735625 0.1837356328125 0.629367815625 0.1971264375 0.629367815625 0.21971264375000002 0.6456034484375001 0.26201149375 0.68298850625 0.2740229890625 0.6900287359374999 0.2556609203125 0.6780459765625 0.21758620624999997
0 0.6491379312500001 0.3233908046875 0.6173850578125 0.298706896875 0.5905747125 0.330431034375 0.6011781609375 0.364281609375 0.6307758625 0.376293103125 0.6505459765625 0.3614655171875 0.6491379312500001 0.3233908046875
0 0.6942528734375 0.38333333281250004 0.6709770109375001 0.371350575 0.654770115625 0.3847413796875 0.682270115625 0.413649425 0.7020114937499999 0.4023850578125 0.6942528734375 0.38333333281250004
0 0.6589080453125 0.7216954015625 0.6373850578125 0.710919540625 0.6206896546875 0.7300287359375 0.6383908046875 0.7510919546875 0.6555172406249999 0.7437356328125 0.6589080453125 0.7216954015625
0 0.7309482765624999 0.6261781609375 0.7078735625 0.6227586203125 0.697643678125 0.6545977015625 0.7221264374999999 0.66586206875 0.736781609375 0.653132184375 0.7309482765624999 0.6261781609375
0 0.46201149375000006 0.327729884375 0.448793103125 0.324281609375 0.44362068906249996 0.3375 0.45109195468749996 0.3423850578125 0.46229885 0.33951149375 0.46201149375000006 0.327729884375
0 0.3699712640625 0.13821839062500002 0.3460919546875 0.14462643749999998 0.3411206890625 0.1560344828125 0.3451149421875 0.1768965515625 0.36 0.19525862031250002 0.36497126406249997 0.1893103453125 0.372557471875 0.165517240625 0.3699712640625 0.13821839062500002
0 0.19548850625 0.8627586203125001 0.20327586250000002 0.8387643671875 0.1885919546875 0.8260344828124999 0.17045977031249998 0.8255459765625 0.163132184375 0.8510057468750001 0.1744252875 0.8617816093749999 0.19548850625 0.8627586203125001
0 0.8566954015625001 0.44186781562500005 0.8531321843749999 0.4785344828125 0.8756034484375 0.47143678125 0.8779597703125 0.4595977015625 0.8566954015625001 0.44186781562500005
0 0.7680459765625 0.2870402296875 0.776293103125 0.2610344828125 0.7491091953125 0.248017240625 0.7375 0.27663793124999997 0.7375 0.28586206875000003 0.753850575 0.28586206875000003 0.7680459765625 0.2870402296875
0 0.9583333328125001 0.1298275859375 0.9689655171875 0.1085344828125 0.9689655171875 0.09790229843750001 0.8625862062499999 0.0955459765625 0.8756034484375 0.135718390625 0.8814942531250001 0.14991379375 0.9039655171875 0.1617241375 0.9583333328125001 0.1298275859375
0 1 0.7010904828125 0.96106321875 0.710632184375 0.926005746875 0.7962643671875 0.9666091953124999 0.8520402296875 0.9958333328125001 0.9034482765625 1 0.901087165625 1 0.7010904828125
0 0 0.826856225 0.0183333328125 0.8520402296875 0.047557471875 0.9034482765625 0.1165229890625 0.8643678156249999 0.13548850625 0.8204022984374999 0.1318103453125 0.72201149375 0.08689655156250001 0.6924712640624999 0.012787356250000001 0.710632184375 0 0.7418668734375 0 0.826856225
0 1 0.2245545984375 0.9810344828125 0.23382183906249998 0.988793103125 0.2613218390625 1 0.2626907046875 1 0.2245545984375
0 0.0800287359375 0.23238505781250002 0.0631034484375 0.21899425312499998 0.0327586203125 0.23382183906249998 0.040517240625 0.2613218390625 0.0694540234375 0.264856321875 0.0800287359375 0.23238505781250002
0 0.8293965515625 0.26201149375 0.8456321843750001 0.21971264375000002 0.8456321843750001 0.1971264375 0.8322126437499999 0.1837356328125 0.7969540234375 0.21758620624999997 0.7849712640625001 0.2556609203125 0.79201149375 0.2740229890625 0.8293965515625 0.26201149375
0 0.8738218390625001 0.364281609375 0.8844252875 0.330431034375 0.8576149421875 0.298706896875 0.82586206875 0.3233908046875 0.8244540234375 0.3614655171875 0.8442241375 0.376293103125 0.8738218390625001 0.364281609375
0 0.820229884375 0.3847413796875 0.8040229890624999 0.371350575 0.7807471265625 0.38333333281250004 0.77298850625 0.4023850578125 0.792729884375 0.413649425 0.820229884375 0.3847413796875
0 0.8543103453124999 0.7300287359375 0.8376149421875001 0.710919540625 0.8160919546875001 0.7216954015625 0.819482759375 0.7437356328125 0.8366091953125 0.7510919546875 0.8543103453124999 0.7300287359375
0 0.7773563218749999 0.6545977015625 0.7671264375 0.6227586203125 0.7440517234375 0.6261781609375 0.7382183906249999 0.653132184375 0.7528735625 0.66586206875 0.7773563218749999 0.6545977015625
0 0.0831034484375 0.3375 0.077931034375 0.324281609375 0.06471264374999999 0.327729884375 0.0644252875 0.33951149375 0.075632184375 0.3423850578125 0.0831034484375 0.3375
0 0.16672413749999998 0.19525862031250002 0.1816091953125 0.1768965515625 0.1856034484375 0.1560344828125 0.180632184375 0.14462643749999998 0.1567528734375 0.13821839062500002 0.1541666671875 0.165517240625 0.1617528734375 0.1893103453125 0.16672413749999998 0.19525862031250002