0 0.6990043296875 0.3532981609375 0.6521212125 0.3045968609375 0.6238528140625 0.3262418828125 0.6557142859375 0.3755492421875 0.6990043296875 0.3532981609375
0 0.1280519484375 0.5713501078125 0.10186147187500001 0.534466990625 0.07073593125 0.5607007578125 0.0838528140625 0.5721293296875001 0.1280519484375 0.5713501078125
0 0.8229004328125 0.16429383125000002 0.7658874453125 0.163601190625 0.7370129875 0.19316829062500002 0.7629870125 0.2451163421875 0.8315584421875 0.219142315625 0.8229004328125 0.16429383125000002
0 0.8676623375 0.2942072515625 0.8301298703125 0.2934713203125 0.804848484375 0.3432981609375 0.8250649343750001 0.3750297625 0.8625974031249999 0.36061417812499996 0.8676623375 0.2942072515625
0 0.9311688312499999 0.580744046875 0.8929004328125 0.5655925328125 0.8871428578125 0.6247700218750001 0.9290043296875 0.6218695890625 0.9311688312499999 0.580744046875
0 0.9766233765625 0.7388392859375 0.9376623374999999 0.7113933984374999 0.9145454546874999 0.748189934375 0.9434199140624999 0.8311769484375 0.9787878781250001 0.8197916671875 0.98138528125 0.8003111468749999 0.9753246750000001 0.7760687234375 0.9766233765625 0.7388392859375
0 0.7810389609375 0.6615665578125001 0.7456709953125 0.63706439375 0.7175324671875 0.64641504375 0.7167965374999999 0.681047078125 0.75073593125 0.7135579 0.7796103890625 0.7041639609375 0.7810389609375 0.6615665578125001
0 0.713896103125 0.5518695890624999 0.6829004328125 0.51217261875 0.65329004375 0.5316531390625 0.6619480515625 0.584337121875 0.6980519484375 0.594466990625 0.713896103125 0.5518695890624999
0 0.7784848484375 0.4013933984375 0.7368831171875 0.36481331093749997 0.7078354984375 0.4148998921875 0.725367965625 0.467540584375 0.7629870125 0.45853625468750003 0.7784848484375 0.4013933984375
0 0.1389177484375 0.6532115796875 0.11290043281249999 0.6611336578125 0.09848484843750001 0.690744046875 0.109307359375 0.70663149375 0.12809523750000001 0.7109604984375 0.1605627703125 0.69364448125 0.1605627703125 0.664770021875 0.1389177484375 0.6532115796875
0 0.7370129875 0.11308170937499999 0.7658874453125 0.142648809375 0.8229004328125 0.14195616875 0.8315584421875 0.08710768437500001 0.7629870125 0.0611336578125 0.7370129875 0.11308170937499999
0 0.9787878781250001 0.87173971875 0.9434199140624999 0.8603544375000001 0.9145454546874999 0.9433414499999999 0.9376623374999999 0.9801379875 0.9766233765625 0.9526920999999999 0.9753246750000001 0.9154626625000001 0.98138528125 0.8912202375 0.9787878781250001 0.87173971875
0 0.7800340421875 1 0.7796103890625 0.9873674250000001 0.75073593125 0.9779734843749999 0.7277415406250001 1 0.7800340421875 1
0 0.1605627703125 1 0.1605627703125 0.9978869046875 0.12809523750000001 0.9805708875000001 0.109307359375 0.9848998921875 0.09902118125 1 0.1605627703125 1