0 0.8633354593749999 0.18260204062500002 0.8613456625 0.151938775 0.82864158125 0.1667857140625 0.8395599484374999 0.18163265312500002 0.8633354593749999 0.18260204062500002
0 0.8008864796875 0.457040815625 0.8107844390625001 0.3965816328125 0.8019068875 0.3074489796875 0.6909375 0.29556122500000004 0.5899170921875 0.3629081625 0.6077232140625 0.505561225 0.6513456625 0.523367346875 0.746396684375 0.5144897953124999 0.8008864796875 0.457040815625
0 0.6760905609375001 0.2519897953125 0.6919579078125 0.2519897953125 0.6978762749999999 0.23117346875 0.680070153125 0.2222448984375 0.6642028062499999 0.23811224531250003 0.6760905609375001 0.2519897953125
0 0.48588647968750004 0.24698979531249998 0.47996811250000004 0.26979591875 0.497774234375 0.27673469375000004 0.5017538265625 0.2747448984375 0.5106823984375 0.25790816250000004 0.5067028062500001 0.24698979531249998 0.48588647968750004 0.24698979531249998
0 0.35609056093749997 0.63826530625 0.30461096875 0.5877551015625 0.254100765625 0.5966836734375 0.2471619890625 0.6798979593750001 0.2709375 0.7244897953125 0.30461096875 0.7383673468749999 0.3343558671875 0.7244897953125 0.35609056093749997 0.63826530625
0 0.29966198906249997 0.495663265625 0.29374362187499997 0.503571428125 0.30364158125 0.523367346875 0.316498725 0.5184183671875 0.321396684375 0.50867346875 0.3125191328125 0.495663265625 0.29966198906249997 0.495663265625
0 0.46619260156250003 0.377397959375 0.4833864796875 0.3790816328125 0.48910076562500004 0.36647959218750004 0.476498725 0.3527551015625 0.462774234375 0.3595918375 0.46619260156250003 0.377397959375
0 0.5120599484375 0.5350510203125001 0.49772321406250003 0.517806121875 0.48568239843749994 0.5258673468749999 0.488743621875 0.5403061218749999 0.5120599484375 0.5350510203125001
0 0.15476403125 0.15244897968749999 0.1445599484375 0.1595918375 0.14353954062500002 0.17285714218749998 0.15323341875000002 0.176428571875 0.1659885203125 0.173367346875 0.16649872500000001 0.1590816328125 0.15476403125 0.15244897968749999
0 0.9355293375 0.151938775 0.9335395406250001 0.18260204062500002 0.9573150515625001 0.18163265312500002 0.96823341875 0.1667857140625 0.9355293375 0.151938775
0 0.060478315625 0.1595918375 0.050274234375000004 0.15244897968749999 0.038539540625 0.1590816328125 0.0390497453125 0.173367346875 0.051804846875 0.176428571875 0.061498725 0.17285714218749998 0.060478315625 0.1595918375