0 0.25792715781250003 0.4571223015625 0.259905575 0.47305755468750005 0.2798336328125 0.47701438906250004 0.28681205 0.47007194218750004 0.28483363281249996 0.45611510781250003 0.277855215625 0.4551079140625 0.25792715781250003 0.4571223015625
0 0.2390062953125 0.86446043125 0.22307104375 0.8704316546875001 0.22307104375 0.8893884890624999 0.2190782375 0.9302158265625 0.2569199640625 0.958093525 0.28281924531249997 0.9491366906250001 0.2927832734375 0.9162589921875 0.2748696046875 0.8744244609375 0.2390062953125 0.86446043125
0 0.522855215625 0.6961510796875 0.5069199640625001 0.672230215625 0.48199190625000005 0.6694244609375 0.459114209375 0.672230215625 0.438214928125 0.6941726625 0.4262365109375 0.7051079140625001 0.43224370468749995 0.7290287765625 0.44317895625 0.7469424453125 0.4800494609375 0.7728417265624999 0.5128911875 0.77482014375 0.5288264390624999 0.7459352515625 0.522855215625 0.6961510796875
0 0.5109127703125 0.636402878125 0.51389838125 0.6114748203125 0.5119199640625001 0.59553956875 0.49695593593750004 0.5806115109375 0.47404226562499996 0.5746402875000001 0.4670998203125 0.5746402875000001 0.44120053906249995 0.5855755390625 0.44120053906249995 0.6164748203125 0.45713579062500004 0.64935251875 0.46807104375 0.658309353125 0.48900629531249995 0.66327338125 0.509905575 0.659280575 0.5109127703125 0.636402878125
0 0.8276393890625 0.23600719374999998 0.80972571875 0.203129496875 0.7668839921874999 0.1981654671875 0.7409847125 0.20910071874999997 0.729042265625 0.22604316562500001 0.7360206828125 0.27881295 0.745948740625 0.3087050359375 0.7698696046875 0.3166546765625 0.798754496875 0.30769784218749996 0.817675359375 0.27982014374999997 0.8276393890625 0.23600719374999998
0 0.78580485625 0.4521223015625 0.7897976625 0.4601079140625 0.798754496875 0.463093525 0.8027473015625001 0.4551079140625 0.8027473015625001 0.4471582734375 0.7917760796875 0.445143884375 0.78580485625 0.4521223015625
0 0.482027878125 0.25791366875 0.4710566546875 0.2828057546875 0.49796312968749995 0.2947482015625 0.5258408265625001 0.2808273375 0.5308408265625 0.25791366875 0.5029271578125 0.247949640625 0.482027878125 0.25791366875
0 0.35652428125 0.23003597187499997 0.38044514375 0.19118705 0.36947392031250004 0.132410071875 0.35853866874999996 0.0816187046875 0.3495458640625 0.05971222968749999 0.320660971875 0.058705035937500004 0.298754496875 0.0726618703125 0.281848021875 0.133417265625 0.2798336328125 0.1573021578125 0.281848021875 0.19514388437500002 0.30472571875 0.22802158281249998 0.35652428125 0.23003597187499997
0 0.8067041359375 0.8355755390624999 0.7917760796875 0.8395683453125 0.790768884375 0.8445323734375 0.7937904671875 0.8525179859375 0.8027473015625001 0.8535251796875001 0.8136825546875001 0.8495323734375001 0.8146897484375 0.8385611515625 0.8067041359375 0.8355755390624999
0 0.41231564687500005 0.42525179843750005 0.39735161875 0.43021582656249996 0.39735161875 0.4382014390625 0.410301259375 0.44417266250000004 0.416308453125 0.445143884375 0.42026528750000003 0.43719424531250006 0.41429406406249997 0.428237409375 0.41231564687500005 0.42525179843750005
0 0.321668165625 0.8395683453125 0.317675359375 0.8385611515625 0.3067401078125 0.8355755390624999 0.3067401078125 0.8465467625 0.30972571875 0.8525179859375 0.317675359375 0.860503596875 0.3236465828125 0.8495323734375001 0.3246537765625 0.8465467625 0.321668165625 0.8395683453125