0 0.8331428578125 0.5394868703125 0.8107899156249999 0.5333860296874999 0.7942857140624999 0.5595036765625 0.8372100843749999 0.570646534375 0.8331428578125 0.5394868703125
0 0.23557983125 0.3748482140625 0.178 0.3951843484375 0.17122689062500002 0.45209191249999997 0.21458823593749998 0.4663103984375 0.242352940625 0.48799107187499996 0.268100840625 0.46360451718749995 0.28571428593750003 0.4148314078125 0.23557983125 0.3748482140625
0 0.1251596640625 0.518478465625 0.093310925 0.5333860296874999 0.0980504203125 0.5699742640625 0.10889075625 0.59368855 0.1393781515625 0.6187473734375 0.1763025203125 0.5916045171875 0.1836974796875 0.5299238453124999 0.1251596640625 0.518478465625
0 0.5302521015624999 0.38572216406250004 0.48626890781250004 0.42498266874999996 0.43025210156249993 0.45076418125 0.4510924375 0.5205120796875 0.4470588234375 0.5554700625 0.49310924375000004 0.5674028359375 0.5526554625 0.545587709375 0.603865546875 0.4663944328125 0.5956302515624999 0.38555409687500003 0.5302521015624999 0.38572216406250004
0 0.731428571875 0.5033692234375 0.6712268906250001 0.4913860296875 0.6648739499999999 0.55143645 0.72067226875 0.559133928125 0.731428571875 0.5033692234375
0 0.7191596640625 0.401251575 0.697647059375 0.3871843484375 0.6752941171875 0.3863440125 0.685226890625 0.42111712187499994 0.712537815625 0.426898634375 0.7191596640625 0.401251575
0 0.8107899156249999 0.1197389703125 0.8331428578125 0.1136381296875 0.8372100843749999 0.082478465625 0.7942857140624999 0.0936213234375 0.8107899156249999 0.1197389703125
0 0.8107899156249999 0.8121759453124999 0.8331428578125 0.8060751046875 0.8372100843749999 0.774915440625 0.7942857140624999 0.7860582984375 0.8107899156249999 0.8121759453124999
0 0.242352940625 0.165133928125 0.21458823593749998 0.18681460156250002 0.17122689062500002 0.2010330875 0.178 0.2579406515625 0.23557983125 0.2782767859375 0.28571428593750003 0.23829359218750001 0.268100840625 0.1895204828125 0.242352940625 0.165133928125
0 0.242352940625 0.857570903125 0.21458823593749998 0.879251575 0.17122689062500002 0.8934700624999999 0.178 0.9503776265624999 0.23557983125 0.9707137609375 0.28571428593750003 0.9307305671874999 0.268100840625 0.8819574578125 0.242352940625 0.857570903125
0 0.1393781515625 0.0343776265625 0.10889075625 0.059436449999999995 0.0980504203125 0.0831507359375 0.093310925 0.1197389703125 0.1251596640625 0.13464653437500002 0.1836974796875 0.1232011546875 0.1763025203125 0.0615204828125 0.1393781515625 0.0343776265625
0 0.1393781515625 0.7268146015625 0.10889075625 0.751873425 0.0980504203125 0.775587709375 0.093310925 0.8121759453124999 0.1251596640625 0.8270835078125 0.1836974796875 0.8156381296875 0.1763025203125 0.7539574578125 0.1393781515625 0.7268146015625
0 0.5526554625 0.10753729062499999 0.49310924375000004 0.0857221640625 0.4470588234375 0.09765493750000001 0.4510924375 0.1326129203125 0.43025210156249993 0.20236081874999998 0.48626890781250004 0.22814233125 0.5302521015624999 0.26740283593749997 0.5956302515624999 0.267570903125 0.603865546875 0.1867305671875 0.5526554625 0.10753729062499999
0 0.5526554625 0.7999742640624999 0.49310924375000004 0.7781591390625 0.4470588234375 0.7900919125 0.4510924375 0.8250498953125 0.43025210156249993 0.8947977937499999 0.48626890781250004 0.92057930625 0.5302521015624999 0.9598398109374999 0.5956302515624999 0.960007878125 0.603865546875 0.8791675421875 0.5526554625 0.7999742640624999
0 0.6712268906250001 0.1617389703125 0.731428571875 0.1497557765625 0.72067226875 0.093991071875 0.6648739499999999 0.10168855000000002 0.6712268906250001 0.1617389703125
0 0.6712268906250001 0.8541759453125 0.731428571875 0.8421927515625001 0.72067226875 0.786428046875 0.6648739499999999 0.794125525 0.6712268906250001 0.8541759453125
0 0.6752941171875 0.2667809875 0.697647059375 0.2659406515625 0.7191596640625 0.251873425 0.712537815625 0.226226365625 0.685226890625 0.23200787812499998 0.6752941171875 0.2667809875
0 0.6752941171875 0.9592179625 0.697647059375 0.9583776265624999 0.7191596640625 0.9443103984375 0.712537815625 0.918663340625 0.685226890625 0.924444853125 0.6752941171875 0.9592179625