0 0.4403854390625 0.3718923984375 0.46226980781250004 0.3726846890625 0.45837259062499996 0.33279175625 0.425524625 0.345297109375 0.4403854390625 0.3718923984375
0 0.1635117765625 0.4563677734375 0.19087794375 0.4563677734375 0.1744539609375 0.42351980781250004 0.1525481796875 0.4360251609375 0.1635117765625 0.4563677734375
0 0.14640257031249998 0.523048715625 0.1359957171875 0.5304148828125 0.140770878125 0.53865899375 0.1594218421875 0.5382307281250001 0.1589935765625 0.5278238765625 0.14640257031249998 0.523048715625
0 0.3122912203125 0.620307815625 0.3144539609375 0.6279095296875 0.319892934375 0.6286161671875 0.326124196875 0.6231129546874999 0.319892934375 0.61416220625 0.3122912203125 0.620307815625
0 0.6169593140625 0.82071466875 0.6148393999999999 0.8285519265625 0.6208779437499999 0.8309502140625 0.6323126343750001 0.8309502140625 0.6377516062499999 0.8231129546875 0.64948608125 0.7935840468750001 0.6543040687499999 0.7788303 0.6407494640625 0.7767103859375 0.6229764453125 0.7938838328125 0.6169593140625 0.82071466875
0 0.6112205562499999 0.774611884375 0.604903640625 0.7712928265625 0.59104925 0.7869673453125 0.5871306203125 0.8044405781249999 0.5904282656250001 0.814076553125 0.608522484375 0.79418361875 0.6112205562499999 0.774611884375
0 0.8423982875 0.7780165953125 0.8541327624999999 0.7656611343749999 0.85053533125 0.7545476453125 0.8351606 0.7536054609375 0.8203854390625 0.7725990359375 0.8219057812499999 0.7828345828125001 0.8258244109374999 0.783733940625 0.8423982875 0.7780165953125
0 0.9624839406250001 0.25587526718750003 0.9519486078125 0.262213596875 0.952847965625 0.27125 0.9658029984375001 0.27244914374999996 0.9682226984375 0.25737419687499996 0.9624839406250001 0.25587526718750003
0 0.3321841546875 0.4636482875 0.32892933593749996 0.47557548125000004 0.335438971875 0.4799009640625 0.3448394 0.4712285875 0.343383296875 0.4636482875 0.3321841546875 0.4636482875
0 0.7061884375 0.649772484375 0.69912205625 0.6579095296874999 0.7055460390625 0.66347698125 0.7179657390624999 0.661335653125 0.7145396140625 0.6504148828125 0.7061884375 0.649772484375
0 0.340085653125 0.3271600640625 0.327516059375 0.335297109375 0.32862955 0.34418361875 0.3589721625 0.3471386515625 0.35970021406249997 0.33418361875 0.340085653125 0.3271600640625
0 0.7415631687500001 0.2705433625 0.7330620984375 0.28349839375 0.7430406859375001 0.290885975 0.7619057812500001 0.2916354390625 0.759314775 0.27349839375 0.7415631687500001 0.2705433625
0 0.27379015 0.2944619921875 0.3207066375 0.2905433625 0.305074946875 0.261614025 0.262055675 0.2702221625 0.27379015 0.2944619921875
0 0.6407494640625 0.8857896140625 0.6543040687499999 0.8836696999999999 0.64948608125 0.868915953125 0.6377516062499999 0.8393870453125001 0.6323126343750001 0.8315497859375001 0.6208779437499999 0.8315497859375001 0.6148393999999999 0.8339480734375 0.6169593140625 0.84178533125 0.6229764453125 0.8686161671875 0.6407494640625 0.8857896140625
0 0.604903640625 0.8912071734375001 0.6112205562499999 0.8878881156249999 0.608522484375 0.86831638125 0.5904282656250001 0.8484234468749999 0.5871306203125 0.8580594218750001 0.59104925 0.8755326546875001 0.604903640625 0.8912071734375001
0 0.8351606 0.9088945390625 0.85053533125 0.9079523546875 0.8541327624999999 0.8968388656249999 0.8423982875 0.8844834046875001 0.8258244109374999 0.878766059375 0.8219057812499999 0.8796654171875 0.8203854390625 0.8899009640625 0.8351606 0.9088945390625
0 0.9682226984375 0.08178533125000001 0.9658029984375001 0.0667103859375 0.952847965625 0.0679095296875 0.9519486078125 0.07694593125 0.9624839406250001 0.0832842609375 0.9682226984375 0.08178533125000001
0 0.32800002500000003 0 0.327516059375 0.0038624203125 0.340085653125 0.0119994640625 0.35970021406249997 0.0049759093749999995 0.3594205765625 0 0.32800002500000003 0
0 0.759314775 0.065661134375 0.7619057812500001 0.047524090625 0.7430406859375001 0.0482735546875 0.7330620984375 0.055661134375 0.7415631687500001 0.0686161671875 0.759314775 0.065661134375
0 0.3207066375 0.048616167187499996 0.27379015 0.0446975375 0.262055675 0.068937365625 0.305074946875 0.077545503125 0.3207066375 0.048616167187499996