0 0.5639382234375 0.840850628125 0.5355212359375 0.8029741796875 0.494903475 0.808379584375 0.48003860937500004 0.8286498546875001 0.5206177609375 0.8557154921875 0.5639382234375 0.840850628125
0 0.9076061781250001 0.786719353125 0.9590347484375 0.7813139484375 0.975250965625 0.7380320953124999 0.9508880312500001 0.7163718625 0.9035521234375 0.746140203125 0.887297296875 0.7637077703124999 0.9076061781250001 0.786719353125
0 0.5772586875 0.285638271875 0.622200771875 0.3208892375 0.6653667953125 0.332317809375 0.7023552125 0.332317809375 0.6829729734375001 0.2724336390625 0.6424324328125001 0.2601170359375 0.6160231656249999 0.2565649125 0.5772586875 0.285638271875
0 0.7040926640625 0.4697309359375 0.719961390625 0.5093834453125 0.7437451734375 0.5208120171874999 0.770154440625 0.5243255312499999 0.7728185328125 0.47413248125 0.7481467187499999 0.4424336390625 0.7173359078125 0.44332167031249997 0.7040926640625 0.4697309359375
0 0.42050193125 0.22521356250000002 0.39343629375 0.2035533296875 0.3731660234375 0.207607384375 0.36096525156250003 0.2279162640625 0.3799227796875 0.25363055 0.42050193125 0.22521356250000002
0 0.6518918921875 0.42003981718750005 0.6437451734375 0.3970282328125 0.6315830109375 0.3902714765625 0.6139768343750001 0.3956768828125 0.6166795359374999 0.42003981718750005 0.6518918921875 0.42003981718750005
0 0.730347490625 0.6893062265625 0.7235907328125 0.7109664578125 0.7289575296875 0.7352135625 0.74930501875 0.7055224421874999 0.730347490625 0.6893062265625
0 0.1282625484375 0.4687656859375 0.1566409265625 0.4322405890625 0.14177606250000002 0.39432553124999997 0.0876447875 0.398379584375 0.090347490625 0.4538622109375 0.1282625484375 0.4687656859375
0 0.335250965625 0.8137849906250001 0.34474903437500004 0.7813139484375 0.3149806953125 0.765059121875 0.2811583015625 0.7691517859375 0.296023165625 0.8056768828124999 0.335250965625 0.8137849906250001
0 0.48003860937500004 0.9182251453125 0.494903475 0.938495415625 0.5355212359375 0.9439008203125001 0.5639382234375 0.906024371875 0.5206177609375 0.8911595078125 0.48003860937500004 0.9182251453125
0 0.971937834375 1 0.9590347484375 0.9655610515624999 0.9076061781250001 0.9601556468749999 0.887297296875 0.9831672296875 0.902872234375 1 0.971937834375 1
0 0.36096525156250003 0.0286112453125 0.3731660234375 0.048920124999999995 0.39343629375 0.0529741796875 0.42050193125 0.0313139484375 0.3799227796875 0.002896959375 0.36096525156250003 0.0286112453125
0 0.2811583015625 0.9777232140625 0.3149806953125 0.981815878125 0.34474903437500004 0.9655610515624999 0.335250965625 0.933090009375 0.296023165625 0.9411981171875 0.2811583015625 0.9777232140625