0 0.3212371140625 0.4545929984375 0.3229553265625 0.42565829062500005 0.275292096875 0.427376503125 0.29061855625 0.4903318296875 0.3212371140625 0.4545929984375
0 0.6210309281249999 0.250778565625 0.6537113406249999 0.247995059375 0.6642955328125 0.21991945937500001 0.6504811 0.20840743125 0.609072165625 0.209335265625 0.6210309281249999 0.250778565625
0 0.44673539531250006 0.506826675 0.488728521875 0.4835620703125 0.486529209375 0.45208440781250003 0.4721649484375 0.44431808437500003 0.43017182187499997 0.45376825624999995 0.44673539531250006 0.506826675
0 0.5891065296875 0.5283730671875 0.6142955328124999 0.51376825625 0.6050171828125 0.48259987187500003 0.5751546390625 0.47995382343750004 0.5705154640625001 0.5071359531249999 0.5891065296875 0.5283730671875
0 0.1250859109375 0.310297465625 0.15962199375 0.29280605625 0.15869415781250001 0.26012564375 0.1121993125 0.2555208328125 0.0914776625 0.2826686 0.1250859109375 0.310297465625
0 0.06938144375000001 0.38486791249999996 0.1121993125 0.3752115546875 0.1195532640625 0.3457613828125 0.092852234375 0.31352770625000004 0.0435738828125 0.334696090625 0.06938144375000001 0.38486791249999996
0 0.09718213125 0.4601600078125 0.0893470796875 0.44081292968749997 0.062199312500000006 0.4482012453125 0.0746048109375 0.4753490125 0.09718213125 0.4601600078125
0 0.1685567015625 0.4440431703125 0.2095189 0.4426686 0.2076632296875 0.394318084375 0.188350515625 0.385555196875 0.15426116875 0.3961737546875 0.1685567015625 0.4440431703125
0 0.787628865625 0.4154521046875 0.8352920968750001 0.4784417953125 0.867628865625 0.48352770625 0.9016838484375 0.44098475156249994 0.88975945 0.38651739687500003 0.8472164953125001 0.3609847515625 0.787628865625 0.4154521046875
0 0.787628865625 0.6503318296875 0.76890034375 0.6384417953125 0.7314432984375 0.635039734375 0.7620962203125 0.6758644765625 0.787628865625 0.6503318296875
0 0.6504811 0.20758268906250002 0.6642955328125 0.1960706609375 0.6537113406249999 0.167995059375 0.6210309281249999 0.16521155468749998 0.609072165625 0.2066548546875 0.6504811 0.20758268906250002
0 0.1121993125 0.1604692875 0.15869415781250001 0.1558644765625 0.15962199375 0.1231840640625 0.1250859109375 0.1056926546875 0.0914776625 0.1333215203125 0.1121993125 0.1604692875
0 0.092852234375 0.1024624140625 0.1195532640625 0.0702287375 0.1121993125 0.040778565625 0.06938144375000001 0.031122207812500004 0.0435738828125 0.0812940296875 0.092852234375 0.1024624140625
0 0.16017905 0 0.15426116875 0.019816365625 0.188350515625 0.0304349234375 0.2076632296875 0.0216720359375 0.20849499218749998 0 0.16017905 0
0 0.7880359734375 0 0.787628865625 0.0005380156250000001 0.8472164953125001 0.055005368750000005 0.88975945 0.029472723437499997 0.8962118374999999 0 0.7880359734375 0
0 0.76890034375 0.9459332046875 0.787628865625 0.9340431703125001 0.7620962203125 0.9085105234374999 0.7314432984375 0.949335265625 0.76890034375 0.9459332046875