0 0.364677059375 0.651675946875 0.3904231625 0.6923218265625 0.4216035640625 0.6814755015625 0.4398886421875 0.711297328125 0.5171269484375001 0.6957071265625 0.516436525 0.6780902 0.5076391984375 0.6401614703125 0.510356346875 0.6191592421875 0.49884187031250005 0.5900278390625 0.43919821875 0.5259743875 0.39376392031249996 0.56940423125 0.33407572343749997 0.56160913125 0.3623608015625 0.6184020046875001 0.364677059375 0.651675946875
0 0.7567928734375 0.59635300625 0.7962583515625 0.6300055671875 0.824721603125 0.6435467703125 0.8653674828125 0.6157739421875 0.9042316265625001 0.6028118046875 0.9349665921874999 0.5876670374999999 0.9567928734375 0.5754175953125 0.9426057906249999 0.51076280625 0.9222717156250001 0.49301225000000004 0.8904231625 0.5023663703125 0.8674832968749999 0.5059298437499999 0.8467706015625 0.5170657015625 0.79487750625 0.5063752781249999 0.7663697109375 0.5161748328125 0.7521158125 0.5504732734375 0.7567928734375 0.59635300625
0 0.1749888640625 0.5541258359375 0.24748329687499998 0.5602060140625 0.2718708234375 0.5486915375 0.28066815156249997 0.5283797328125 0.3145434296875 0.485016703125 0.31792873125 0.447756125 0.296926503125 0.403702671875 0.2684855234375 0.38541759531249997 0.192605790625 0.3840590203125 0.169554565625 0.3915200453125 0.1566815140625 0.4179342984375 0.12485523437499998 0.452477728125 0.1045211578125 0.48094097968750005 0.0997772828125 0.5439476609375 0.1383964359375 0.536508909375 0.1749888640625 0.5541258359375
0 0.2016258359375 0.5928340750000001 0.2189532296875 0.6165757234375 0.22761692656250002 0.6152839640625001 0.2324276171875 0.598624721875 0.2192650328125 0.583858575 0.2016258359375 0.5928340750000001
0 0.1689977734375 0.3702951 0.18396436562500001 0.3735022265625 0.191714921875 0.3684242765625 0.190913140625 0.353457684375 0.17995545625 0.3513195984375 0.1692650328125 0.3561302890625 0.1689977734375 0.3702951
0 0.3651002234375 0.5280011140624999 0.3787305125 0.5340590203125 0.3866815140625 0.5317873046875 0.3798663703125 0.518914253125 0.3651002234375 0.5280011140624999
0 0.2684855234375 0.6252616921875 0.2867706015625 0.6252616921875 0.2989755015625 0.6103396437499999 0.31536748281250004 0.5974665921875 0.297772828125 0.578535634375 0.2670378625 0.5865534515624999 0.2684855234375 0.6252616921875
0 0.39376392031249996 0.95559576875 0.43919821875 0.9990256125 0.49884187031250005 0.9349721609375001 0.510356346875 0.9058407578125 0.5076391984375 0.8848385296875 0.516436525 0.8469098 0.5171269484375001 0.8292928734375 0.4398886421875 0.813702671875 0.4216035640625 0.8435244984375 0.3904231625 0.8326781734375001 0.364677059375 0.873324053125 0.3623608015625 0.9065979953125 0.33407572343749997 0.96339086875 0.39376392031249996 0.95559576875
0 0.9457298328125001 1 0.9567928734375 0.9495824046875001 0.9349665921874999 0.9373329625 0.9042316265625001 0.9221881953125 0.8653674828125 0.9092260578125 0.824721603125 0.8814532296875001 0.7962583515625 0.8949944328124999 0.7567928734375 0.9286469937499999 0.7521158125 0.9745267265625 0.7627021093749999 1 0.9457298328125001 1
0 0.10645830468749999 0 0.12485523437499998 0.025751670312500002 0.1566815140625 0.060295100000000004 0.169554565625 0.08670935468749999 0.192605790625 0.094170378125 0.2684855234375 0.0928118046875 0.296926503125 0.0745267265625 0.31792873125 0.030473273437499997 0.31516008906250004 0 0.10645830468749999 0
0 0.22761692656250002 0.9097160359375 0.2189532296875 0.9084242765624999 0.2016258359375 0.932165925 0.2192650328125 0.941141425 0.2324276171875 0.926375278125 0.22761692656250002 0.9097160359375
0 0.190913140625 0.124771715625 0.191714921875 0.109805121875 0.18396436562500001 0.104727171875 0.1689977734375 0.10793429843749999 0.1692650328125 0.12209910937499999 0.17995545625 0.12690980000000002 0.190913140625 0.124771715625
0 0.38308823593749997 1 0.3866815140625 0.9932126953125 0.3787305125 0.9909409796875 0.3651002234375 0.9969988859375001 0.3699770328125 1 0.38308823593749997 1
0 0.31536748281250004 0.9275334078125 0.2989755015625 0.91466035625 0.2867706015625 0.8997383078125001 0.2684855234375 0.8997383078125001 0.2670378625 0.9384465484375 0.297772828125 0.946464365625 0.31536748281250004 0.9275334078125