0 0.6857103062500001 0.474846796875 0.6679944296875 0.498495821875 0.7128969359374999 0.5363231203125001 0.7223676875 0.49729805000000005 0.6857103062500001 0.474846796875
0 0.292618384375 0.392479109375 0.3103621171875 0.387520890625 0.31571030625 0.369860725 0.30392757656249997 0.3612813375 0.28729805 0.370389971875 0.2846239546875 0.37359331406249996 0.292618384375 0.392479109375
0 0.8122005578125 0.8438718656249999 0.8255988859375 0.8431476328124999 0.8282172703124999 0.816350975 0.8159331468750001 0.811504178125 0.8055153203125001 0.8185793875 0.7995543171875 0.8416434546874999 0.8122005578125 0.8438718656249999
0 0.678635096875 0.40629526406250005 0.6656267406249999 0.38618384375 0.6514484671874999 0.40272980468749997 0.6502506968749999 0.40746518125 0.6620891359375001 0.4358495828125 0.678635096875 0.40629526406250005
0 0.332841225 0.3896657375 0.32373259062500004 0.3993314765625 0.32373259062500004 0.41217270156249997 0.36178272968749997 0.413259053125 0.399303621875 0.39557103125 0.4035933140625 0.3778830078125 0.3966295265625 0.3623398328125 0.367688021875 0.3650417828125 0.332841225 0.3896657375
0 0.6798050140624999 0.3259052921875 0.742451253125 0.343649025 0.7708356546874999 0.33064066875 0.763732590625 0.273899721875 0.7223676875 0.244345403125 0.6821727015625 0.2490807796875 0.6656267406249999 0.3034540390625 0.6798050140624999 0.3259052921875
0 0.42568245156250006 0.5599442890625 0.38665738125 0.528022284375 0.372479109375 0.4949303625 0.32520891406249997 0.46774373281250003 0.2696378828125 0.4653760453125 0.2885515328125 0.5114763234375 0.237715878125 0.5540389968749999 0.261364903125 0.6013091921875 0.28501392812500004 0.6249582171875 0.2731754875 0.6745961 0.2885515328125 0.71125348125 0.3240111421875 0.684066853125 0.35239554375000004 0.6580501390625 0.36894150468750003 0.6166852375 0.39729804999999996 0.66395543125 0.4233147625 0.6686908078125 0.441030640625 0.6450696375 0.4599442890625 0.60604456875 0.42568245156250006 0.5599442890625
0 0.5592479109374999 0.577688021875 0.539136490625 0.600139275 0.5958774375 0.6450696375 0.639610028125 0.6663231203125 0.673899721875 0.63206128125 0.673899721875 0.5587743734374999 0.6384401109375 0.5256824515625 0.5888022281249999 0.528022284375 0.5592479109374999 0.577688021875
0 1 0.48359869062499994 0.9776323124999999 0.49729805000000005 0.9871030640624999 0.5363231203125001 1 0.5254583312500001 1 0.48359869062499994
0 0 0.38994940625 0.009052925 0.392479109375 0.017047353125 0.37359331406249996 0.014373259375 0.370389971875 0 0.3625171828125 0 0.38994940625
0 0.9004456828125 0.8416434546874999 0.8944846796875 0.8185793875 0.884066853125 0.811504178125 0.8717827296875 0.816350975 0.8744011140625 0.8431476328124999 0.8877994421875 0.8438718656249999 0.9004456828125 0.8416434546874999
0 1 0.24698054374999998 0.9776323124999999 0.244345403125 0.936267409375 0.273899721875 0.9291643453124999 0.33064066875 0.9575487468749999 0.343649025 1 0.331625259375 1 0.24698054374999998
0 0 0.7011946421874999 0.0131197765625 0.71125348125 0.028495821875 0.6745961 0.01665738125 0.6249582171875 0.040306406249999996 0.6013091921875 0.06395543125 0.5540389968749999 0.0131197765625 0.5114763234375 0.0320334265625 0.4653760453125 0 0.466740878125 0 0.7011946421874999