0 0.559226190625 0.738616071875 0.570476190625 0.7161755953125 0.5694642859375 0.6977827375000001 0.555178571875 0.6886160718750001 0.53470238125 0.6946875 0.528571428125 0.719211309375 0.5388095234375 0.7376041671875 0.559226190625 0.738616071875
0 0.21440476249999998 0.399806546875 0.231071428125 0.3802827375 0.23595238125 0.3567708328125 0.2280952375 0.3352827375 0.216369046875 0.3352827375 0.2036904765625 0.346056546875 0.194880953125 0.37635416718750003 0.1997619046875 0.40081845312500003 0.21440476249999998 0.399806546875
0 0.7180952375 0.1876041671875 0.7357142859375 0.17879464218750002 0.737678571875 0.15337797656250002 0.7200595234375 0.1416517859375 0.68875 0.1455803578125 0.654523809375 0.1602232140625 0.6642857140625 0.1934970234375 0.6916666671875 0.19248511875000002 0.7180952375 0.1876041671875
0 0.23339285781250002 0.617068453125 0.24565476249999998 0.5884970234375 0.2191071421875 0.5721279765625 0.17720238125 0.5772470234375 0.171071428125 0.600758928125 0.1914880953125 0.6252827375 0.23339285781250002 0.617068453125
0 0.5867857140625 0.681413690625 0.616428571875 0.6651041671875 0.61845238125 0.6344494046875 0.6031547625 0.6119494046875 0.5500595234375 0.6303422624999999 0.5418452375 0.6640922625 0.5582142859375 0.6783779765625 0.5867857140625 0.681413690625
0 0.5469642859375 0.5619494046875 0.53470238125 0.5659970234375 0.5296428578125 0.5966517859375 0.547976190625 0.6130208328125 0.5694642859375 0.6079017859375 0.600119046875 0.58438988125 0.6154166671875 0.5588541671875 0.6245833328125 0.5374255953125 0.6133928578125001 0.5159374999999999 0.5827380953125 0.51188988125 0.5602380953125 0.529211309375 0.5602380953125 0.5537351187499999 0.5469642859375 0.5619494046875
0 0.6858928578125 0.5925446421875 0.6910119046875 0.58438988125 0.6900000000000001 0.5659970234375 0.661369046875 0.5752232140625 0.65625 0.589508928125 0.6644642859375 0.597663690625 0.6858928578125 0.5925446421875
0 0.4686904765625 0.6677827375 0.5 0.6609375 0.5097619046874999 0.656056546875 0.5097619046874999 0.6462946421875 0.5097619046874999 0.6296875 0.5029166671875 0.6218303578125 0.4785119046875 0.6277232140625 0.459880953125 0.6237946421875 0.45208333281249996 0.6355208328125 0.450119046875 0.6570684531250001 0.4686904765625 0.6677827375
0 0.7317857140624999 0.7225446421874999 0.746428571875 0.7196279765625 0.7572023812500001 0.69813988125 0.7630952375 0.695163690625 0.7523214281249999 0.678556546875 0.7395833328125 0.665818453125 0.728869046875 0.678556546875 0.729821428125 0.69813988125 0.7278571421875 0.717663690625 0.7317857140624999 0.7225446421874999
0 0.39732142812500004 0.7665922625 0.405119046875 0.746056546875 0.38654761875 0.73623511875 0.3660119046875 0.73623511875 0.35035714218749997 0.7411755953125 0.373869046875 0.7577827375 0.39732142812500004 0.7665922625
0 0.6339880953125 0.6765922625 0.6183333328125 0.6971279765625 0.5988095234374999 0.7137946421875 0.6183333328125 0.72063988125 0.63595238125 0.7059375 0.6339880953125 0.6765922625
0 0.68875 0.8408779765625001 0.6741071421875 0.8477232140625001 0.6858333328125 0.8643898812499999 0.6985119046875 0.8555803578125 0.68875 0.8408779765625001
0 0.8315476187499999 0.7890922625 0.8168452374999999 0.786116071875 0.8236904765625 0.8134970234375001 0.850119046875 0.8164732140625001 0.8315476187499999 0.7890922625
0 0.586071428125 0.31671130937499997 0.6105357140625001 0.2893303578125 0.5889880953125 0.2609375 0.5616071421875 0.2619494046875 0.5469642859375 0.27563988125 0.5371428578125 0.310818453125 0.56845238125 0.3069494046875 0.586071428125 0.31671130937499997
0 0.8931547625 0.41546130937500003 0.9136904765624999 0.4047470234375 0.93029761875 0.37635416718750003 0.9371428578125001 0.369508928125 0.8980357140624999 0.3714732140625 0.8706547625000001 0.368556546875 0.8628571421875 0.39492559531250004 0.86970238125 0.4174255953125 0.8931547625 0.41546130937500003
0 0.578630953125 0.1288541671875 0.5847619046875 0.11349702343750001 0.5714880953125 0.092068453125 0.53470238125 0.0889732140625 0.5163095234374999 0.11659226250000002 0.5469642859375 0.14313988125 0.578630953125 0.1288541671875
0 0.6579422218750001 0 0.654523809375 0.0116517859375 0.68875 0.0262946421875 0.7200595234375 0.030223214062499996 0.737678571875 0.0184970234375 0.736249059375 0 0.6579422218750001 0
0 0.6741071421875 0.978913690625 0.68875 0.985758928125 0.6985119046875 0.971056546875 0.6858333328125 0.9622470234374999 0.6741071421875 0.978913690625
0 0.53470238125 0.0829017859375 0.5714880953125 0.079806546875 0.5847619046875 0.0583779765625 0.578630953125 0.0430208328125 0.5469642859375 0.02873511875 0.5163095234374999 0.0552827375 0.53470238125 0.0829017859375