0 0.5986559140625001 0.4867204296875 0.5820430109375 0.515537634375 0.60752688125 0.5254838703125 0.6152688171875 0.5011290328125 0.5986559140625001 0.4867204296875
0 0.1125806453125 0.31741935468750004 0.07967741874999999 0.3004301078125 0.0552688171875 0.3057526875 0.0542473125 0.34607526875 0.064838709375 0.3779032265625 0.10516129062499999 0.35139785 0.1125806453125 0.31741935468750004
0 0.23360215 0.52860215 0.23677419375 0.57532258125 0.253763440625 0.5954838703124999 0.2855913984375 0.5816666671874999 0.287688171875 0.5413440859375 0.23360215 0.52860215
0 0.0955913984375 0.7907526875 0.0605913984375 0.815161290625 0.056344085937499996 0.8544086015625 0.09139785 0.8682258062500001 0.0955913984375 0.7907526875
0 0.398064515625 0.9064516125000001 0.3704838703125 0.904301075 0.372634409375 0.9435483874999999 0.39381720468750003 0.9372043015625 0.398064515625 0.9064516125000001
0 0.5243548390625 0.28026881718749996 0.5105913984375 0.287688171875 0.5074193546875 0.3025806453125 0.5275806453125 0.3205913984375 0.5370967734375001 0.3015053765625 0.5243548390625 0.28026881718749996
0 0.586989246875 0.2388709671875 0.554086021875 0.25795698906250003 0.550913978125 0.26752688125 0.5604838703125 0.293010753125 0.591236559375 0.3152688171875 0.60182795625 0.28876344062500003 0.586989246875 0.2388709671875
0 0.68462365625 0.5392473125 0.705860215625 0.5816666671874999 0.7101075265625 0.6039784953125 0.7334408609375 0.6071505375 0.75677419375 0.5954838703124999 0.7355913984375 0.5519354843750001 0.7610215046875 0.5222580640625 0.737688171875 0.5095161296875 0.68462365625 0.5392473125
0 0.7822580640625 0.25795698906250003 0.7844086015625 0.3025806453125 0.7833333328125 0.3205913984375 0.8119892468750001 0.32698924687500003 0.8258064515625 0.31209677343750003 0.8554838703125001 0.31741935468750004 0.8502150531250001 0.26752688125 0.7822580640625 0.25795698906250003
0 0.5290322578125 0.6752688171875 0.4768817203125 0.7107526875 0.47344086093750004 0.7811827953125 0.5116666671875 0.775913978125 0.5636559140624999 0.7620967734375 0.590860215625 0.701612903125 0.5290322578125 0.6752688171875
0 0.376989246875 0.38360215000000003 0.366989246875 0.40026881718749996 0.38032258125 0.42682795625000003 0.42682795625000003 0.42462365625 0.44236559062499997 0.3791935484375 0.420215053125 0.3736559140625 0.376989246875 0.38360215000000003
0 0.1652688171875 0.19182795625 0.163064515625 0.23618279531250003 0.18962365625 0.2251075265625 0.227311828125 0.2040322578125 0.25392473125000004 0.15193548437499999 0.2384408609375 0.0909677421875 0.20295698906249998 0.0820967734375 0.16967741875 0.087634409375 0.15526881718750002 0.10763440937499999 0.16967741875 0.1264516125 0.20295698906249998 0.12865591406250002 0.20962365625 0.143064515625 0.174139784375 0.1652688171875 0.1652688171875 0.19182795625
0 0.750537634375 0.7604838703125 0.7227956984375 0.7826881718750001 0.7361290328125001 0.8070430109375 0.7571505375 0.799301075 0.7604838703125 0.7770967734374999 0.750537634375 0.7604838703125
0 0.6906451609375 0.26946236562500003 0.6962365593750001 0.3038172046875 0.6929032265624999 0.3104838703125 0.7327956984374999 0.33817204375 0.7660215046875 0.3304301078125 0.7638172046875 0.3004838703125 0.7472043015625001 0.2727956984375 0.718387096875 0.24618279531249998 0.6906451609375 0.26946236562500003
0 0.9090322578125001 0.356989246875 0.9046236562500001 0.38360215000000003 0.9234408609375 0.3958064515625 0.9356451609375 0.38139785000000004 0.9311827953125 0.356989246875 0.9090322578125001 0.356989246875
0 0 0.3547905390625 0.035161290625 0.3779032265625 0.0457526875 0.34607526875 0.0447311828125 0.3057526875 0.02032258125 0.3004301078125 0 0.310923465625 0 0.3547905390625
0 0.0394086015625 0.815161290625 0.0044086015625 0.7907526875 0.00860215 0.8682258062500001 0.0436559140625 0.8544086015625 0.0394086015625 0.815161290625
0 0.9722580640625 0.3958064515625 0.9910752687500001 0.38360215000000003 0.9866666671875001 0.356989246875 0.9645161296874999 0.356989246875 0.9600537640625 0.38139785000000004 0.9722580640625 0.3958064515625