0 0.9763793109375 0.45162068906249997 0.98741379375 0.43334482812499997 0.978793103125 0.4023103453125 0.9360344828124999 0.40989655156250004 0.938793103125 0.44610344843750005 0.9763793109375 0.45162068906249997
0 0.7648965515625 0.3864482765625 0.7446206890625 0.4017586203125 0.764068965625 0.41500000000000004 0.7752413796875001 0.3996896546875 0.7648965515625 0.3864482765625
0 0.5301034484375 0.681068965625 0.5507586203125 0.673206896875 0.532931034375 0.6467586203125 0.501482759375 0.6517586203125 0.502931034375 0.673206896875 0.5301034484375 0.681068965625
0 0.0316206890625 0.453068965625 0.08731034531250001 0.46179310312500005 0.1148965515625 0.41627586250000004 0.106655171875 0.4026896546875 0.061655171875000005 0.38431034531249997 0.0185517234375 0.40317241406250004 0.0316206890625 0.453068965625
0 0.7657241375 0.2544482765625 0.7570344828125 0.23500000000000001 0.7297241375 0.2358275859375 0.7272413796875 0.2457586203125 0.7454482765625 0.265206896875 0.7657241375 0.2544482765625
0 0.8247241375 0.5954137937499999 0.8061034484375 0.6061034484375 0.8202413796875 0.6143793109375 0.8336896546875 0.6012758625 0.8247241375 0.5954137937499999
0 0.1391034484375 0.307 0.1408965515625 0.2831724140625 0.11882758593750001 0.270655171875 0.0801034484375 0.2813793109375 0.0902413796875 0.31655172343750004 0.1391034484375 0.307
0 0.4782758625 0.5967241375000001 0.49379310312499997 0.545344828125 0.474793103125 0.5318275859375 0.432793103125 0.5318275859375 0.4185517234375 0.58941379375 0.4782758625 0.5967241375000001
0 0.29579310312499996 0.4327241375 0.3047586203125 0.416655171875 0.288655171875 0.3910344828125 0.26662068906249997 0.40234482812500005 0.26662068906249997 0.43034482812499997 0.29579310312499996 0.4327241375
0 0.37 0.6915517234374999 0.4077241375 0.6781724140625001 0.40634482812500006 0.6476896546875001 0.3521724140625 0.6443103453125001 0.3521724140625 0.6741034484374999 0.37 0.6915517234374999
0 0.054586206250000005 0.653206896875 0.06603448281249999 0.6267241375 0.0417241375 0.611 0.013827585937500001 0.6288965515625 0.0216896546875 0.655344828125 0.054586206250000005 0.653206896875
0 0.965338365625 0 0.938793103125 0.0038965515625000004 0.9360344828124999 0.0401034484375 0.978793103125 0.0476896546875 0.98741379375 0.016655171875 0.977357840625 0 0.965338365625 0
0 0.7446206890625 0.0482413796875 0.7648965515625 0.0635517234375 0.7752413796875001 0.050310345312500004 0.764068965625 0.034999999999999996 0.7446206890625 0.0482413796875
0 0.502931034375 0.873344828125 0.501482759375 0.894793103125 0.532931034375 0.8997931031249999 0.5507586203125 0.873344828125 0.5301034484375 0.865482759375 0.502931034375 0.873344828125
0 0.030816862499999997 0 0.0185517234375 0.0468275859375 0.061655171875000005 0.0656896546875 0.106655171875 0.0473103453125 0.1148965515625 0.0337241375 0.09445768125000001 0 0.030816862499999997 0
0 0.7454482765625 0.184793103125 0.7272413796875 0.2042413796875 0.7297241375 0.2141724140625 0.7570344828125 0.215 0.7657241375 0.1955517234375 0.7454482765625 0.184793103125
0 0.8061034484375 0.9404482765625 0.8247241375 0.9511379312500001 0.8336896546875 0.9452758625 0.8202413796875 0.9321724140625 0.8061034484375 0.9404482765625
0 0.0902413796875 0.1334482765625 0.0801034484375 0.1686206890625 0.11882758593750001 0.17934482812500002 0.1408965515625 0.1668275859375 0.1391034484375 0.143 0.0902413796875 0.1334482765625
0 0.4934286046875 1 0.4782758625 0.9498275859374999 0.4185517234375 0.9571379312499999 0.42915174375 1 0.4934286046875 1
0 0.26662068906249997 0.019655171875 0.26662068906249997 0.047655171875 0.288655171875 0.058965517187500004 0.3047586203125 0.033344828124999996 0.29579310312499996 0.0172758625 0.26662068906249997 0.019655171875
0 0.3521724140625 0.8724482765625 0.3521724140625 0.9022413796875 0.40634482812500006 0.89886206875 0.4077241375 0.8683793109375 0.37 0.8550000000000001 0.3521724140625 0.8724482765625
0 0.0216896546875 0.8912068968750001 0.013827585937500001 0.917655171875 0.0417241375 0.9355517234375 0.06603448281249999 0.9198275859375 0.054586206250000005 0.8933448281249999 0.0216896546875 0.8912068968750001