0 0.46800416718750004 0.35746666718750003 0.43867083281249997 0.38035555625 0.46067083281250004 0.404222221875 0.49551527812499996 0.38955555625 0.5037375 0.35195555624999997 0.46800416718750004 0.35746666718750003
0 0.5758263890624999 0.0046222218750000005 0.5584041671875 0.01275555625 0.5694263890625 0.026533332812499998 0.5804041671875 0.02844444375 0.5904930562499999 0.013777778125000001 0.5758263890624999 0.0046222218750000005
0 0.6118263890625 0.24155555624999997 0.6242708328125001 0.2798666671875 0.65529305625 0.28813333281250003 0.6532486109375 0.2332888890625 0.6118263890625 0.24155555624999997
0 0.613915278125 0.4827111109375 0.6108041671875 0.5416888890625 0.6636041671874999 0.568622221875 0.6728930562500001 0.485822221875 0.613915278125 0.4827111109375
0 0.7308041671875001 0.11777777812500001 0.715515278125 0.1284888890625 0.7262263890625 0.1445333328125 0.7514263890625 0.143777778125 0.7521819437499999 0.1216 0.7308041671875001 0.11777777812500001
0 0.8270708328125 0.1137333328125 0.8204486109375001 0.1610666671875 0.8666708328125001 0.19075555625 0.9172930562499999 0.21826666718749999 0.9316041671875 0.1874666671875 0.9304930562499999 0.12915555625 0.9151152781249999 0.10164444375 0.8832041671875 0.10382222187500001 0.8270708328125 0.1137333328125
0 0.8017375 0.3392888890625 0.7885375 0.360222221875 0.8105819437499999 0.369022221875 0.8226708328125 0.3657333328125 0.8204486109375001 0.342622221875 0.8017375 0.3392888890625
0 0.7456486109375 0.55275555625 0.7313375 0.643022221875 0.799559721875 0.6881333328125 0.839159721875 0.6892 0.8644930562500001 0.6716 0.869959721875 0.6408 0.8677819437500001 0.5934666671875 0.8413819437500001 0.5560888890625 0.799559721875 0.5450666671875 0.7456486109375 0.55275555625
0 0.6378263890625 0.79484444375 0.632315278125 0.8410666671874999 0.6741375 0.8487555562500001 0.6906263890625 0.83115555625 0.685115278125 0.7893333328125001 0.6378263890625 0.79484444375
0 0.46395972187499995 0.85315555625 0.4254263890625 0.8928 0.4518708328125 0.9148 0.4848486109375 0.8916888890625 0.46395972187499995 0.85315555625
0 0.093159721875 0.41413333281250003 0.10195972187499999 0.49226666718749995 0.20867083281249998 0.5285777781250001 0.2340041671875 0.5296888890625 0.265915278125 0.52524444375 0.3044041671875 0.5142666671875 0.3440041671875 0.5362666671875 0.371515278125 0.519777778125 0.35831527812499997 0.4878666671875 0.3440041671875 0.452622221875 0.33413750000000003 0.42515555625 0.3132041671875 0.4009333328125 0.33413750000000003 0.39431111093750004 0.3913375 0.3855111109375 0.3726263890625 0.3448 0.3297375 0.3019111109375 0.22409305625 0.254577778125 0.145959721875 0.280977778125 0.097559721875 0.3184 0.093159721875 0.41413333281250003
0 0.38453750000000003 0.3968888890625 0.3708041671875 0.428977778125 0.39373749999999996 0.43995555625 0.4084041671875 0.43079999999999996 0.4120486109375 0.395022221875 0.38453750000000003 0.3968888890625
0 1 0.105626359375 0.9897819437500001 0.10382222187500001 0.9578708328125 0.10164444375 0.94249305625 0.12915555625 0.9413819437500001 0.1874666671875 0.95569305625 0.21826666718749999 1 0.1941876515625 1 0.105626359375