0 0.6369417875 0.22522427500000003 0.6263876984375 0.2141424796875 0.6131950859375 0.22812664843750002 0.618208278125 0.2405277046875 0.6319285953125 0.2378891828125 0.6369417875 0.22522427500000003
0 0.311770284375 0.6142744062500001 0.36802358125 0.618443271875 0.3763613125 0.5580211078125 0.34615023125 0.5538522421875001 0.311770284375 0.6142744062500001
0 0.4888415234375 0.7132453828124999 0.5127993078124999 0.71116095 0.500319096875 0.6830343015625 0.49092595625 0.679894459375 0.4888415234375 0.7132453828124999
0 0.5086568265625 0.35593667500000004 0.5430103890625 0.3819788921875 0.5534325531250001 0.338232190625 0.51905260625 0.3205277046875 0.5086568265625 0.35593667500000004
0 0.7324826843750001 0.2453825859375 0.7351212078125 0.2229551453125 0.7034589375 0.1556728234375 0.6852531328125 0.1912928765625 0.64615023125 0.2278100265625 0.7034325531250001 0.27883905000000003 0.7324826843750001 0.2453825859375
0 0.5127993078124999 0.8851187328125001 0.51905260625 0.801767809375 0.500319096875 0.7892875984375001 0.47947476875 0.7496833765625001 0.40636131249999996 0.7883905015625 0.360714875 0.7733509234375 0.3058336078125 0.8034300796875 0.3200816296875 0.8488126656249999 0.329580309375 0.9211081796875 0.3430103890625 0.9351187328125 0.36802358125 0.97572559375 0.380530178125 0.9944854875000001 0.4524035296875 0.9736411609375001 0.483643634375 0.9590765171875001 0.49926368749999994 0.9059366750000001 0.5127993078124999 0.8851187328125001
0 0.56860405625 0.214670184375 0.556466853125 0.20332453749999999 0.5432742421875 0.208073878125 0.5393164578125 0.2223219 0.5575222625 0.227862796875 0.56860405625 0.214670184375
0 0.55657239375 0.26137203124999997 0.57702094375 0.28601583124999996 0.59905260625 0.2991292875 0.617416721875 0.302796834375 0.61897345 0.2881266484375 0.59644046875 0.27395778437499996 0.566546009375 0.2550923484375 0.5597122359375 0.253509234375 0.55657239375 0.26137203124999997
0 0.6872584109375001 0.1433509234375 0.7035117078125 0.134960421875 0.69353809375 0.11817941875 0.6846462734375 0.115540896875 0.6730895453125 0.1223746703125 0.674144953125 0.1407124015625 0.6872584109375001 0.1433509234375
0 0.0753586734375 0.38414247968750004 0.0653322890625 0.377282321875 0.05847213125 0.38361477499999996 0.0595275390625 0.3944327171875 0.0740394125 0.395224275 0.0753586734375 0.38414247968750004
0 0.0415855875 0.395224275 0.056097460937499996 0.3944327171875 0.057152868749999995 0.38361477499999996 0.0502927109375 0.377282321875 0.040266326562499996 0.38414247968750004 0.0415855875 0.395224275