0 0.5596145609375001 0.6281076015625 0.5377301921875 0.6273153109375 0.541627409375 0.66720824375 0.574475375 0.654702890625 0.5596145609375001 0.6281076015625
0 0.8364882234375 0.5436322265625 0.80912205625 0.5436322265625 0.8255460390625 0.5764801921875 0.8474518203124999 0.5639748390625 0.8364882234375 0.5436322265625
0 0.8640042828125001 0.46958511718749996 0.8592291218750001 0.46134100624999996 0.8405781578125 0.461769271875 0.8410064234375 0.47217612343750004 0.8535974296875001 0.476951284375 0.8640042828125001 0.46958511718749996
0 0.6855460390625 0.3720904703125 0.680107065625 0.3713838328125 0.673875803125 0.3768870453125 0.680107065625 0.38583779375 0.6877087796875 0.37969218437499996 0.6855460390625 0.3720904703125
0 0.35051391875000004 0.206415953125 0.34569593125 0.2211697 0.3592505359375 0.22328961406249997 0.3770235546875 0.20611616718749998 0.3830406859375 0.17928533124999999 0.38516059999999996 0.1714480734375 0.37912205625 0.1690497859375 0.36768736562500004 0.1690497859375 0.36224839375 0.1768870453125 0.35051391875000004 0.206415953125
0 0.40895075 0.21303265468750002 0.4128693796875 0.195559421875 0.40957173437499994 0.185923446875 0.391477515625 0.20581638125 0.38877944375 0.225388115625 0.395096359375 0.2287071734375 0.40895075 0.21303265468750002
0 0.1648394 0.24639453906250003 0.1796145609375 0.22740096406250002 0.17809421875 0.21716541718750001 0.1741755890625 0.216266059375 0.1576017125 0.2219834046875 0.1458672375 0.234338865625 0.14946466875 0.24545235468749999 0.1648394 0.24639453906250003
0 0.0480513921875 0.737786403125 0.047152034375 0.72875 0.0341970015625 0.7275508562499999 0.0317773015625 0.7426258031249999 0.037516059375 0.7441247328125 0.0480513921875 0.737786403125
0 0.6710706640625 0.52442451875 0.664561028125 0.5200990359375 0.6551606 0.5287714125 0.656616703125 0.5363517125 0.6678158453124999 0.5363517125 0.6710706640625 0.52442451875
0 0.30087794375 0.3420904703125 0.2944539609375 0.33652301875 0.2820342609375 0.338664346875 0.2854603859375 0.3495851171875 0.2938115625 0.350227515625 0.30087794375 0.3420904703125
0 0.672483940625 0.664702890625 0.6713704500000001 0.65581638125 0.6410278375 0.6528613484375 0.6402997859374999 0.66581638125 0.6599143468750001 0.6728399359375 0.672483940625 0.664702890625
0 0.2669379015625 0.71650160625 0.2569593140625 0.709114025 0.23809421875 0.7083645609375 0.240685225 0.72650160625 0.25843683125 0.7294566375 0.2669379015625 0.71650160625
0 0.7262098499999999 0.7055380078125 0.6792933624999999 0.7094566375 0.694925053125 0.738385975 0.737944325 0.7297778375 0.7262098499999999 0.7055380078125
0 0.37912205625 0.1684502140625 0.38516059999999996 0.1660519265625 0.3830406859375 0.15821466875 0.3770235546875 0.1313838328125 0.3592505359375 0.11421038593749999 0.34569593125 0.1163303 0.35051391875000004 0.131084046875 0.36224839375 0.1606129546875 0.36768736562500004 0.1684502140625 0.37912205625 0.1684502140625
0 0.391477515625 0.13168361875 0.40957173437499994 0.151576553125 0.4128693796875 0.141940578125 0.40895075 0.1244673453125 0.395096359375 0.1087928265625 0.38877944375 0.112111884375 0.391477515625 0.13168361875
0 0.1576017125 0.1155165953125 0.1741755890625 0.121233940625 0.17809421875 0.12033458281250001 0.1796145609375 0.11009903593749999 0.1648394 0.09110546093750001 0.14946466875 0.09204764531250001 0.1458672375 0.103161134375 0.1576017125 0.1155165953125
0 0.0341970015625 0.9332896140625 0.047152034375 0.9320904703125 0.0480513921875 0.92305406875 0.037516059375 0.9167157390625 0.0317773015625 0.9182146687499999 0.0341970015625 0.9332896140625
0 0.6719999750000001 1 0.672483940625 0.9961375796875 0.6599143468750001 0.9880005359374999 0.6402997859374999 0.9950240906250001 0.6405794234375 1 0.6719999750000001 1
0 0.23809421875 0.9524759093749999 0.2569593140625 0.9517264453125 0.2669379015625 0.944338865625 0.25843683125 0.9313838328124999 0.240685225 0.9343388656249999 0.23809421875 0.9524759093749999
0 0.6792933624999999 0.9513838328125 0.7262098499999999 0.9553024625000001 0.737944325 0.931062634375 0.694925053125 0.9224544968749999 0.6792933624999999 0.9513838328125