0 0.24137104687500002 0.6926482218750001 0.26113389374999996 0.6975889328125 0.273465909375 0.685217390625 0.27469120625 0.6679446640625 0.257418478125 0.6531225296875001 0.238880928125 0.66177865625 0.24137104687500002 0.6926482218750001
0 0.7055607703125 0.535849803125 0.7327149203125 0.563003953125 0.7512524703125 0.54324110625 0.7475370546875 0.5222529640625 0.7203829046875 0.517312253125 0.7055607703125 0.535849803125
0 0.8178927859374999 0.1271936765625 0.8388809281249999 0.1271936765625 0.8537030624999999 0.09509881406250001 0.843821640625 0.0839920953125 0.8129916015624999 0.08893280625 0.798169465625 0.1099209484375 0.8178927859374999 0.1271936765625
0 0.5178927859375 0.2395652171875 0.5500271734375 0.2506719375 0.56975049375 0.2395652171875 0.5635844859375 0.2235177859375 0.5376556328125 0.218577075 0.5178927859375 0.2395652171875
0 0.3500271734375 0.6963241109375 0.3920034578125 0.6938735171875 0.4129916015625 0.6802766796874999 0.41050148281250004 0.6592885374999999 0.385797925 0.6420158109375 0.3524777671875 0.6383003953124999 0.3352050390625 0.66177865625 0.3500271734375 0.6963241109375
0 0.3352050390625 0.9518972328125 0.3672999015625 0.9543478265625 0.37469120624999996 0.8963241109375 0.3672999015625 0.8592885375 0.34014575156250004 0.8568379453125001 0.3105014828125 0.8716600796874999 0.31544219375 0.9123715421874999 0.3352050390625 0.9518972328125
0 0.30311017812499996 0.8086956515624999 0.3524777671875 0.84324110625 0.36975049375 0.8136363640625 0.357418478125 0.7642292484375 0.32409832031249997 0.7407905140625 0.298169465625 0.7580632406250001 0.30311017812499996 0.8086956515624999
0 0.38457262812500004 0.6395652171874999 0.41666749062499997 0.644505928125 0.41666749062499997 0.6173122531249999 0.4067860671875 0.5827667984375 0.36852519687499996 0.572885375 0.343821640625 0.5864822140625 0.358643775 0.6049802375 0.38457262812500004 0.6395652171874999
0 0.693861165625 0.6494861656250001 0.7529520749999999 0.6636758890625 0.7612524703125 0.62466403125 0.7009362640625 0.6164031624999999 0.693861165625 0.6494861656250001
0 0.2722406125 0.535849803125 0.2932287546875 0.546956521875 0.2944540515625 0.517312253125 0.287062746875 0.506205534375 0.26975049375000004 0.517312253125 0.2722406125 0.535849803125
0 0.330264328125 0.306205534375 0.3932287546875 0.31608695625 0.419157609375 0.2975889328125 0.430264328125 0.2494071140625 0.414216896875 0.2136363640625 0.3722406125 0.2136363640625 0.338880928125 0.24079051406250002 0.3067860671875 0.2839920953125 0.330264328125 0.306205534375
0 1 0.086394753125 0.9850074109375001 0.0839920953125 0.9751259875 0.09509881406250001 0.9899481218749999 0.1271936765625 1 0.1271936765625 1 0.086394753125