0 0.5901034484375 0.0639655171875 0.5976896546875 0.021206896875 0.566655171875 0.01258620625 0.5483793109375 0.0236206890625 0.5538965515625 0.06120689687500001 0.5901034484375 0.0639655171875
0 0.5982413796875 0.2553793109375 0.6135517234375001 0.2351034484375 0.6003103453125 0.2247586203125 0.585 0.235931034375 0.5982413796875 0.2553793109375
0 0.3482413796875 0.498517240625 0.35324137968749997 0.46706896562500005 0.326793103125 0.4492413796875 0.318931034375 0.4698965515625 0.326793103125 0.497068965625 0.3482413796875 0.498517240625
0 0.5968275859375 0.9814482765625 0.6156896546875 0.9383448281250001 0.5973103453124999 0.8933448281249999 0.5837241375 0.8851034484375001 0.538206896875 0.9126896546875001 0.546931034375 0.9683793109375 0.5968275859375 0.9814482765625
0 0.7542413796874999 0.2727586203125 0.7641724140624999 0.2702758625 0.765 0.24296551718749998 0.7455517234375 0.23427586250000001 0.734793103125 0.2545517234375 0.7542413796874999 0.2727586203125
0 0.39389655156250003 0.19389655156250002 0.40458620625 0.1752758625 0.3987241375 0.1663103453125 0.3856206890625 0.1797586203125 0.39389655156250003 0.19389655156250002
0 0.7186206890625 0.9198965515624999 0.729344828125 0.8811724140624999 0.7168275859375 0.8591034484375 0.693 0.8608965515625 0.6834482765625001 0.9097586203124999 0.7186206890625 0.9198965515624999
0 0.4681724140625 0.5672068968749999 0.4681724140625 0.525206896875 0.454655171875 0.506206896875 0.40327586249999997 0.5217241375 0.41058620625 0.5814482765625 0.4681724140625 0.5672068968749999
0 0.597655171875 0.7333793109375 0.6089655171875 0.711344828125 0.583344828125 0.6952413796875 0.5672758625000001 0.7042068968749999 0.569655171875 0.7333793109375 0.597655171875 0.7333793109375
0 0.3556896546875 0.6478275859375 0.3523103453125 0.5936551718749999 0.3218275859375 0.5922758625 0.30844827656249996 0.63 0.32589655156249997 0.6478275859375 0.3556896546875 0.6478275859375
0 0.3711034484375 0.9861724140625 0.389 0.9582758625000001 0.3732758625 0.9339655171875 0.346793103125 0.94541379375 0.344655171875 0.9783103453124999 0.3711034484375 0.9861724140625
0 1 0.022642159375000002 0.983344828125 0.01258620625 0.9523103453124999 0.021206896875 0.9598965515625 0.0639655171875 0.9961034484375 0.06120689687500001 1 0.034661634375 1 0.022642159375000002
0 0.9364482765625001 0.2351034484375 0.9517586203124999 0.2553793109375 0.9650000000000001 0.235931034375 0.9496896546875 0.2247586203125 0.9364482765625001 0.2351034484375
0 0.126655171875 0.4492413796875 0.10020689687499999 0.46706896562500005 0.105206896875 0.498517240625 0.126655171875 0.497068965625 0.13451724062499998 0.4698965515625 0.126655171875 0.4492413796875
0 1 0.90554231875 0.9662758625000001 0.8851034484375001 0.9526896546874999 0.8933448281249999 0.9343103453125 0.9383448281250001 0.9531724140625 0.9814482765625 1 0.9691831375 1 0.90554231875
0 0.7849999999999999 0.24296551718749998 0.7858275859375 0.2702758625 0.7957586203125 0.2727586203125 0.8152068968749999 0.2545517234375 0.8044482765625001 0.23427586250000001 0.7849999999999999 0.24296551718749998
0 0.04886206875 0.1752758625 0.0595517234375 0.19389655156250002 0.0678275859375 0.1797586203125 0.054724137500000006 0.1663103453125 0.04886206875 0.1752758625
0 0.8331724140625001 0.8591034484375 0.8206551718749999 0.8811724140624999 0.8313793109375001 0.9198965515624999 0.8665517234375001 0.9097586203124999 0.857 0.8608965515625 0.8331724140625001 0.8591034484375
0 0 0.57084825625 0.042862068749999996 0.5814482765625 0.050172414062500004 0.5217241375 0 0.5065713953125 0 0.57084825625
0 0.966655171875 0.6952413796875 0.9410344828125 0.711344828125 0.952344828125 0.7333793109375 0.980344828125 0.7333793109375 0.9827241375 0.7042068968749999 0.966655171875 0.6952413796875
0 0.1316206890625 0.5922758625 0.10113793125 0.5936551718749999 0.0977586203125 0.6478275859375 0.12755172343750001 0.6478275859375 0.145 0.63 0.1316206890625 0.5922758625
0 0.0801724140625 0.9339655171875 0.06444827656249999 0.9582758625000001 0.082344828125 0.9861724140625 0.10879310312499998 0.9783103453124999 0.106655171875 0.94541379375 0.0801724140625 0.9339655171875