0 0.51109375 0.503125 0.4566145828125 0.49203125 0.41041666718750003 0.5321354171875 0.42765624999999996 0.5927083328125 0.5026041671875 0.5838541671875 0.51109375 0.503125
0 0.44718749999999996 0.6777083328125 0.45125000000000004 0.7135416671875 0.48515625 0.7074479171875 0.4790104171875 0.6777083328125 0.44718749999999996 0.6777083328125
0 0.4766145828125 0.14859375 0.4401041671875 0.13203125 0.3945833328125 0.1569270828125 0.4055729171875 0.22453125 0.47041666718749997 0.20515625 0.4766145828125 0.14859375
0 0.22552083281250002 0.5838541671875 0.30046875 0.5927083328125 0.3177083328125 0.5321354171875 0.2715104171875 0.49203125 0.21703125 0.503125 0.22552083281250002 0.5838541671875
0 0.7671875 0.5838541671875 0.8421354171875001 0.5927083328125 0.859375 0.5321354171875 0.8131770828124999 0.49203125 0.7586979171875 0.503125 0.7671875 0.5838541671875
0 1 0.49238124375 0.99828125 0.49203125 0.9520833328125 0.5321354171875 0.9693229171875 0.5927083328125 1 0.589084215625 1 0.49238124375
0 0.276875 0.7135416671875 0.2809375 0.6777083328125 0.2491145828125 0.6777083328125 0.24296875 0.7074479171875 0.276875 0.7135416671875
0 0.8185416671875 0.7135416671875 0.8226041671875001 0.6777083328125 0.79078125 0.6777083328125 0.7846354171875001 0.7074479171875 0.8185416671875 0.7135416671875
0 1 0.6777083328125 0.9888541671875 0.6777083328125 0.9929166671875 0.7135416671875 1 0.7122686265625 1 0.6777083328125
0 0.2577083328125 0.20515625 0.32255208281250003 0.22453125 0.3335416671875 0.1569270828125 0.2880208328125 0.13203125 0.2515104171875 0.14859375 0.2577083328125 0.20515625
0 0.7993750000000001 0.20515625 0.86421875 0.22453125 0.8752083328125 0.1569270828125 0.8296875 0.13203125 0.7931770828125 0.14859375 0.7993750000000001 0.20515625
0 1 0.1403006859375 0.9817708328125001 0.13203125 0.93625 0.1569270828125 0.9472395828125 0.22453125 1 0.2087666921875 1 0.1403006859375