0 0.4013440859375 0.5132795703124999 0.4179569890625 0.48446236562499995 0.39247311875 0.47451612968749995 0.3847311828125 0.4988709671875 0.4013440859375 0.5132795703124999
0 0.8874193546875 0.6825806453125 0.92032258125 0.6995698921875 0.9447311828125 0.6942473125 0.9457526875 0.65392473125 0.9351612906250001 0.6220967734375 0.894838709375 0.64860215 0.8874193546875 0.6825806453125
0 0.7663978499999999 0.47139784999999995 0.76322580625 0.42467741875 0.746236559375 0.40451612968750006 0.7144086015625 0.4183333328125 0.712311828125 0.4586559140625 0.7663978499999999 0.47139784999999995
0 0.9044086015625 0.2092473125 0.9394086015625 0.184838709375 0.9436559140625 0.1455913984375 0.9086021499999999 0.13177419375 0.9044086015625 0.2092473125
0 0.601935484375 0.0935483875 0.6295161296875 0.095698925 0.627365590625 0.056451612500000005 0.6061827953125001 0.0627956984375 0.601935484375 0.0935483875
0 0.4756451609375 0.7197311828124999 0.4894086015625 0.712311828125 0.4925806453125 0.6974193546875 0.4724193546875 0.6794086015625 0.4629032265625 0.6984946234375 0.4756451609375 0.7197311828124999
0 0.413010753125 0.7611290328125 0.445913978125 0.7420430109375 0.449086021875 0.73247311875 0.4395161296875 0.706989246875 0.40876344062500003 0.6847311828125 0.39817204375 0.711236559375 0.413010753125 0.7611290328125
0 0.31537634375 0.4607526875 0.294139784375 0.4183333328125 0.2898924734375 0.3960215046875 0.2665591390625 0.39284946249999997 0.24322580624999998 0.40451612968750006 0.2644086015625 0.44806451562499994 0.23897849531249998 0.47774193593750003 0.262311828125 0.49048387031249996 0.31537634375 0.4607526875
0 0.2177419359375 0.7420430109375 0.21559139843750003 0.6974193546875 0.2166666671875 0.6794086015625 0.18801075312499999 0.673010753125 0.17419354843749998 0.6879032265625 0.1445161296875 0.6825806453125 0.149784946875 0.73247311875 0.2177419359375 0.7420430109375
0 0.4709677421875 0.3247311828125 0.5231182796875 0.2892473125 0.5265591390625 0.21881720468750002 0.4883333328125 0.22408602187499999 0.4363440859375 0.2379032265625 0.40913978437500004 0.298387096875 0.4709677421875 0.3247311828125
0 0.623010753125 0.61639785 0.633010753125 0.5997311828125 0.61967741875 0.57317204375 0.57317204375 0.57537634375 0.5576344093750001 0.6208064515625 0.579784946875 0.6263440859375 0.623010753125 0.61639785
0 0.8347311828124999 0.80817204375 0.8369354843749999 0.7638172046875 0.81037634375 0.7748924734375 0.7726881718749999 0.7959677421875 0.7460752687500001 0.8480645156250001 0.7615591390625001 0.9090322578125001 0.7970430109375 0.9179032265625 0.8303225812499999 0.9123655906250001 0.8447311828125 0.892365590625 0.8303225812499999 0.8735483875 0.7970430109375 0.8713440859375 0.79037634375 0.856935484375 0.8258602156249999 0.8347311828124999 0.8347311828124999 0.80817204375
0 0.249462365625 0.2395161296875 0.2772043015625 0.217311828125 0.2638709671875 0.1929569890625 0.2428494625 0.20069892500000003 0.2395161296875 0.2229032265625 0.249462365625 0.2395161296875
0 0.3093548390625 0.730537634375 0.303763440625 0.6961827953124999 0.30709677343749997 0.6895161296875 0.26720430156249997 0.66182795625 0.2339784953125 0.6695698921875 0.23618279531250003 0.6995161296875 0.2527956984375 0.7272043015625 0.281612903125 0.7538172046875 0.3093548390625 0.730537634375
0 0.0909677421875 0.643010753125 0.09537634375000001 0.61639785 0.0765591390625 0.6041935484375001 0.0643548390625 0.61860215 0.0688172046875 0.643010753125 0.0909677421875 0.643010753125
0 1 0.6452094609375 0.9648387093749999 0.6220967734375 0.9542473125000001 0.65392473125 0.9552688171874999 0.6942473125 0.97967741875 0.6995698921875 1 0.689076534375 1 0.6452094609375
0 0.9605913984375001 0.184838709375 0.9955913984375 0.2092473125 0.99139785 0.13177419375 0.9563440859375 0.1455913984375 0.9605913984375001 0.184838709375
0 0.0277419359375 0.6041935484375001 0.00892473125 0.61639785 0.013333332812500001 0.643010753125 0.0354838703125 0.643010753125 0.039946235937500005 0.61860215 0.0277419359375 0.6041935484375001