0 0.7130673546875 0.307669903125 0.712145025 0.2983980578125 0.6982129859375 0.2881553390625 0.6907858015625 0.291893203125 0.6879702671875 0.3067475734375 0.6954459953125001 0.3150970875 0.7130673546875 0.307669903125
0 0.24000910156250002 0 0.2328246359375 0.022475728125 0.25233919843749997 0.0457281546875 0.28670813125 0.062427184375 0.3266595875 0.051310679687500006 0.32758191718749996 0.016941746875 0.3099120140625 0.002038834375 0.3006401703125 0 0.24000910156250002 0
0 0.5933100734375001 0.7557281546875 0.62709648125 0.7397087375 0.6075333734374999 0.6934466015625 0.579086771875 0.6890291265624999 0.57641686875 0.7183495140625 0.5933100734375001 0.7557281546875
0 0.4954945390625 0.7895145625 0.5274848296875 0.7708252421874999 0.494620753125 0.7539320390625 0.4954945390625 0.7895145625
0 0.42699939374999996 0.4506310671875 0.45190230624999994 0.4382038828125 0.45457220937500004 0.41684466093749994 0.44389259687499993 0.40708737812500007 0.42165958750000004 0.4293203890625 0.42699939374999996 0.4506310671875
0 0.2980188109375 0.43733009687499996 0.319378034375 0.4186407765625 0.33005764531250004 0.3795145625 0.3158343453125 0.3341262140625 0.30962075312500004 0.3341262140625 0.26869842187500004 0.3412621359375 0.2508828890625 0.35101941718749996 0.23131978125 0.377718446875 0.22331007343749998 0.4061650484375 0.2277760921875 0.4364077671875 0.26335861718750003 0.43733009687499996 0.2998149265625 0.47645631093749996 0.2980188109375 0.43733009687499996
0 0.7898634703125 0.2567475734375 0.8325819171875001 0.2363106796875 0.8299120140625 0.2167475734375 0.7871935671875 0.22296116562499999 0.7898634703125 0.2567475734375
0 0.5170479375 0.52504854375 0.5255916265625 0.507281553125 0.4930673546875 0.4888349515625 0.4799120140625 0.510194175 0.48918385937500003 0.527815534375 0.5170479375 0.52504854375
0 0.539378034375 0.722912621875 0.5374848296875 0.6764563109374999 0.5059314328125 0.6458252421874999 0.49850424687499995 0.6467475734375 0.46321298593750004 0.684805825 0.481756675 0.7247572812499999 0.539378034375 0.722912621875
0 0.634135315625 0.400582525 0.6452518203125 0.328106796875 0.614620753125 0.312330096875 0.5978731796875 0.324417475 0.564426578125 0.35504854375 0.5579217234375 0.40800970937500003 0.583941140625 0.412621359375 0.634135315625 0.400582525
0 0.42602851875000003 0.2537864078125 0.41117415 0.1897087375 0.36195085 0.192475728125 0.33777609218750004 0.21014563125 0.3368537625 0.25009708750000004 0.356368325 0.2835436890625 0.4102518203125 0.28165048593750003 0.42602851875000003 0.2537864078125
0 0.32384405312500003 0.2733009703125 0.329426578125 0.23058252499999998 0.288552790625 0.2184951453125 0.279280946875 0.232427184375 0.2783586171875 0.2640291265625 0.2932129859375 0.279805825 0.32384405312500003 0.2733009703125
0 0.2253974515625 0.5807766984375 0.24398968437500002 0.5594174749999999 0.23097997499999998 0.5464077671875 0.209572209375 0.5399029125 0.19937803437499999 0.5491747578124999 0.18918385937499999 0.567766990625 0.1826790046875 0.5937864078125 0.1947178390625 0.6067961171875 0.2077275484375 0.607718446875 0.2253974515625 0.5807766984375
0 0.739086771875 0.2863106796875 0.7381644421875 0.2807281546875 0.728844053125 0.277038834375 0.7251547328125 0.279805825 0.7251547328125 0.29004854375 0.7353489078125001 0.29466019375 0.739086771875 0.2863106796875
0 0.9205430828125 0.2363106796875 0.9632615296875 0.2567475734375 0.9659314328124999 0.22296116562499999 0.9232129859375 0.2167475734375 0.9205430828125 0.2363106796875
0 0.0655916265625 0.5937864078125 0.059086771875 0.567766990625 0.048892596875 0.5491747578124999 0.038698421875 0.5399029125 0.0172906546875 0.5464077671875 0.004280946875 0.5594174749999999 0.022873179687500002 0.5807766984375 0.0405430828125 0.607718446875 0.053552790625 0.6067961171875 0.0655916265625 0.5937864078125