0 0.1744540234375 0.3562643671875 0.1739655171875 0.338132184375 0.1612356328125 0.3234482765625 0.1372413796875 0.3312356328125 0.13821839062500002 0.35229885 0.148994253125 0.3635919546875 0.1744540234375 0.3562643671875
0 0.5214655171875 0.621867815625 0.558132184375 0.6183045984375 0.5404022984375 0.5970402296875 0.52856321875 0.5993965515624999 0.5214655171875 0.621867815625
0 0.72336206875 0.7375 0.7519827593749999 0.7258908046875 0.7389655171875 0.698706896875 0.7129597703125 0.7069540234375 0.71413793125 0.721149425 0.71413793125 0.7375 0.72336206875 0.7375
0 0.864281609375 0.5993965515624999 0.9044540234375 0.6124137937499999 0.9020977015625 0.5060344828125001 0.8914655171874999 0.5060344828125001 0.8701724140625 0.5166666671875 0.8382758625 0.5710344828125 0.85008620625 0.593505746875 0.864281609375 0.5993965515624999
0 0.2037356328125 0.5489942531249999 0.289367815625 0.51393678125 0.30752873593749996 0.43982758593750004 0.27798850625 0.39491379375 0.1795977015625 0.3912356328125 0.135632184375 0.41020114999999996 0.0965517234375 0.4791666671875 0.14795977031250002 0.5083908046875 0.2037356328125 0.5489942531249999
0 0.7661781609375 0.4939655171875 0.781005746875 0.4636206890625 0.7676149421875 0.44669540156250004 0.735143678125 0.457270115625 0.7386781609375 0.486206896875 0.7661781609375 0.4939655171875
0 0.78241379375 0.6780459765625 0.8162643671875 0.64278735625 0.8028735625 0.629367815625 0.78028735625 0.629367815625 0.73798850625 0.6456034484375001 0.7259770109375 0.68298850625 0.7443390796875 0.6900287359374999 0.78241379375 0.6780459765625
0 0.6766091953125 0.6491379312500001 0.701293103125 0.6173850578125 0.669568965625 0.5905747125 0.635718390625 0.6011781609375 0.623706896875 0.6307758625 0.6385344828124999 0.6505459765625 0.6766091953125 0.6491379312500001
0 0.6166666671875001 0.6942528734375 0.628649425 0.6709770109375001 0.6152586203125 0.654770115625 0.586350575 0.682270115625 0.5976149421875 0.7020114937499999 0.6166666671875001 0.6942528734375
0 0.2783045984375 0.6589080453125 0.289080459375 0.6373850578125 0.2699712640625 0.6206896546875 0.24890804531250002 0.6383908046875 0.2562643671875 0.6555172406249999 0.2783045984375 0.6589080453125
0 0.3738218390625 0.7309482765624999 0.3772413796875 0.7078735625 0.3454022984375 0.697643678125 0.33413793125 0.7221264374999999 0.346867815625 0.736781609375 0.3738218390625 0.7309482765624999
0 0.672270115625 0.46201149375000006 0.6757183906249999 0.448793103125 0.6625 0.44362068906249996 0.6576149421874999 0.45109195468749996 0.66048850625 0.46229885 0.672270115625 0.46201149375000006
0 0.8617816093749999 0.3699712640625 0.8553735625 0.3460919546875 0.8439655171875 0.3411206890625 0.8231034484374999 0.3451149421875 0.8047413796875 0.36 0.8106896546875 0.36497126406249997 0.834482759375 0.372557471875 0.8617816093749999 0.3699712640625
0 0.1372413796875 0.19548850625 0.1612356328125 0.20327586250000002 0.1739655171875 0.1885919546875 0.1744540234375 0.17045977031249998 0.148994253125 0.163132184375 0.13821839062500002 0.1744252875 0.1372413796875 0.19548850625
0 0.558132184375 0.8566954015625001 0.5214655171875 0.8531321843749999 0.52856321875 0.8756034484375 0.5404022984375 0.8779597703125 0.558132184375 0.8566954015625001
0 0.7129597703125 0.7680459765625 0.7389655171875 0.776293103125 0.7519827593749999 0.7491091953125 0.72336206875 0.7375 0.71413793125 0.7375 0.71413793125 0.753850575 0.7129597703125 0.7680459765625
0 0.8701724140625 0.9583333328125001 0.8914655171874999 0.9689655171875 0.9020977015625 0.9689655171875 0.9044540234375 0.8625862062499999 0.864281609375 0.8756034484375 0.85008620625 0.8814942531250001 0.8382758625 0.9039655171875 0.8701724140625 0.9583333328125001
0 0.2989095171875 1 0.289367815625 0.96106321875 0.2037356328125 0.926005746875 0.14795977031250002 0.9666091953124999 0.0965517234375 0.9958333328125001 0.09891283437500001 1 0.2989095171875 1
0 0.173143775 0 0.14795977031250002 0.0183333328125 0.0965517234375 0.047557471875 0.135632184375 0.1165229890625 0.1795977015625 0.13548850625 0.27798850625 0.1318103453125 0.30752873593749996 0.08689655156250001 0.289367815625 0.012787356250000001 0.2581331265625 0 0.173143775 0
0 0.7754454015625 1 0.7661781609375 0.9810344828125 0.7386781609375 0.988793103125 0.7373092953125 1 0.7754454015625 1
0 0.7676149421875 0.0800287359375 0.781005746875 0.0631034484375 0.7661781609375 0.0327586203125 0.7386781609375 0.040517240625 0.735143678125 0.0694540234375 0.7676149421875 0.0800287359375
0 0.73798850625 0.8293965515625 0.78028735625 0.8456321843750001 0.8028735625 0.8456321843750001 0.8162643671875 0.8322126437499999 0.78241379375 0.7969540234375 0.7443390796875 0.7849712640625001 0.7259770109375 0.79201149375 0.73798850625 0.8293965515625
0 0.635718390625 0.8738218390625001 0.669568965625 0.8844252875 0.701293103125 0.8576149421875 0.6766091953125 0.82586206875 0.6385344828124999 0.8244540234375 0.623706896875 0.8442241375 0.635718390625 0.8738218390625001
0 0.6152586203125 0.820229884375 0.628649425 0.8040229890624999 0.6166666671875001 0.7807471265625 0.5976149421875 0.77298850625 0.586350575 0.792729884375 0.6152586203125 0.820229884375
0 0.2699712640625 0.8543103453124999 0.289080459375 0.8376149421875001 0.2783045984375 0.8160919546875001 0.2562643671875 0.819482759375 0.24890804531250002 0.8366091953125 0.2699712640625 0.8543103453124999
0 0.3454022984375 0.7773563218749999 0.3772413796875 0.7671264375 0.3738218390625 0.7440517234375 0.346867815625 0.7382183906249999 0.33413793125 0.7528735625 0.3454022984375 0.7773563218749999
0 0.6625 0.0831034484375 0.6757183906249999 0.077931034375 0.672270115625 0.06471264374999999 0.66048850625 0.0644252875 0.6576149421874999 0.075632184375 0.6625 0.0831034484375
0 0.8047413796875 0.16672413749999998 0.8231034484374999 0.1816091953125 0.8439655171875 0.1856034484375 0.8553735625 0.180632184375 0.8617816093749999 0.1567528734375 0.834482759375 0.1541666671875 0.8106896546875 0.1617528734375 0.8047413796875 0.16672413749999998