0 0.6309066671875 0.6354508328125 0.64464 0.6367041671875 0.6490133328125001 0.6273175 0.6521333328125001 0.6148374999999999 0.6509066671875 0.5892108328125001 0.6421333328125 0.5792108328125 0.6265066671875 0.5798241671875 0.6215200000000001 0.5935841671875 0.62776 0.6210775 0.6309066671875 0.6354508328125
0 0.76528 0.7554775 0.7840266671875 0.7585975 0.79152 0.7517175 0.7846666671875 0.7392108328125 0.7696533328124999 0.7379575 0.76528 0.7554775
0 0.33336 0.5390775 0.37656 0.49478416718749996 0.37656 0.4872375 0.38842666718749996 0.4623841671875 0.40786666718750003 0.4083841671875 0.3927466671875 0.3695041671875 0.3257866671875 0.3500641671875 0.2890666671875 0.37273083281249997 0.1961866671875 0.4083841671875 0.1767466671875 0.45374416718750005 0.18538666718750002 0.49046416718749997 0.1864533328125 0.5941441671875001 0.2339733328125 0.6513975000000001 0.29447999999999996 0.6297975 0.33336 0.5390775
0 0.4824 0.4299841671875 0.5147999999999999 0.4180908328125 0.5094133328125 0.3911041671875 0.4856533328125 0.3921708328125 0.46728 0.4008108328125 0.4705333328125 0.4202508328125 0.4824 0.4299841671875
0 0.8258666671875 0.4807575 0.8409866671874999 0.48507749999999994 0.8464 0.4764375 0.8420799999999999 0.4656375 0.82912 0.4645441671875 0.8258666671875 0.4807575
0 0.26426666718749997 0.2471575 0.27874666718749996 0.24686416718749998 0.2802666671875 0.23657083281250002 0.2736 0.23097083281250003 0.2650666671875 0.2352375 0.26426666718749997 0.2471575
0 0.31823999999999997 0.2353975 0.3275733328125 0.23691749999999998 0.3290933328125 0.23118416718749998 0.3290933328125 0.22606416718750003 0.32426666718749997 0.2209441671875 0.3176266671875 0.2218508328125 0.31522666718750003 0.22726416718750003 0.31823999999999997 0.2353975
0 0.6512735265625 1 0.6521333328125001 0.9820375 0.6490133328125001 0.9695575 0.64464 0.9601708328124999 0.6309066671875 0.9614241671875 0.62776 0.9757975 0.6222669015625 1 0.6512735265625 1
0 0.79152 0.8451575 0.7840266671875 0.8382775 0.76528 0.8413975 0.7696533328124999 0.8589174999999999 0.7846666671875 0.8576641671875 0.79152 0.8451575
0 0.468406421875 0 0.46728 0.0067308328124999995 0.4856533328125 0.015370832812499999 0.5094133328125 0.0164375 0.5126943359375 0 0.468406421875 0
0 0.2802666671875 0.1709708328125 0.27874666718749996 0.1606775 0.26426666718749997 0.16038416718749998 0.2650666671875 0.1723041671875 0.2736 0.1765708328125 0.2802666671875 0.1709708328125
0 0.32426666718749997 0.1865975 0.3290933328125 0.1814775 0.3290933328125 0.1763575 0.3275733328125 0.1706241671875 0.31823999999999997 0.1721441671875 0.31522666718750003 0.1802775 0.3176266671875 0.1856908328125 0.32426666718749997 0.1865975