0 0.3121513265625 0.57125401875 0.3079712625 0.562572346875 0.29864650312499996 0.5587138265625 0.286749396875 0.5593569125 0.281604703125 0.5638585203125001 0.28031852968750004 0.569003215625 0.2861063109375 0.574790996875 0.298968046875 0.575434084375 0.3121513265625 0.57125401875
0 0.8465886250000001 0.3237942125 0.8045950562499999 0.3237942125 0.80237640625 0.353633440625 0.8128908765625 0.369099678125 0.830029140625 0.3591639875 0.8449487546875 0.34810289375000003 0.8465886250000001 0.3237942125
0 0.69375904375 0.5445016078125 0.7031481109375 0.5168810296874999 0.679386053125 0.4848231515625 0.6434696546875001 0.46601286249999996 0.5992574359375 0.473215434375 0.6009294609375 0.5025080390625 0.626331390625 0.526270096875 0.670543609375 0.54504823125 0.69375904375 0.5445016078125
0 0.3414117765625 0.750064309375 0.33311595625 0.7256591640625001 0.3133088828125 0.7288745984375 0.3059455390625 0.7652733125 0.3257526125 0.8016398718750001 0.33128315937499997 0.7956591640624999 0.3372638671875 0.78967845625 0.3414117765625 0.750064309375
0 0.4689358921875 0.2170418 0.48475582812500007 0.2330546625 0.52006129375 0.2344051453125 0.5067815515625 0.19337620625000002 0.48385550625 0.19954983906249998 0.4689358921875 0.2170418
0 0.3313153140625 0.1757234734375 0.37022206562500004 0.1832797421875 0.38334103750000004 0.1651446953125 0.3577783359375 0.1413504828125 0.33292303125 0.15852090000000002 0.3313153140625 0.1757234734375
0 0.2197397515625 0.43408360156250003 0.25459505625 0.42263665625 0.24755325625000002 0.400578778125 0.23453074687500003 0.3662379421875 0.2166850890625 0.3891318328125 0.2197397515625 0.43408360156250003
0 0.5103185296875 0.7224437296875 0.5367815515625 0.7215434078125 0.5605757640625 0.6668810296875 0.542955184375 0.6369131828125 0.4909294609375 0.63337620625 0.5103185296875 0.7224437296875
0 0.5050452171875001 0.9049517687499999 0.5535339625 0.9067202578125 0.5208973078125 0.86967845625 0.5050452171875001 0.9049517687499999
0 0.7034374999999999 0.3062379421875 0.6954953781250001 0.2850803859375 0.6584535765624999 0.301832796875 0.6787429656249999 0.33356913125 0.7034374999999999 0.3062379421875
0 0.6937268890625 0.1369453375 0.6681641875000001 0.1007717046875 0.63375904375 0.10871382656249999 0.636427853125 0.144887459375 0.6937268890625 0.1369453375
0 0.94227994375 0.3237942125 0.900286375 0.3237942125 0.9019262453125 0.34810289375000003 0.916845859375 0.3591639875 0.9339841234374999 0.369099678125 0.94449859375 0.353633440625 0.94227994375 0.3237942125
0 0.038228496875000004 0.3891318328125 0.0203828375 0.3662379421875 0.0073603296875 0.400578778125 0.00031852968750000003 0.42263665625 0.035173834375000004 0.43408360156250003 0.038228496875000004 0.3891318328125