0 0.339747190625 0.511604634375 0.3124157296875 0.507700140625 0.30351123593749996 0.52553721875 0.31188202187499997 0.5350316015625001 0.3269101125 0.535565309375 0.34474719062500003 0.5288799156249999 0.339747190625 0.511604634375
0 0.214887640625 0.52331811875 0.1892415734375 0.519975421875 0.1808988765625 0.541155196875 0.1864606734375 0.54949789375 0.2070786515625 0.54449789375 0.214887640625 0.52331811875
0 0.592528090625 0.359975421875 0.5628089890625 0.3366889046875 0.533932584375 0.350340590625 0.5363483140625 0.3768293546875 0.553202246875 0.381632725 0.5820786515624999 0.3768293546875 0.592528090625 0.359975421875
0 0.1275561796875 0.4243293546875 0.10994382031250001 0.41011587031249996 0.0787640453125 0.43042485937499997 0.10587078593749999 0.439245084375 0.1275561796875 0.4243293546875
0 0.6695505625 0.41011587031249996 0.6512640453125 0.3985990171875 0.6451685390625 0.4243293546875 0.65668539375 0.474469803125 0.6953089890624999 0.45685744375 0.6695505625 0.41011587031249996
0 0.8638764046875 0.5375316015625 0.83786516875 0.530565309375 0.829971909375 0.5421945218750001 0.8541011234375 0.55890800625 0.8638764046875 0.5375316015625
0 0.7844382015625 0.5914360953125 0.77235955 0.591885534375 0.76213483125 0.612334971875 0.767247190625 0.616969803125 0.77235955 0.6230091296875 0.7839887640625001 0.62671699375 0.7955898875 0.6220821625 0.7941853937500001 0.6048911515625 0.7844382015625 0.5914360953125
0 0.2388483140625 0.5383742984375 0.2226966296875 0.5383742984375 0.2037359546875 0.5595540734375 0.20651685468749997 0.5751439609375 0.21879213437499997 0.5818293546875 0.2338483140625 0.579610253125 0.2472191015625 0.56567766875 0.2472191015625 0.550059690625 0.2388483140625 0.5383742984375
0 0.059382021875 0.48930126406249996 0.027050562500000003 0.47817766875 0.00977528125 0.49545294999999995 0.0214887640625 0.5082619375 0.0493539328125 0.509385534375 0.059382021875 0.48930126406249996
0 0.31188202187499997 0.1055933984375 0.30351123593749996 0.11508778125 0.3124157296875 0.132924859375 0.339747190625 0.12902036562500002 0.34474719062500003 0.111745084375 0.3269101125 0.10505969062500001 0.31188202187499997 0.1055933984375
0 0.31188202187499997 0.8190765453125 0.30351123593749996 0.8285709265625 0.3124157296875 0.8464080062500001 0.339747190625 0.8425035109375001 0.34474719062500003 0.8252282296875 0.3269101125 0.8185428375000001 0.31188202187499997 0.8190765453125
0 0.1808988765625 0.099469803125 0.1892415734375 0.12064957812499999 0.214887640625 0.11730688125 0.2070786515625 0.09612710625000001 0.1864606734375 0.09112710625 0.1808988765625 0.099469803125
0 0.1808988765625 0.81295295 0.1892415734375 0.8341327250000001 0.214887640625 0.8307900281249999 0.2070786515625 0.809610253125 0.1864606734375 0.804610253125 0.1808988765625 0.81295295
0 0.5363483140625 0.2637956453125 0.533932584375 0.290284409375 0.5628089890625 0.3039360953125 0.592528090625 0.280649578125 0.5820786515624999 0.2637956453125 0.553202246875 0.258992275 0.5363483140625 0.2637956453125
0 0.5850400609374999 1 0.592528090625 0.994132725 0.5820786515624999 0.9772787921875 0.553202246875 0.972475421875 0.5363483140625 0.9772787921875 0.5342761796875 1 0.5850400609374999 1
0 0.10994382031250001 0.2305091296875 0.1275561796875 0.2162956453125 0.10587078593749999 0.20137991562500002 0.0787640453125 0.21020014062499998 0.10994382031250001 0.2305091296875
0 0.10994382031250001 0.9439922749999999 0.1275561796875 0.9297787921875 0.10587078593749999 0.9148630624999999 0.0787640453125 0.9236832859374999 0.10994382031250001 0.9439922749999999
0 0.6451685390625 0.2162956453125 0.6512640453125 0.24202598281249998 0.6695505625 0.2305091296875 0.6953089890624999 0.18376755625000002 0.65668539375 0.166155196875 0.6451685390625 0.2162956453125
0 0.6451685390625 0.9297787921875 0.6512640453125 0.9555091296875 0.6695505625 0.9439922749999999 0.6953089890624999 0.8972507015625 0.65668539375 0.8796383421874999 0.6451685390625 0.9297787921875
0 0.83786516875 0.11005969062500001 0.8638764046875 0.10309339843750001 0.8541011234375 0.08171699375 0.829971909375 0.098430478125 0.83786516875 0.11005969062500001
0 0.83786516875 0.8235428375 0.8638764046875 0.8165765453124999 0.8541011234375 0.795200140625 0.829971909375 0.8119136234375001 0.83786516875 0.8235428375
0 0.7839887640625001 0.013908006249999999 0.77235955 0.0176158703125 0.767247190625 0.023655196875 0.76213483125 0.028290028124999998 0.77235955 0.048739465625 0.7844382015625 0.0491889046875 0.7941853937500001 0.0357338484375 0.7955898875 0.0185428375 0.7839887640625001 0.013908006249999999
0 0.7839887640625001 0.7273911515625 0.77235955 0.7310990171875 0.767247190625 0.7371383421875 0.76213483125 0.7417731734374999 0.77235955 0.7622226125 0.7844382015625 0.76267205 0.7941853937500001 0.74921699375 0.7955898875 0.7320259828125 0.7839887640625001 0.7273911515625
0 0.2338483140625 0.061014746875000005 0.21879213437499997 0.0587956453125 0.20651685468749997 0.0654810390625 0.2037359546875 0.0810709265625 0.2226966296875 0.1022507015625 0.2388483140625 0.1022507015625 0.2472191015625 0.090565309375 0.2472191015625 0.07494733125 0.2338483140625 0.061014746875000005
0 0.2338483140625 0.77449789375 0.21879213437499997 0.7722787921875 0.20651685468749997 0.7789641859375 0.2037359546875 0.7945540734375001 0.2226966296875 0.8157338484375 0.2388483140625 0.8157338484375 0.2472191015625 0.8040484546875 0.2472191015625 0.788430478125 0.2338483140625 0.77449789375
0 0.00977528125 0.14517205 0.027050562500000003 0.16244733125 0.059382021875 0.15132373593749998 0.0493539328125 0.131239465625 0.0214887640625 0.13236306250000002 0.00977528125 0.14517205
0 0.00977528125 0.8586551968749999 0.027050562500000003 0.875930478125 0.059382021875 0.86480688125 0.0493539328125 0.8447226125 0.0214887640625 0.8458462078125001 0.00977528125 0.8586551968749999