0 0.12784222812499998 0.34767981406250004 0.12366589375 0.3882830625 0.163433875 0.3566125296875 0.1842227375 0.28897911875000004 0.13948955937500002 0.2781902546875 0.11670533593750002 0.29709976875 0.12784222812499998 0.34767981406250004
0 0.3327146171875 0.73709976875 0.342180975 0.7332250578124999 0.3387471 0.7216241296875 0.3318561484375 0.7203248265625 0.328004640625 0.7297911828125 0.3327146171875 0.73709976875
0 0.9393967515625 0.3570069609375 0.95788863125 0.344965196875 0.94930394375 0.328631090625 0.9252204171875 0.3273317859375 0.9213457078125 0.35227378125 0.9393967515625 0.3570069609375
0 0.16809744843750002 0.7312529 0.171670534375 0.747378190625 0.1836194890625 0.745893271875 0.1907888625 0.724686775 0.1812296984375 0.7172157765625 0.173781903125 0.715429234375 0.16809744843750002 0.7312529
0 0.8122969843750001 0.6789559171875 0.806287703125 0.67164733125 0.7942459390625001 0.6738051046875 0.7890951281249999 0.6927146171875 0.80758700625 0.6957308578125 0.8122969843750001 0.6789559171875
0 0.12134570781250001 0.41686775000000004 0.0907888625 0.4110904875 0.0751044078125 0.4028306265625 0.0569373546875 0.43174013906250003 0.035475637500000004 0.4763109046875 0.0487006953125 0.5217169375 0.07099767968750001 0.5541763343749999 0.0941995359375 0.5745939671875 0.1551740140625 0.5283062640625 0.14445475624999998 0.451531321875 0.12134570781250001 0.41686775000000004
0 0.9423665890624999 0.2200928078125 0.9605568453125001 0.20832946562500002 0.9519953593749999 0.188004640625 0.9274013921875 0.188004640625 0.9295359624999999 0.2093967515625 0.9423665890624999 0.2200928078125
0 0.9580742453125 0.6402552203125 0.9696751734375001 0.6135962875 0.9486078890625 0.5964037125 0.9361484921875001 0.6166125296875 0.9421577718749999 0.63897911875 0.9580742453125 0.6402552203125
0 0.2235034796875 0.765893271875 0.2252204171875 0.75686775 0.21320185625 0.7495591640625 0.20201856093749998 0.759025521875 0.21234338749999998 0.7719257546875 0.2235034796875 0.765893271875
0 0.298329465625 0.8390023203125001 0.3039211140625 0.83382830625 0.3056380515625 0.81835266875 0.28241299375 0.8243851515625 0.2832714609375 0.838561484375 0.298329465625 0.8390023203125001
0 0.11734391875000001 0 0.11670533593750002 0.00290023125 0.13948955937500002 0.0218097453125 0.1842227375 0.01102088125 0.1808351875 0 0.11734391875000001 0
0 0.328004640625 0.9669605562499999 0.3318561484375 0.9764269140625 0.3387471 0.9751276109375 0.342180975 0.9635266828125 0.3327146171875 0.9596519718750001 0.328004640625 0.9669605562499999
0 0.171670534375 0.94937355 0.16809744843750002 0.965498840625 0.173781903125 0.9813225062500001 0.1812296984375 0.9795359625 0.1907888625 0.972064965625 0.1836194890625 0.9508584687500001 0.171670534375 0.94937355
0 0.9295359624999999 0.09060324843749999 0.9274013921875 0.111995359375 0.9519953593749999 0.111995359375 0.9605568453125001 0.091670534375 0.9423665890624999 0.0799071921875 0.9295359624999999 0.09060324843749999
0 0.21234338749999998 0.9248259859375001 0.20201856093749998 0.93772621875 0.21320185625 0.9471925750000001 0.2252204171875 0.939883990625 0.2235034796875 0.93085846875 0.21234338749999998 0.9248259859375001
0 0.2832714609375 0.8581902546875 0.28241299375 0.8723665890625 0.3056380515625 0.8783990718749999 0.3039211140625 0.862923434375 0.298329465625 0.8577494203124999 0.2832714609375 0.8581902546875