0 0.2538888890625 0.5832503015625 0.2402898546875 0.594772040625 0.2476086953125 0.6198928140625 0.269589371875 0.620955615625 0.266449275 0.596873490625 0.2538888890625 0.5832503015625
0 0.5051932359375 0.314144021875 0.52509661875 0.2953034421875 0.521956521875 0.2732986109375 0.5041545890625 0.260738225 0.47797101406250003 0.27122131718750003 0.47272946875 0.29634208906250004 0.4832125609375 0.3162454703125 0.5051932359375 0.314144021875
0 0.3083333328125 0.4722599640625 0.29263285 0.4754000609375 0.295772946875 0.5214628625 0.3303381640625 0.5214628625 0.3334782609375 0.48168025312499996 0.3083333328125 0.4722599640625
0 0.8339855078125 0.2732986109375 0.8109661828125001 0.29110054375 0.8319082124999999 0.344506340625 0.8706521734375 0.313105375 0.869589371875 0.2827189015625 0.8339855078125 0.2732986109375
0 0.150217390625 0.655496678125 0.146038646875 0.687960446875 0.1554589375 0.7005208328125 0.178502415625 0.6827189015624999 0.16801932343749998 0.6492164859375 0.150217390625 0.655496678125
0 0.46123188437499996 0.713105375 0.4339855078125 0.73090730625 0.43608695624999994 0.7664870171875 0.46231884062499995 0.76537590625 0.47483091718750003 0.7350860499999999 0.46123188437499996 0.713105375
0 0.8769323671875 0.38428895 0.8748309171875001 0.4136126203125 0.89263285 0.4261730078125 0.9083333328125001 0.4094338765625 0.8968357484375 0.3853517515625 0.8769323671875 0.38428895
0 0.2549258453125 1 0.266449275 0.9875015093749999 0.269589371875 0.963419384375 0.2476086953125 0.9644821859375 0.2402898546875 0.9896029593750001 0.2525614140625 1 0.2549258453125 1
0 0.5041545890625 0.15938556718750002 0.521956521875 0.14682518125 0.52509661875 0.12482035 0.5051932359375 0.10597977031250001 0.4832125609375 0.10387832187499998 0.47272946875 0.123781703125 0.47797101406250003 0.1489024765625 0.5041545890625 0.15938556718750002
0 0.869589371875 0.137404890625 0.8706521734375 0.1070184171875 0.8319082124999999 0.07561745156250001 0.8109661828125001 0.1290232484375 0.8339855078125 0.14682518125 0.869589371875 0.137404890625
0 0.16801932343749998 0.9351585140625 0.178502415625 0.9016560984374999 0.1554589375 0.8838541671875 0.146038646875 0.8964145531250001 0.150217390625 0.928878321875 0.16801932343749998 0.9351585140625
0 0.47483091718750003 0.84928895 0.46231884062499995 0.8189990937499999 0.43608695624999994 0.8178879828125 0.4339855078125 0.8534676937500001 0.46123188437499996 0.871269625 0.47483091718750003 0.84928895
0 0.88405925 0 0.8748309171875001 0.006511171875000001 0.8769323671875 0.03583484375 0.8968357484375 0.034772040625 0.9083333328125001 0.010689915625000001 0.8983067171875 0 0.88405925 0