0 0.39376392031249996 0.43059576875000005 0.43919821875 0.4740256125 0.49884187031250005 0.4099721609375 0.510356346875 0.38084075781250004 0.5076391984375 0.3598385296875 0.516436525 0.32190979999999997 0.5171269484375001 0.3042928734375 0.4398886421875 0.288702671875 0.4216035640625 0.3185244984375 0.3904231625 0.3076781734375 0.364677059375 0.348324053125 0.3623608015625 0.3815979953125 0.33407572343749997 0.43839086875 0.39376392031249996 0.43059576875000005
0 0.79487750625 0.493624721875 0.8467706015625 0.48293429843749996 0.8674832968749999 0.49407015625 0.8904231625 0.4976336296875 0.9222717156250001 0.50698775 0.9426057906249999 0.48923719375 0.9567928734375 0.42458240468749997 0.9349665921874999 0.4123329625 0.9042316265625001 0.3971881953125 0.8653674828125 0.38422605781249997 0.824721603125 0.3564532296875 0.7962583515625 0.3699944328125 0.7567928734375 0.40364699374999996 0.7521158125 0.44952672656250003 0.7663697109375 0.48382516718749996 0.79487750625 0.493624721875
0 0.1045211578125 0.5190590203125 0.12485523437499998 0.547522271875 0.1566815140625 0.5820657015624999 0.169554565625 0.6084799546874999 0.192605790625 0.6159409796875 0.2684855234375 0.6145824046875 0.296926503125 0.596297328125 0.31792873125 0.552243875 0.3145434296875 0.514983296875 0.28066815156249997 0.4716202671875 0.2718708234375 0.4513084625 0.24748329687499998 0.43979398593749996 0.1749888640625 0.4458741640625 0.1383964359375 0.463491090625 0.0997772828125 0.4560523390625 0.1045211578125 0.5190590203125
0 0.22761692656250002 0.38471603593750003 0.2189532296875 0.3834242765625 0.2016258359375 0.407165925 0.2192650328125 0.416141425 0.2324276171875 0.401375278125 0.22761692656250002 0.38471603593750003
0 0.190913140625 0.646542315625 0.191714921875 0.6315757234375 0.18396436562500001 0.6264977734375 0.1689977734375 0.6297049 0.1692650328125 0.6438697109375 0.17995545625 0.6486804015625001 0.190913140625 0.646542315625
0 0.3787305125 0.4659409796875 0.3651002234375 0.47199888593750006 0.3798663703125 0.481085746875 0.3866815140625 0.4682126953125 0.3787305125 0.4659409796875
0 0.31536748281250004 0.40253340781249997 0.2989755015625 0.38966035625 0.2867706015625 0.3747383078125 0.2684855234375 0.3747383078125 0.2670378625 0.4134465484375 0.297772828125 0.421464365625 0.31536748281250004 0.40253340781249997
0 0.364677059375 0.126675946875 0.3904231625 0.1673218265625 0.4216035640625 0.1564755015625 0.4398886421875 0.186297328125 0.5171269484375001 0.1707071265625 0.516436525 0.1530902 0.5076391984375 0.11516147031249999 0.510356346875 0.0941592421875 0.49884187031250005 0.06502783906250001 0.43919821875 0.0009743875000000001 0.39376392031249996 0.044404231249999995 0.33407572343749997 0.036609131249999996 0.3623608015625 0.0934020046875 0.364677059375 0.126675946875
0 0.7627021093749999 0 0.7521158125 0.0254732734375 0.7567928734375 0.07135300624999999 0.7962583515625 0.10500556718750001 0.824721603125 0.11854677031250001 0.8653674828125 0.0907739421875 0.9042316265625001 0.0778118046875 0.9349665921874999 0.0626670375 0.9567928734375 0.050417595312499994 0.9457298328125001 0 0.7627021093749999 0
0 0.31516008906250004 1 0.31792873125 0.9695267265625 0.296926503125 0.9254732734375001 0.2684855234375 0.9071881953125001 0.192605790625 0.9058296218749999 0.169554565625 0.9132906453125 0.1566815140625 0.9397049000000001 0.12485523437499998 0.9742483296875 0.10645830468749999 1 0.31516008906250004 1
0 0.2016258359375 0.06783407500000001 0.2189532296875 0.0915757234375 0.22761692656250002 0.0902839640625 0.2324276171875 0.073624721875 0.2192650328125 0.058858575 0.2016258359375 0.06783407500000001
0 0.1689977734375 0.8920657015625 0.18396436562500001 0.895272828125 0.191714921875 0.8901948781250001 0.190913140625 0.8752282843750001 0.17995545625 0.8730902 0.1692650328125 0.8779008906250001 0.1689977734375 0.8920657015625
0 0.3699770328125 0 0.3651002234375 0.0030011140625 0.3787305125 0.0090590203125 0.3866815140625 0.0067873046875 0.38308823593749997 0 0.3699770328125 0
0 0.2684855234375 0.1002616921875 0.2867706015625 0.1002616921875 0.2989755015625 0.08533964375 0.31536748281250004 0.0724665921875 0.297772828125 0.053535634374999995 0.2670378625 0.06155345156249999 0.2684855234375 0.1002616921875