0 0.9288537546875 0.595466896875 0.916205534375 0.5737277671875 0.888577075 0.588628953125 0.8954940718750001 0.619696146875 0.91968379375 0.6231744078125 0.9288537546875 0.595466896875
0 0.689446640625 0.418273221875 0.7067193671875 0.3987080046875 0.694071146875 0.3503680828125 0.6526086953125 0.3560993078125 0.6307509875 0.387206028125 0.6445454546875 0.413688240625 0.689446640625 0.418273221875
0 0.596205534375 0.5425815218750001 0.639960475 0.5126605734374999 0.648023715625 0.48617835937500004 0.6341897234375 0.43554594843750005 0.5996837937499999 0.413688240625 0.560553359375 0.4459016796875 0.560553359375 0.51957756875 0.596205534375 0.5425815218750001
0 0.5080632406250001 0.5677989125 0.52035573125 0.5717514828125 0.5349802375 0.5713562249999999 0.53853755 0.562265315625 0.5326086953125 0.55594120625 0.5207509875 0.5535696640625 0.5084980234375001 0.5539649203125 0.503754940625 0.5594985171875 0.5080632406250001 0.5677989125
0 0.9257707515625 0.49349061250000004 0.9405533593750001 0.49293725312500003 0.9524901187499999 0.48096096875 0.9524901187499999 0.44910326093749997 0.9263241109375 0.4428186765625 0.916640315625 0.44910326093749997 0.9137944656249999 0.4730163046875 0.9257707515625 0.49349061250000004
0 0.888577075 0.042621046875 0.916205534375 0.0575222328125 0.9288537546875 0.035783103125 0.91968379375 0.0080755921875 0.8954940718750001 0.011553853125000001 0.888577075 0.042621046875
0 0.888577075 0.7777989125 0.916205534375 0.7927000984375 0.9288537546875 0.7709609687500001 0.91968379375 0.7432534578125 0.8954940718750001 0.74673171875 0.888577075 0.7777989125
0 0.6526086953125 0.2751506921875 0.694071146875 0.2808819171875 0.7067193671875 0.2325419953125 0.689446640625 0.212976778125 0.6445454546875 0.21756175937500002 0.6307509875 0.244043971875 0.6526086953125 0.2751506921875
0 0.698273215625 1 0.7067193671875 0.9677198609375001 0.689446640625 0.94815464375 0.6445454546875 0.9527396250000001 0.6307509875 0.9792218374999999 0.6453511453125 1 0.698273215625 1
0 0.5996837937499999 0.21756175937500002 0.6341897234375 0.19570405156249998 0.648023715625 0.145071640625 0.639960475 0.1185894265625 0.596205534375 0.088668478125 0.560553359375 0.11167243125 0.560553359375 0.18534832031249998 0.5996837937499999 0.21756175937500002
0 0.5996837937499999 0.9527396250000001 0.6341897234375 0.9308819171874999 0.648023715625 0.88024950625 0.639960475 0.8537672921875 0.596205534375 0.82384634375 0.560553359375 0.846850296875 0.560553359375 0.9205261859375 0.5996837937499999 0.9527396250000001
0 0.5207509875 0.0776803359375 0.5326086953125 0.07530879375 0.53853755 0.06898468437500001 0.5349802375 0.059893775 0.52035573125 0.0594985171875 0.5080632406250001 0.0634510875 0.503754940625 0.0717514828125 0.5084980234375001 0.07728507968750001 0.5207509875 0.0776803359375
0 0.5207509875 0.8128582015625 0.5326086953125 0.810486659375 0.53853755 0.80416255 0.5349802375 0.795071640625 0.52035573125 0.7946763828125001 0.5080632406250001 0.7986289531249999 0.503754940625 0.8069293484375001 0.5084980234375001 0.8124629453125 0.5207509875 0.8128582015625
0 0.9263241109375 0.1884313234375 0.9524901187499999 0.1821467390625 0.9524901187499999 0.15028903124999998 0.9405533593750001 0.138312746875 0.9257707515625 0.1377593875 0.9137944656249999 0.1582336953125 0.916640315625 0.1821467390625 0.9263241109375 0.1884313234375
0 0.9263241109375 0.9236091890625 0.9524901187499999 0.9173246046875001 0.9524901187499999 0.8854668968749999 0.9405533593750001 0.8734906125 0.9257707515625 0.872937253125 0.9137944656249999 0.8934115609375001 0.916640315625 0.9173246046875001 0.9263241109375 0.9236091890625