0 0.7017033265625 0.732274678125 0.7399007515625 0.7507296140624999 0.7562097640625 0.7296995703125 0.7227333687499999 0.700515021875 0.7017033265625 0.732274678125
0 0.5034200640625001 0.409442059375 0.5889565453125 0.40283261875000004 0.648613196875 0.33918455000000003 0.6407591203125 0.3051502140625 0.5789565453125001 0.3 0.5412312234375001 0.27356223125 0.511402896875 0.312317596875 0.458784871875 0.3489270390625 0.5034200640625001 0.409442059375
0 0.3085702796875 0.7766952796875 0.203162553125 0.787639484375 0.18625268281250001 0.8502575109375 0.2289994640625 0.8790987124999999 0.320501609375 0.8492703859375 0.3085702796875 0.7766952796875
0 0.55912821875 0.158197425 0.555136803125 0.20493562187499997 0.5989136265624999 0.18905579374999998 0.5999007515625 0.1612017171875 0.55912821875 0.158197425
0 0.8630767171875 0.2729613734375 0.8416174890624999 0.2351931328125 0.797840665625 0.2545064375 0.7944071890625 0.3017167375 0.83904238125 0.3184549359375 0.8566389484375 0.3098712453125 0.8630767171875 0.2729613734375
0 0.35994366875 0.528583690625 0.315093884375 0.58733905625 0.33754023593750004 0.6311158796874999 0.3802440984375 0.632188840625 0.41123122343749996 0.5820171671875001 0.35994366875 0.528583690625
0 0.1602440984375 0.3684120171875 0.1388707078125 0.3918884125 0.15170332656250002 0.412188840625 0.1847934546875 0.41858369062499995 0.1976260734375 0.3961802578125 0.1602440984375 0.3684120171875
0 0.102218346875 0.11081545 0.0806732828125 0.12244635156250001 0.0806732828125 0.17454935625 0.09329130937499999 0.17240343281249998 0.117754828125 0.1642060078125 0.12445010781250002 0.133090128125 0.102218346875 0.11081545
0 1 0.23894635156250002 0.9806732828125 0.2729613734375 0.9871110515625 0.3098712453125 1 0.3161585375 1 0.23894635156250002
0 0 0.41405244999999996 0.009643240625 0.412188840625 0.0224758578125 0.3918884125 0.0011024671874999999 0.3684120171875 0 0.36923095625 0 0.41405244999999996
0 0.036896459375 0.133090128125 0.0435917375 0.1642060078125 0.0680552578125 0.17240343281249998 0.0806732828125 0.17454935625 0.0806732828125 0.12244635156250001 0.059128218749999996 0.11081545 0.036896459375 0.133090128125