0 0.162789915625 0.570646534375 0.2057142859375 0.5595036765625 0.189210084375 0.5333860296874999 0.1668571421875 0.5394868703125 0.162789915625 0.570646534375
0 0.828773109375 0.45209191249999997 0.8220000000000001 0.3951843484375 0.76442016875 0.3748482140625 0.7142857140625 0.4148314078125 0.7318991593749999 0.46360451718749995 0.757647059375 0.48799107187499996 0.7854117640625 0.4663103984375 0.828773109375 0.45209191249999997
0 0.9019495796875001 0.5699742640625 0.9066890750000001 0.5333860296874999 0.8748403359375001 0.518478465625 0.8163025203125001 0.5299238453124999 0.8236974796875 0.5916045171875 0.8606218484375001 0.6187473734375 0.8911092437500001 0.59368855 0.9019495796875001 0.5699742640625
0 0.5529411765625001 0.5554700625 0.5489075625 0.5205120796875 0.5697478984375001 0.45076418125 0.5137310921875 0.42498266874999996 0.46974789843750003 0.38572216406250004 0.40436974843750007 0.38555409687500003 0.396134453125 0.4663944328125 0.4473445375 0.545587709375 0.50689075625 0.5674028359375 0.5529411765625001 0.5554700625
0 0.27932773125 0.559133928125 0.33512605 0.55143645 0.32877310937500004 0.4913860296875 0.268571428125 0.5033692234375 0.27932773125 0.559133928125
0 0.2808403359375 0.401251575 0.287462184375 0.426898634375 0.314773109375 0.42111712187499994 0.3247058828125 0.3863440125 0.302352940625 0.3871843484375 0.2808403359375 0.401251575
0 0.2057142859375 0.0936213234375 0.162789915625 0.082478465625 0.1668571421875 0.1136381296875 0.189210084375 0.1197389703125 0.2057142859375 0.0936213234375
0 0.2057142859375 0.7860582984375 0.162789915625 0.774915440625 0.1668571421875 0.8060751046875 0.189210084375 0.8121759453124999 0.2057142859375 0.7860582984375
0 0.828773109375 0.2010330875 0.7854117640625 0.18681460156250002 0.757647059375 0.165133928125 0.7318991593749999 0.1895204828125 0.7142857140625 0.23829359218750001 0.76442016875 0.2782767859375 0.8220000000000001 0.2579406515625 0.828773109375 0.2010330875
0 0.828773109375 0.8934700624999999 0.7854117640625 0.879251575 0.757647059375 0.857570903125 0.7318991593749999 0.8819574578125 0.7142857140625 0.9307305671874999 0.76442016875 0.9707137609375 0.8220000000000001 0.9503776265624999 0.828773109375 0.8934700624999999
0 0.9019495796875001 0.0831507359375 0.8911092437500001 0.059436449999999995 0.8606218484375001 0.0343776265625 0.8236974796875 0.0615204828125 0.8163025203125001 0.1232011546875 0.8748403359375001 0.13464653437500002 0.9066890750000001 0.1197389703125 0.9019495796875001 0.0831507359375
0 0.9019495796875001 0.775587709375 0.8911092437500001 0.751873425 0.8606218484375001 0.7268146015625 0.8236974796875 0.7539574578125 0.8163025203125001 0.8156381296875 0.8748403359375001 0.8270835078125 0.9066890750000001 0.8121759453124999 0.9019495796875001 0.775587709375
0 0.5697478984375001 0.20236081874999998 0.5489075625 0.1326129203125 0.5529411765625001 0.09765493750000001 0.50689075625 0.0857221640625 0.4473445375 0.10753729062499999 0.396134453125 0.1867305671875 0.40436974843750007 0.267570903125 0.46974789843750003 0.26740283593749997 0.5137310921875 0.22814233125 0.5697478984375001 0.20236081874999998
0 0.5697478984375001 0.8947977937499999 0.5489075625 0.8250498953125 0.5529411765625001 0.7900919125 0.50689075625 0.7781591390625 0.4473445375 0.7999742640624999 0.396134453125 0.8791675421875 0.40436974843750007 0.960007878125 0.46974789843750003 0.9598398109374999 0.5137310921875 0.92057930625 0.5697478984375001 0.8947977937499999
0 0.33512605 0.10168855000000002 0.27932773125 0.093991071875 0.268571428125 0.1497557765625 0.32877310937500004 0.1617389703125 0.33512605 0.10168855000000002
0 0.33512605 0.794125525 0.27932773125 0.786428046875 0.268571428125 0.8421927515625001 0.32877310937500004 0.8541759453125 0.33512605 0.794125525
0 0.3247058828125 0.2667809875 0.314773109375 0.23200787812499998 0.287462184375 0.226226365625 0.2808403359375 0.251873425 0.302352940625 0.2659406515625 0.3247058828125 0.2667809875
0 0.3247058828125 0.9592179625 0.314773109375 0.924444853125 0.287462184375 0.918663340625 0.2808403359375 0.9443103984375 0.302352940625 0.9583776265624999 0.3247058828125 0.9592179625