0 0.801975309375 0.6224375 0.852 0.6290300921875 0.8850370375000001 0.620536265625 0.8935308640624999 0.5856226859375 0.878419753125 0.53372145 0.8359506171875 0.5157708328124999 0.79819753125 0.5101165125 0.7774320984374999 0.5176720671874999 0.7651604937500001 0.56863503125 0.7717530859374999 0.5988325624999999 0.801975309375 0.6224375
0 0.23375308593750002 0.47707947500000003 0.23565432031250003 0.4534745375 0.2139506171875 0.45159799375 0.196938271875 0.4629066359375 0.1875061734375 0.475178240625 0.21111111093749999 0.48744984531249996 0.22525925937500002 0.48841280937500003 0.23375308593750002 0.47707947500000003
0 0.080864196875 0.40722762343749996 0.0723703703125 0.41288194375 0.085580246875 0.4289313265625 0.09688888906250001 0.42515355 0.10066666718749999 0.40912885781249997 0.080864196875 0.40722762343749996
0 0.44172839531249997 0.31023996875000004 0.44335802500000004 0.3293510796875 0.4564691359375 0.3260671296875 0.460296296875 0.31843750000000004 0.455382715625 0.30804243750000004 0.44172839531249997 0.31023996875000004
0 0.5400493828124999 0.30095601875 0.5389629625000001 0.315696759375 0.5482469140624999 0.318980709375 0.5542469140625 0.31023996875000004 0.5515061734375 0.2998695984375 0.5400493828124999 0.30095601875
0 0.5482469140624999 0.44461033906249997 0.5547901234375 0.45826466093749996 0.576641975 0.451696759375 0.5750123453125 0.44515355 0.5640740734375 0.43695601875 0.5482469140624999 0.44461033906249997
0 0.7022716046874999 0.3293510796875 0.7104691359374999 0.3222646609375 0.7099259265625 0.3086103390625 0.6957283953125 0.3118695984375 0.7022716046874999 0.3293510796875
0 0.7870864203125 0.6498695984375 0.7769629625000001 0.6536720671875 0.77380246875 0.65999305625 0.7823209875 0.6640918203124999 0.79244444375 0.662536265625 0.7930864203125 0.6536720671875 0.7870864203125 0.6498695984375
0 0.3725925921875 0.441499228125 0.3716049375 0.4538449078125 0.38 0.45804243749999995 0.3851851859375 0.44619058593750005 0.38074074062499996 0.4405115734375 0.3725925921875 0.441499228125
0 0.77132571875 0 0.7651604937500001 0.02823996875 0.7774320984374999 0.0792029328125 0.79819753125 0.08675848750000001 0.8359506171875 0.08110416718749999 0.878419753125 0.06315355 0.8935308640624999 0.011252314062500001 0.890793384375 0 0.77132571875 0
0 0.8935308640624999 0.8161905859375 0.8850370375000001 0.7812770062500001 0.852 0.7727831796875 0.801975309375 0.7793757718750001 0.7717530859374999 0.802980709375 0.7651604937500001 0.8331782406249999 0.7774320984374999 0.884141203125 0.79819753125 0.891696759375 0.8359506171875 0.8860424374999999 0.878419753125 0.8680918203125 0.8935308640624999 0.8161905859375
0 0.23375308593750002 0.11979552499999999 0.22525925937500002 0.108462190625 0.21111111093749999 0.1094251546875 0.1875061734375 0.12169675937499999 0.196938271875 0.13396836406249998 0.2139506171875 0.14527700625 0.23565432031250003 0.1434004625 0.23375308593750002 0.11979552499999999
0 0.23375308593750002 0.9247337968749999 0.22525925937500002 0.9134004625 0.21111111093749999 0.9143634265625 0.1875061734375 0.92663503125 0.196938271875 0.9389066359375 0.2139506171875 0.9502152781250001 0.23565432031250003 0.9483387343749999 0.23375308593750002 0.9247337968749999
0 0.09688888906250001 0.17172145 0.085580246875 0.1679436734375 0.0723703703125 0.18399305625 0.080864196875 0.1896473765625 0.10066666718749999 0.18774614218750002 0.09688888906250001 0.17172145
0 0.09688888906250001 0.976659721875 0.085580246875 0.97288194375 0.0723703703125 0.9889313265625 0.080864196875 0.9945856484375 0.10066666718749999 0.9926844140625001 0.09688888906250001 0.976659721875
0 0.460296296875 0.2784375 0.4564691359375 0.2708078703125 0.44335802500000004 0.2675239203125 0.44172839531249997 0.28663503125 0.455382715625 0.2888325625 0.460296296875 0.2784375
0 0.5542469140625 0.28663503125 0.5482469140624999 0.27789429062500004 0.5389629625000001 0.28117824062499996 0.5400493828124999 0.29591898125 0.5515061734375 0.2970054015625 0.5542469140625 0.28663503125
0 0.5750123453125 0.15172144999999998 0.576641975 0.145178240625 0.5547901234375 0.1386103390625 0.5482469140624999 0.1522646609375 0.5640740734375 0.15991898124999998 0.5750123453125 0.15172144999999998
0 0.5750123453125 0.9566597218749999 0.576641975 0.9501165125 0.5547901234375 0.9435486109375001 0.5482469140624999 0.9572029328125 0.5640740734375 0.964857253125 0.5750123453125 0.9566597218749999
0 0.7104691359374999 0.2746103390625 0.7022716046874999 0.2675239203125 0.6957283953125 0.2850054015625 0.7099259265625 0.28826466093750003 0.7104691359374999 0.2746103390625
0 0.7930864203125 0.748141203125 0.79244444375 0.73927700625 0.7823209875 0.73772145 0.77380246875 0.741820215625 0.7769629625000001 0.748141203125 0.7870864203125 0.7519436734375 0.7930864203125 0.748141203125
0 0.3851851859375 0.1506844140625 0.38 0.1388325625 0.3716049375 0.1430300921875 0.3725925921875 0.155375771875 0.38074074062499996 0.1563634265625 0.3851851859375 0.1506844140625
0 0.3851851859375 0.9556226859375 0.38 0.9437708328125 0.3716049375 0.9479683640625 0.3725925921875 0.9603140437500001 0.38074074062499996 0.9613016968749999 0.3851851859375 0.9556226859375