0 0.5403932828125 0.146836734375 0.5931823984375 0.1222448984375 0.596787840625 0.0784353734375 0.5631823984375 0.0544557828125 0.502570153125 0.0478571421875 0.4437946421875 0.1072448984375 0.4947810375 0.1222448984375 0.5403932828125 0.146836734375
0 0.4111755953125 0.9334693875 0.38893069687500004 0.9053401359375 0.3705293375 0.8994217687500001 0.363930696875 0.9431632656250001 0.3698490640625 0.9605442171874999 0.40352253437499996 0.9629591843749999 0.4111755953125 0.9334693875
0 0.5487266156249999 0.855272109375 0.5229102890624999 0.8378571421875 0.50131165 0.8540476187499999 0.49770620781249997 0.8816666671875 0.52110756875 0.8918707484375 0.544508928125 0.8894557828125 0.5487266156249999 0.855272109375
0 0.3489647109375 0.28363945625000003 0.342366071875 0.2974489796875 0.35076743125 0.31003401406250003 0.36338647968750004 0.30462585 0.3609715140625 0.28962585 0.3489647109375 0.28363945625000003
0 0.505665390625 0.38673469374999997 0.49083545937500006 0.4329251703125 0.48137967656249997 0.47064625781249997 0.46838647968749997 0.539319728125 0.5121279765625 0.561632653125 0.53576743125 0.5310204078125 0.5818558671875 0.54404761875 0.6327062078125001 0.46482993125 0.636243621875 0.427006803125 0.6244068875 0.3891836734375 0.5865837578125 0.3856462578125 0.566209609375 0.3465986390625 0.5274340984375 0.337414965625 0.505665390625 0.38673469374999997
0 0.5444409015625 0.7180272109375 0.546413690625 0.6515986390624999 0.5428422625 0.5984013609375001 0.48022321406249996 0.5818707484375001 0.4553932828125 0.6031292515625 0.4325361390625 0.7068027203125 0.4825361390625 0.7159863953125 0.5444409015625 0.7180272109375
0 0.30056335 0.7707482999999999 0.3714477046875 0.8672108843749999 0.45804634375 0.8877551015625 0.4502232140625 0.83095238125 0.47311437031250003 0.795102040625 0.4566858 0.7193877546875 0.413998725 0.7241836734375 0.385631378125 0.7277210890625 0.3667198125 0.7643537421875 0.3199511046875 0.7571428578125 0.30056335 0.7707482999999999
0 0.5747810375 0.21778911562499997 0.5428422625 0.22251700625 0.5109375 0.2343537421875 0.48729804374999997 0.2733333328125 0.48610756874999994 0.2757142859375 0.5085905609375 0.28636054375 0.5605973640624999 0.2638775515625 0.571209609375 0.257993196875 0.5889647109375 0.2568027203125 0.5688626703125 0.295680271875 0.5688626703125 0.3205102046875 0.579508928125 0.3277210890625 0.596039540625 0.32537415 0.632196003125 0.31224489843750003 0.6804953234375 0.2738095234375 0.692978315625 0.2307823125 0.7047810375 0.14806122500000002 0.676413690625 0.1290136046875 0.6374340984375 0.1338775515625 0.5672300171875 0.1666666671875 0.5747810375 0.21778911562499997
0 1 0.0788720359375 0.969304846875 0.0478571421875 0.9086926015625 0.0544557828125 0.875087159375 0.0784353734375 0.8786926015625 0.1222448984375 0.9314817171875 0.146836734375 0.9770939625 0.1222448984375 1 0.11550603125 1 0.0788720359375
0 0 0.1429042875 0.038318453125 0.1222448984375 0.089304846875 0.1072448984375 0.030529337499999996 0.0478571421875 0 0.0511807625 0 0.1429042875
0 0.1441687921875 0.9053401359375 0.1219238953125 0.9334693875 0.12957695625 0.9629591843749999 0.163250425 0.9605442171874999 0.1691687921875 0.9431632656250001 0.162570153125 0.8994217687500001 0.1441687921875 0.9053401359375
0 0.9489647109374999 0.8378571421875 0.923148384375 0.855272109375 0.927366071875 0.8894557828125 0.9507674312500001 0.8918707484375 0.9741687921875 0.8816666671875 0.9705633499999999 0.8540476187499999 0.9489647109374999 0.8378571421875
0 0 0.8906332109375 0.011991921875 0.8918707484375 0.035393282812499996 0.8816666671875 0.031787840625 0.8540476187499999 0.010189199999999999 0.8378571421875 0 0.8447304890625 0 0.8906332109375
0 0.1721279765625 0.28962585 0.1697130109375 0.30462585 0.1823320578125 0.31003401406250003 0.19073341875 0.2974489796875 0.1841347796875 0.28363945625000003 0.1721279765625 0.28962585
0 1 0.5208817109375 0.9904953234375 0.47064625781249997 0.9810395406250001 0.4329251703125 0.966209609375 0.38673469374999997 0.9444409015625 0.337414965625 0.9056653906250001 0.3465986390625 0.8852912421875001 0.3856462578125 0.8474681125 0.3891836734375 0.835631378125 0.427006803125 0.8391687921875001 0.46482993125 0.8900191328125 0.54404761875 0.93610756875 0.5310204078125 0.9597470234375001 0.561632653125 1 0.541099253125 1 0.5208817109375
0 0 0.534475296875 0.0209715140625 0.561632653125 0.06471301093750001 0.539319728125 0.0517198125 0.47064625781249997 0.04226403125 0.4329251703125 0.0274340984375 0.38673469374999997 0.005665390625 0.337414965625 0 0.33875676875 0 0.534475296875
0 1 0.5890181921875 0.9916517859375 0.5818707484375001 0.9290327375 0.5984013609375001 0.925461309375 0.6515986390624999 0.9274340984375 0.7180272109375 0.9893388609375 0.7159863953125 1 0.7140282265625 1 0.5890181921875
0 0 0.7176533187499999 0.05056334999999999 0.7159863953125 0.10056335000000001 0.7068027203125 0.07770620781250001 0.6031292515625 0.05287627499999999 0.5818707484375001 0 0.5958293968749999 0 0.7176533187499999
0 0.213148384375 0.7571428578125 0.1663796765625 0.7643537421875 0.1474681125 0.7277210890625 0.11910076562500001 0.7241836734375 0.076413690625 0.7193877546875 0.05998511875 0.795102040625 0.082876275 0.83095238125 0.075053146875 0.8877551015625 0.16165178593750001 0.8672108843749999 0.23253613906249998 0.7707482999999999 0.213148384375 0.7571428578125
0 0.9030123296875001 0.295680271875 0.8829102890625 0.2568027203125 0.900665390625 0.257993196875 0.9112776359374999 0.2638775515625 0.9632844390624999 0.28636054375 0.98576743125 0.2757142859375 0.98457695625 0.2733333328125 0.9609375 0.2343537421875 0.9290327375 0.22251700625 0.8970939625 0.21778911562499997 0.9046449828125 0.1666666671875 0.8344409015625001 0.1338775515625 0.795461309375 0.1290136046875 0.7670939625 0.14806122500000002 0.778896684375 0.2307823125 0.7913796765625001 0.2738095234375 0.8396789968749999 0.31224489843750003 0.875835459375 0.32537415 0.8923660718749999 0.3277210890625 0.9030123296875001 0.3205102046875 0.9030123296875001 0.295680271875