0 0.4596067171875 0.146836734375 0.5052189625 0.1222448984375 0.5562053578125 0.1072448984375 0.49742984687499997 0.0478571421875 0.4368176015625 0.0544557828125 0.40321215937500005 0.0784353734375 0.4068176015625 0.1222448984375 0.4596067171875 0.146836734375
0 0.596477465625 0.9629591843749999 0.6301509359375 0.9605442171874999 0.636069303125 0.9431632656250001 0.6294706624999999 0.8994217687500001 0.6110693031250001 0.9053401359375 0.5888244046875 0.9334693875 0.596477465625 0.9629591843749999
0 0.45549107187500004 0.8894557828125 0.47889243125 0.8918707484375 0.5022937921875 0.8816666671875 0.49868835 0.8540476187499999 0.4770897109375 0.8378571421875 0.45127338437500003 0.855272109375 0.45549107187500004 0.8894557828125
0 0.6366135203125001 0.30462585 0.64923256875 0.31003401406250003 0.657633928125 0.2974489796875 0.6510352890625 0.28363945625000003 0.6390284859375 0.28962585 0.6366135203125001 0.30462585
0 0.41814413281249996 0.54404761875 0.46423256874999996 0.5310204078125 0.48787202343749997 0.561632653125 0.5316135203125001 0.539319728125 0.5186203234375 0.47064625781249997 0.5091645406249999 0.4329251703125 0.49433460937499996 0.38673469374999997 0.4725659015625 0.337414965625 0.433790390625 0.3465986390625 0.41341624218749995 0.3856462578125 0.3755931125 0.3891836734375 0.363756378125 0.427006803125 0.3672937921875 0.46482993125 0.41814413281249996 0.54404761875
0 0.4555590984375 0.7180272109375 0.5174638609375 0.7159863953125 0.5674638609375 0.7068027203125 0.5446067171875 0.6031292515625 0.5197767859375 0.5818707484375001 0.45715773750000005 0.5984013609375001 0.453586309375 0.6515986390624999 0.4555590984375 0.7180272109375
0 0.5497767859375 0.83095238125 0.54195365625 0.8877551015625 0.6285522953125 0.8672108843749999 0.69943665 0.7707482999999999 0.6800488953125 0.7571428578125 0.6332801875 0.7643537421875 0.614368621875 0.7277210890625 0.586001275 0.7241836734375 0.5433142 0.7193877546875 0.5268856296875 0.795102040625 0.5497767859375 0.83095238125
0 0.367803996875 0.31224489843750003 0.403960459375 0.32537415 0.420491071875 0.3277210890625 0.43113732968749996 0.3205102046875 0.43113732968749996 0.295680271875 0.41103528906250003 0.2568027203125 0.428790390625 0.257993196875 0.4394026359375 0.2638775515625 0.4914094390625 0.28636054375 0.5138924312500001 0.2757142859375 0.51270195625 0.2733333328125 0.4890625 0.2343537421875 0.45715773750000005 0.22251700625 0.42521896249999996 0.21778911562499997 0.43276998281249995 0.1666666671875 0.3625659015625 0.1338775515625 0.323586309375 0.1290136046875 0.2952189625 0.14806122500000002 0.307021684375 0.2307823125 0.3195046765625 0.2738095234375 0.367803996875 0.31224489843750003
0 0 0.11550603125 0.0229060375 0.1222448984375 0.0685182828125 0.146836734375 0.1213073984375 0.1222448984375 0.12491284062500001 0.0784353734375 0.09130739843749999 0.0544557828125 0.030695153125000003 0.0478571421875 0 0.0788720359375 0 0.11550603125
0 1 0.0511807625 0.9694706625 0.0478571421875 0.9106951531249999 0.1072448984375 0.961681546875 0.1222448984375 1 0.1429042875 1 0.0511807625
0 0.837429846875 0.8994217687500001 0.8308312078125001 0.9431632656250001 0.836749575 0.9605442171874999 0.87042304375 0.9629591843749999 0.8780761046875 0.9334693875 0.8558312078125001 0.9053401359375 0.837429846875 0.8994217687500001
0 0.029436649999999998 0.8540476187499999 0.0258312078125 0.8816666671875 0.04923256875 0.8918707484375 0.072633928125 0.8894557828125 0.07685161562500001 0.855272109375 0.0510352890625 0.8378571421875 0.029436649999999998 0.8540476187499999
0 1 0.8447304890625 0.9898108000000001 0.8378571421875 0.968212159375 0.8540476187499999 0.9646067171875 0.8816666671875 0.9880080781249999 0.8918707484375 1 0.8906332109375 1 0.8447304890625
0 0.80926658125 0.2974489796875 0.8176679421875 0.31003401406250003 0.8302869890625001 0.30462585 0.8278720234374999 0.28962585 0.8158652203125 0.28363945625000003 0.80926658125 0.2974489796875
0 0 0.541099253125 0.0402529765625 0.561632653125 0.06389243125 0.5310204078125 0.1099808671875 0.54404761875 0.1608312078125 0.46482993125 0.164368621875 0.427006803125 0.1525318875 0.3891836734375 0.1147087578125 0.3856462578125 0.094334609375 0.3465986390625 0.055559098437499996 0.337414965625 0.033790390625 0.38673469374999997 0.018960459375 0.4329251703125 0.0095046765625 0.47064625781249997 0 0.5208817109375 0 0.541099253125
0 1 0.33875676875 0.994334609375 0.337414965625 0.9725659015625 0.38673469374999997 0.95773596875 0.4329251703125 0.9482801875 0.47064625781249997 0.9352869890625 0.539319728125 0.9790284859374999 0.561632653125 1 0.534475296875 1 0.33875676875
0 0 0.7140282265625 0.0106611390625 0.7159863953125 0.07256590156250001 0.7180272109375 0.074538690625 0.6515986390624999 0.07096726249999999 0.5984013609375001 0.008348214062500001 0.5818707484375001 0 0.5890181921875 0 0.7140282265625
0 1 0.5958293968749999 0.947123725 0.5818707484375001 0.9222937921875 0.6031292515625 0.89943665 0.7068027203125 0.94943665 0.7159863953125 1 0.7176533187499999 1 0.5958293968749999
0 0.8808992343750001 0.7241836734375 0.8525318875 0.7277210890625 0.8336203234375 0.7643537421875 0.7868516156250001 0.7571428578125 0.7674638609375 0.7707482999999999 0.8383482140625 0.8672108843749999 0.924946853125 0.8877551015625 0.9171237250000001 0.83095238125 0.94001488125 0.795102040625 0.923586309375 0.7193877546875 0.8808992343750001 0.7241836734375
0 0.2329060375 0.14806122500000002 0.20453869062500002 0.1290136046875 0.1655590984375 0.1338775515625 0.0953550171875 0.1666666671875 0.1029060375 0.21778911562499997 0.07096726249999999 0.22251700625 0.0390625 0.2343537421875 0.01542304375 0.2733333328125 0.014232568749999999 0.2757142859375 0.0367155609375 0.28636054375 0.0887223640625 0.2638775515625 0.09933460937500001 0.257993196875 0.11708971093750001 0.2568027203125 0.0969876703125 0.295680271875 0.0969876703125 0.3205102046875 0.10763392812499999 0.3277210890625 0.124164540625 0.32537415 0.160321003125 0.31224489843750003 0.2086203234375 0.2738095234375 0.22110331562500002 0.2307823125 0.2329060375 0.14806122500000002