0 0.2986315796875 0.28082236875 0.28700000000000003 0.2825592109375 0.2898947375 0.2907171046875 0.294526315625 0.29713815781249997 0.3032631578125 0.29945394687500004 0.30794736875 0.2977171046875 0.312 0.2942434203125 0.3148947375 0.288401315625 0.3096842109375 0.28198026249999997 0.2986315796875 0.28082236875
0 0.5 0.6125592109375 0.4901052625 0.6085065796875 0.4807894734375 0.615453946875 0.48252631562500004 0.6207171046875 0.4906842109375 0.6282960531249999 0.5005789468749999 0.6236118421875 0.5 0.6125592109375
0 0.4412105265625 0.5980328953125 0.43305263125 0.5887697375000001 0.4191052625 0.593348684375 0.40863157968749997 0.5997697375000001 0.41268421093749996 0.6131381578124999 0.429 0.6166644734375 0.43947368437499995 0.60792763125 0.4412105265625 0.5980328953125
0 0.74905263125 0.4135065796875 0.7421052625 0.4077171046875 0.73394736875 0.41645394687500004 0.7351052625000001 0.4280855265625 0.752 0.43682236874999997 0.74905263125 0.4135065796875
0 0.5837894734375 0.6940328953125 0.5763157890625 0.68582236875 0.564 0.693453946875 0.5678947375 0.7021381578125 0.5773684203125 0.7031907890625 0.5837894734375 0.6940328953125
0 0.101526315625 0.6115065796875 0.0952105265625 0.6151907890625 0.0962631578125 0.6262434203125 0.10994736875 0.628348684375 0.1231052625 0.6267697375 0.122578946875 0.6146644734375 0.110473684375 0.608348684375 0.101526315625 0.6115065796875
0 0.0662631578125 0.71782236875 0.0557368421875 0.7167697375000001 0.0457368421875 0.728348684375 0.051000000000000004 0.739401315625 0.0636315796875 0.7399276312499999 0.0688947375 0.7315065796875 0.0662631578125 0.71782236875
0 0.346421053125 0.6956118421874999 0.33694736875000003 0.6956118421874999 0.3311578953125 0.7040328953125 0.3337894734375 0.7129802625 0.34115789531249996 0.7182434203125 0.35063157968750003 0.7050855265625 0.346421053125 0.6956118421874999
0 0.9644736843749999 0.6520855265625001 0.9486842109375001 0.6515592109375 0.945526315625 0.6626118421875 0.9492105265624999 0.6715592109374999 0.9623684203125 0.6715592109374999 0.975526315625 0.6647171046875 0.9644736843749999 0.6520855265625001
0 0.312 0.0995065796875 0.30794736875 0.0960328953125 0.3032631578125 0.094296053125 0.294526315625 0.09661184218749999 0.2898947375 0.1030328953125 0.28700000000000003 0.11119078906249999 0.2986315796875 0.11292763125000001 0.3096842109375 0.11176973750000001 0.3148947375 0.105348684375 0.312 0.0995065796875
0 0.48252631562500004 0.9835592109375 0.4807894734375 0.98882236875 0.4901052625 0.9957697375000001 0.5 0.9917171046875 0.5005789468749999 0.9806644734375001 0.4906842109375 0.9759802625 0.48252631562500004 0.9835592109375
0 0.44011460625 1 0.43947368437499995 0.9963486843749999 0.429 0.9876118421875001 0.41268421093749996 0.9911381578125 0.40999774687499996 1 0.44011460625 1
0 0.564 0.9108223687500001 0.5763157890625 0.9184539468749999 0.5837894734375 0.9102434203125 0.5773684203125 0.9010855265625001 0.5678947375 0.9021381578125001 0.564 0.9108223687500001
0 0.1231052625 0.9775065796875 0.10994736875 0.97592763125 0.0962631578125 0.9780328953125 0.0952105265625 0.9890855265624999 0.101526315625 0.9927697375 0.110473684375 0.9959276312500001 0.122578946875 0.9896118421875 0.1231052625 0.9775065796875
0 0.051000000000000004 0.864875 0.0457368421875 0.8759276312500001 0.0557368421875 0.8875065796875001 0.0662631578125 0.8864539468749999 0.0688947375 0.8727697375 0.0636315796875 0.8643486843750001 0.051000000000000004 0.864875
0 0.3337894734375 0.891296053125 0.3311578953125 0.9002434203125 0.33694736875000003 0.9086644734375 0.346421053125 0.9086644734375 0.35063157968750003 0.8991907890625 0.34115789531249996 0.8860328953125001 0.3337894734375 0.891296053125
0 0.9492105265624999 0.9327171046875 0.945526315625 0.9416644734374999 0.9486842109375001 0.9527171046875 0.9644736843749999 0.9521907890625 0.975526315625 0.9395592109375001 0.9623684203125 0.9327171046875 0.9492105265624999 0.9327171046875