0 0.394350784375 0.610369003125 0.3830223703125 0.6088560890625 0.378483625 0.61944649375 0.3860482015625 0.6262361624999999 0.394350784375 0.6209594093749999 0.394350784375 0.610369003125
0 0.3520260609375 0.71317343125 0.3777087171875 0.7177121765625001 0.3973766140625 0.7116605171875 0.4011404515625 0.69501845 0.394350784375 0.6632841328125 0.3777087171875 0.65191881875 0.36110355156249996 0.649667896875 0.34523639375 0.6647970484375 0.34523639375 0.6957933578125 0.3520260609375 0.71317343125
0 0.4329116703125 0.48188191874999997 0.43667550781250003 0.4735424359375 0.44121425312499996 0.46900369062499997 0.4298858390625 0.458450184375 0.41929543281250004 0.46597785937499997 0.41778251875 0.4735424359375 0.4329116703125 0.48188191874999997
0 0.24091904999999997 0.9452029515625 0.25604820156249997 0.9338745390625001 0.2492216328125 0.920258303125 0.23335447343750002 0.91498155 0.22276406875000002 0.9195202953124999 0.2220260609375 0.9338745390625001 0.228815728125 0.945977859375 0.24091904999999997 0.9452029515625
0 0.33464598749999996 0.9066789671875 0.321804659375 0.8817343171875001 0.30364967656249997 0.8779335796875 0.2975980171875 0.89306273125 0.30745041562500003 0.91498155 0.3285943265625 0.91498155 0.33464598749999996 0.9066789671875
0 0.5342031828125 0.3563837640625 0.57652790625 0.35110701093749996 0.581804659375 0.337490775 0.5750149906249999 0.3185977859375 0.5402179421875 0.3042435421875 0.50774561875 0.306494465625 0.4948673890625 0.32313653124999997 0.5039448796875 0.34808118125 0.5342031828125 0.3563837640625
0 0.517561115625 0.47808118125 0.5288895296875 0.48564575625 0.5372290125 0.47734317343750005 0.5432437734375 0.46523985312500005 0.5432437734375 0.44107011093750004 0.528151521875 0.429704796875 0.5122843640625 0.43273062656250005 0.509996540625 0.4637269375 0.517561115625 0.47808118125
0 0.4275980171875 0.32542435468750003 0.4245721859375 0.3148339484375 0.4147566875 0.312546125 0.408705028125 0.320885609375 0.412505765625 0.3291881921875 0.423096171875 0.328413284375 0.4275980171875 0.32542435468750003
0 0.3459744 0.4448339484375 0.36412938125 0.4470848703125 0.37091905000000003 0.43121771249999996 0.35959063593749996 0.40929889375000006 0.339922740625 0.397195571875 0.3285943265625 0.397195571875 0.3248304890625 0.407785978125 0.33088215 0.429704796875 0.3459744 0.4448339484375
0 0.08778251875000001 0.9452029515625 0.09988583906250001 0.945977859375 0.10667550781249999 0.9338745390625001 0.10593749999999999 0.9195202953124999 0.09534709375 0.91498155 0.0794799359375 0.920258303125 0.0726533671875 0.9338745390625001 0.08778251875000001 0.9452029515625
0 0 0.9148344187499999 0.0001072421875 0.91498155 0.021251153124999998 0.91498155 0.031103551562499998 0.89306273125 0.025051890625 0.8779335796875 0.006896909375 0.8817343171875001 0 0.8951317624999999 0 0.9148344187499999