0 0.3659447 0.11280241875000001 0.35930875625 0.0969038015625 0.32543778749999996 0.0989314515625 0.31419354843749997 0.118793203125 0.3274654375 0.13141993125 0.3552995390625 0.13141993125 0.3659447 0.11280241875000001
0 0.6288479265625 0.811327765625 0.6140092171875 0.7526180874999999 0.596958525 0.7557978109375 0.5797695859374999 0.7590236171875 0.566958525 0.7643231562499999 0.5606451609375 0.80280241875 0.596958525 0.8102678578125 0.6288479265625 0.811327765625
0 0.198709678125 0.751512096875 0.183640553125 0.7216503453125 0.1815207375 0.7056134796875 0.11000000000000001 0.7387010375 0.1110599078125 0.7707286859375 0.1858064515625 0.7718346781250001 0.198709678125 0.751512096875
0 0.6395391703125 0.5828485015625 0.6843778796875 0.58496831875 0.6843778796875 0.5358899765625 0.6364516124999999 0.5465351375 0.6395391703125 0.5828485015625
0 0.8115207375000001 0.2956595625 0.7986175109375 0.32128168125 0.8093087562499999 0.3586549546875 0.8584331796875 0.35759504531249997 0.8584331796875 0.2934936640625 0.8115207375000001 0.2956595625
0 0.7516589859375 0.1771342171875 0.7025345625 0.2006365203125 0.7206912437499999 0.255060484375 0.7964976953125 0.25294066875 0.7762211984375 0.2081019578125 0.7516589859375 0.1771342171875
0 0.8498617515625 0.8941849078124999 0.8411059906249999 0.919668778125 0.8649769578125 0.9419268437499999 0.88170506875 0.925244815625 0.8785253453124999 0.9021111749999999 0.8498617515625 0.8941849078124999
0 0.194331796875 0.4048761515625 0.183317971875 0.41962269531249996 0.1929953921875 0.433908409375 0.20953917031249997 0.430682603125 0.2100460828125 0.41178859375 0.194331796875 0.4048761515625
0 0.2247926265625 0.38736463125 0.21603686562500002 0.396581221875 0.22336405468749998 0.4173185484375 0.24 0.40948444687499996 0.2386175109375 0.394737903125 0.2247926265625 0.38736463125
0 0.225668203125 0.4311434328125 0.21096774218749997 0.43160426249999995 0.20953917031249997 0.448194125 0.22248847968750002 0.4541849078125 0.23677419375 0.4532632484375 0.237188940625 0.4394383640625 0.225668203125 0.4311434328125
0 0.1699539171875 0.4385167046875 0.1616589859375 0.4279176265625 0.1482488484375 0.42976094531250003 0.14552995468750002 0.4426641703125 0.155161290625 0.45141993124999996 0.1625806453125 0.452341590625 0.1699539171875 0.4385167046875
0 0.879094228125 1 0.88170506875 0.981005184375 0.8649769578125 0.9643231562500001 0.8411059906249999 0.986581221875 0.845716421875 1 0.879094228125 1