0 0.097831325 0.661852409375 0.14337349375 0.664081325 0.1180722890625 0.6038403609375 0.1037349390625 0.6169728921875001 0.097831325 0.661852409375
0 0.2337349390625 0.5354066265624999 0.27867469843750003 0.548418675 0.292831325 0.4892620484375 0.244397590625 0.49637048124999994 0.2337349390625 0.5354066265624999
0 0.8157831328125 0.4525753015625 0.8601807234375001 0.3708885546875 0.8601807234375001 0.3104066265625 0.779518071875 0.30637048125 0.72 0.351731928125 0.7331325296875 0.4808283125 0.8157831328125 0.4525753015625
0 0.7240361453124999 0.2670331328125 0.681686746875 0.2287198796875 0.6353012046875001 0.27004518125 0.6725903609375 0.3587801203125 0.7180120484375 0.3265512046875 0.7240361453124999 0.2670331328125
0 0.77445783125 0.6310692765625 0.7583132531250001 0.7410090359375 0.8722891562499999 0.7823343375 0.972108434375 0.744021084375 0.99933735 0.6472138546874999 0.9700602406250001 0.5766114453125 0.8914457828125 0.5665512046875001 0.80771084375 0.57462349375 0.77445783125 0.6310692765625
0 0 0.70612951875 0.016144578125 0.7258885546875 0.0353012046875 0.6915512046875001 0.030240964062499997 0.66637048125 0.006024096875 0.6744427703125 0 0.69637048125 0 0.70612951875
0 0.221566265625 0.5842018078125 0.22993975937500002 0.6287801203125001 0.28114457812500004 0.6095030125 0.25771084375000003 0.5709487953125 0.221566265625 0.5842018078125
0 0.2703614453125 0.8060692765624999 0.3313253015625 0.81287650625 0.3391566265625 0.7725150609375 0.26566265 0.7776957828125 0.2703614453125 0.8060692765624999
0 0.1309036140625 0.48691265 0.1789156625 0.48215361406249996 0.1759036140625 0.44781626562500004 0.14156626562500002 0.43938252968749997 0.1309036140625 0.48691265
0 0.3397590359375 0.27070783125000003 0.26024096406249997 0.29902108437499997 0.2475903609375 0.364081325 0.35662650625 0.43697289218749996 0.40060240937499997 0.34058735 0.3397590359375 0.27070783125000003
0 0.6440285890624999 0 0.6353012046875001 0.020768071875 0.681686746875 0.0620933734375 0.7240361453124999 0.0237801203125 0.72162925 0 0.6440285890624999 0
0 0.9809743515625 1 0.972108434375 0.968478915625 0.8722891562499999 0.9301656625 0.7583132531250001 0.9714909640625 0.7624997859375 1 0.9809743515625 1
0 0.3313253015625 0.8996234937500001 0.2703614453125 0.9064307234375001 0.26566265 0.9348042171875001 0.3391566265625 0.9399849390625 0.3313253015625 0.8996234937500001