0 0.8332142859375 0.82864158125 0.8183673468749999 0.8395599484374999 0.8173979593749999 0.8633354593749999 0.848061225 0.8613456625 0.8332142859375 0.82864158125
0 0.47663265312499997 0.6513456625 0.48551020468750006 0.746396684375 0.542959184375 0.8008864796875 0.6034183671875 0.8107844390625001 0.6925510203125 0.8019068875 0.7044387750000001 0.6909375 0.6370918375 0.5899170921875 0.494438775 0.6077232140625 0.47663265312499997 0.6513456625
0 0.7777551015624999 0.680070153125 0.7618877546875 0.6642028062499999 0.7480102046875 0.6760905609375001 0.7480102046875 0.6919579078125 0.76882653125 0.6978762749999999 0.7777551015624999 0.680070153125
0 0.7420918375000001 0.5106823984375 0.7530102046875 0.5067028062500001 0.7530102046875 0.48588647968750004 0.7302040812499999 0.47996811250000004 0.72326530625 0.497774234375 0.7252551015625001 0.5017538265625 0.7420918375000001 0.5106823984375
0 0.261632653125 0.30461096875 0.2755102046875 0.3343558671875 0.36173469375 0.35609056093749997 0.41224489843749995 0.30461096875 0.40331632656250005 0.254100765625 0.32010204062500003 0.2471619890625 0.2755102046875 0.2709375 0.261632653125 0.30461096875
0 0.49132653125000003 0.321396684375 0.504336734375 0.3125191328125 0.504336734375 0.29966198906249997 0.496428571875 0.29374362187499997 0.47663265312499997 0.30364158125 0.4815816328125 0.316498725 0.49132653125000003 0.321396684375
0 0.6472448984375 0.476498725 0.6404081625 0.462774234375 0.622602040625 0.46619260156250003 0.6209183671875 0.4833864796875 0.6335204078125 0.48910076562500004 0.6472448984375 0.476498725
0 0.474132653125 0.48568239843749994 0.45969387812500007 0.488743621875 0.4649489796875 0.5120599484375 0.48219387812500003 0.49772321406250003 0.474132653125 0.48568239843749994
0 0.826632653125 0.1659885203125 0.8409183671875 0.16649872500000001 0.8475510203125 0.15476403125 0.8404081624999999 0.1445599484375 0.8271428578125001 0.14353954062500002 0.8235714281250001 0.15323341875000002 0.826632653125 0.1659885203125
0 0.8183673468749999 0.9573150515625001 0.8332142859375 0.96823341875 0.848061225 0.9355293375 0.8173979593749999 0.9335395406250001 0.8183673468749999 0.9573150515625001
0 0.8235714281250001 0.051804846875 0.8271428578125001 0.061498725 0.8404081624999999 0.060478315625 0.8475510203125 0.050274234375000004 0.8409183671875 0.038539540625 0.826632653125 0.0390497453125 0.8235714281250001 0.051804846875