0 0.60105235 0.9059188031250001 0.6105181625 0.8881623937500001 0.584471153125 0.8822435890625 0.56432158125 0.8845940171875 0.55128739375 0.9 0.574983975 0.9165811968750001 0.60105235 0.9059188031250001
0 0.5560309828125 0.6145299140625 0.540625 0.5967521375 0.49680021406249997 0.609786325 0.4814155984375 0.6417735046875 0.501543803125 0.673760684375 0.5276121796875 0.65598290625 0.5560309828125 0.6145299140625
0 0.56432158125 0.1809615390625 0.5382745718749999 0.12055555625 0.4897702984375 0.08974358906249999 0.43639423125 0.0956837609375 0.4269070515625 0.14305555625 0.4446848296875 0.19162393125 0.5003685890625 0.21651709375 0.56432158125 0.1809615390625
0 0.5891933765624999 0.5706837609375001 0.5891933765624999 0.55292735 0.57618055625 0.55055555625 0.5678685890625 0.558846153125 0.5726121796875 0.5695085468750001 0.5891933765624999 0.5706837609375001
0 0.76692841875 0.8845940171875 0.7467788468750001 0.8822435890625 0.7207318375 0.8881623937500001 0.73019765 0.9059188031250001 0.7562660250000001 0.9165811968750001 0.77996260625 0.9 0.76692841875 0.8845940171875
0 0.10453525625 0.8845940171875 0.084385684375 0.8822435890625 0.05833867499999999 0.8881623937500001 0.0678044875 0.9059188031250001 0.0938728625 0.9165811968750001 0.11756944375 0.9 0.10453525625 0.8845940171875
0 0.8498344015624999 0.6417735046875 0.8344497859375 0.609786325 0.790625 0.5967521375 0.7752190171875 0.6145299140625 0.8036378203125001 0.65598290625 0.829706196875 0.673760684375 0.8498344015624999 0.6417735046875
0 0.18744123906250001 0.6417735046875 0.1720566234375 0.609786325 0.1282318375 0.5967521375 0.11282585468749999 0.6145299140625 0.1412446578125 0.65598290625 0.167313034375 0.673760684375 0.18744123906250001 0.6417735046875
0 0.9043429484375001 0.14305555625 0.89485576875 0.0956837609375 0.8414797015625 0.08974358906249999 0.792975428125 0.12055555625 0.76692841875 0.1809615390625 0.8308814109375 0.21651709375 0.8865651703124999 0.19162393125 0.9043429484375001 0.14305555625
0 0.2419497859375 0.14305555625 0.23246260625 0.0956837609375 0.1790865390625 0.08974358906249999 0.130582265625 0.12055555625 0.10453525625 0.1809615390625 0.16848824843750002 0.21651709375 0.22417200781250002 0.19162393125 0.2419497859375 0.14305555625
0 0.75506944375 0.55055555625 0.7420566234375 0.55292735 0.7420566234375 0.5706837609375001 0.7586378203125 0.5695085468750001 0.7633814109375 0.558846153125 0.75506944375 0.55055555625
0 0.0926762828125 0.55055555625 0.0796634609375 0.55292735 0.0796634609375 0.5706837609375001 0.0962446578125 0.5695085468750001 0.10098824843750001 0.558846153125 0.0926762828125 0.55055555625