0 0.5079687500000001 0.4566145828125 0.4678645828125 0.41041666718750003 0.40729166718750004 0.42765624999999996 0.41614583281249995 0.5026041671875 0.496875 0.51109375 0.5079687500000001 0.4566145828125
0 0.3222916671875 0.44718749999999996 0.2864583328125 0.45125000000000004 0.2925520828125 0.48515625 0.3222916671875 0.4790104171875 0.3222916671875 0.44718749999999996
0 0.86796875 0.4401041671875 0.8430729171875001 0.3945833328125 0.77546875 0.4055729171875 0.79484375 0.47041666718749997 0.8514062499999999 0.4766145828125 0.86796875 0.4401041671875
0 0.40729166718750004 0.30046875 0.4678645828125 0.3177083328125 0.5079687500000001 0.2715104171875 0.496875 0.21703125 0.41614583281249995 0.22552083281250002 0.40729166718750004 0.30046875
0 0.40729166718750004 0.8421354171875001 0.4678645828125 0.859375 0.5079687500000001 0.8131770828124999 0.496875 0.7586979171875 0.41614583281249995 0.7671875 0.40729166718750004 0.8421354171875001
0 0.5076187562500001 1 0.5079687500000001 0.99828125 0.4678645828125 0.9520833328125 0.40729166718750004 0.9693229171875 0.41091578437500004 1 0.5076187562500001 1
0 0.2864583328125 0.276875 0.3222916671875 0.2809375 0.3222916671875 0.2491145828125 0.2925520828125 0.24296875 0.2864583328125 0.276875
0 0.2864583328125 0.8185416671875 0.3222916671875 0.8226041671875001 0.3222916671875 0.79078125 0.2925520828125 0.7846354171875001 0.2864583328125 0.8185416671875
0 0.3222916671875 1 0.3222916671875 0.9888541671875 0.2864583328125 0.9929166671875 0.2877313734375 1 0.3222916671875 1
0 0.77546875 0.32255208281250003 0.8430729171875001 0.3335416671875 0.86796875 0.2880208328125 0.8514062499999999 0.2515104171875 0.79484375 0.2577083328125 0.77546875 0.32255208281250003
0 0.77546875 0.86421875 0.8430729171875001 0.8752083328125 0.86796875 0.8296875 0.8514062499999999 0.7931770828125 0.79484375 0.7993750000000001 0.77546875 0.86421875
0 0.8596993140625001 1 0.86796875 0.9817708328125001 0.8430729171875001 0.93625 0.77546875 0.9472395828125 0.7912333078125 1 0.8596993140625001 1