0 0.0560628015625 0.5382231281250001 0.0382608703125 0.5539236109375001 0.043502415625 0.5759042875 0.0529227046875 0.5874260265625 0.07072463749999999 0.5863873796875 0.0916666671875 0.5539236109375001 0.08432367187499999 0.53508303125 0.0560628015625 0.5382231281250001
0 0.22253623125000002 0.3581023546875 0.23719806718749997 0.3769670890625 0.2560628015625 0.3769670890625 0.26128019375 0.34764341718749997 0.25082125624999996 0.3277400359375 0.230917875 0.32984148593749996 0.22253623125000002 0.3581023546875
0 0.28746376875 0.24083182343749998 0.2906038640625 0.265952596875 0.30736715000000003 0.27225694375 0.3251690828125 0.257595109375 0.314685990625 0.2366530796875 0.30316425156250004 0.23245018125 0.28746376875 0.24083182343749998
0 0.5534299515625001 0.51517965 0.560772946875 0.5497207125 0.59845410625 0.546580615625 0.6068357484375 0.5036579109375 0.59009661875 0.4743342390625 0.5733333328125 0.4806144328125 0.5534299515625001 0.51517965
0 0.6707246375 0.5905661234374999 0.68746376875 0.605227959375 0.7167874390625 0.5937062203125001 0.7199275359375 0.5780057359375 0.7063285031250001 0.5549622578125 0.6665217390625 0.56544535 0.6707246375 0.5905661234374999
0 0.8937439609375 0.736121678125 0.906328503125 0.762305253125 0.93772946875 0.7706627421875 0.9576328500000001 0.7560250609375 0.940869565625 0.7141410031250001 0.9157487921874999 0.7078366546875 0.8937439609375 0.736121678125
0 0.043502415625 0.623029890625 0.041400965625 0.59790911875 0.026739129687500002 0.5926675718750001 0.0183574875 0.601049215625 0.026739129687500002 0.6240685390625 0.043502415625 0.623029890625
0 0.23719806718749997 0.0386579109375 0.22253623125000002 0.057522645312499995 0.230917875 0.0857835140625 0.25082125624999996 0.0878849640625 0.26128019375 0.0679815828125 0.2560628015625 0.0386579109375 0.23719806718749997 0.0386579109375
0 0.2906038640625 0.14967240312500002 0.28746376875 0.17479317656249999 0.30316425156250004 0.18317481875 0.314685990625 0.1789719203125 0.3251690828125 0.158029890625 0.30736715000000003 0.14336805625 0.2906038640625 0.14967240312500002
0 0.7195534421875001 1 0.7167874390625 0.9861699875 0.68746376875 0.9746482484375001 0.6707246375 0.989310084375 0.6689361328125 1 0.7195534421875001 1
0 0.906328503125 0.8175709546875 0.8937439609375 0.8437545296875 0.9157487921874999 0.872039553125 0.940869565625 0.8657352046875 0.9576328500000001 0.8238511468749999 0.93772946875 0.809213465625 0.906328503125 0.8175709546875
0 0.026739129687500002 0.95580766875 0.0183574875 0.9788269921874999 0.026739129687500002 0.9872086359375001 0.041400965625 0.9819670890625 0.043502415625 0.9568463171875001 0.026739129687500002 0.95580766875