0 0.191620415625 0.494903475 0.17135014531249998 0.48003860937500004 0.1442845078125 0.5206177609375 0.159149371875 0.5639382234375 0.1970258203125 0.5355212359375 0.191620415625 0.494903475
0 0.2619679046875 0.975250965625 0.2836281375 0.9508880312500001 0.253859796875 0.9035521234375 0.2362922296875 0.887297296875 0.213280646875 0.9076061781250001 0.21868605156249998 0.9590347484375 0.2619679046875 0.975250965625
0 0.667682190625 0.6653667953125 0.667682190625 0.7023552125 0.7275663609375 0.6829729734375001 0.7398829640625 0.6424324328125001 0.7434350875 0.6160231656249999 0.714361728125 0.5772586875 0.6791107625 0.622200771875 0.667682190625 0.6653667953125
0 0.4791879828125 0.7437451734375 0.47567446875 0.770154440625 0.5258675187499999 0.7728185328125 0.5575663609375 0.7481467187499999 0.5566783296875 0.7173359078125 0.5302690640625001 0.7040926640625 0.4906165546875 0.719961390625 0.4791879828125 0.7437451734375
0 0.7923926156250001 0.3731660234375 0.7720837359375 0.36096525156250003 0.74636945 0.3799227796875 0.7747864375 0.42050193125 0.7964466703124999 0.39343629375 0.7923926156250001 0.3731660234375
0 0.6097285234375 0.6315830109375 0.6043231171875 0.6139768343750001 0.5799601828125 0.6166795359374999 0.5799601828125 0.6518918921875 0.6029717671875 0.6437451734375 0.6097285234375 0.6315830109375
0 0.2647864375 0.7289575296875 0.29447755781249996 0.74930501875 0.31069377343750004 0.730347490625 0.2890335421875 0.7235907328125 0.2647864375 0.7289575296875
0 0.60567446875 0.14177606250000002 0.601620415625 0.0876447875 0.5461377890625 0.090347490625 0.5312343140625 0.1282625484375 0.5677594109374999 0.1566409265625 0.60567446875 0.14177606250000002
0 0.23494087812500003 0.3149806953125 0.23084821406249997 0.2811583015625 0.1943231171875 0.296023165625 0.186215009375 0.335250965625 0.21868605156249998 0.34474903437500004 0.23494087812500003 0.3149806953125
0 0.0560991796875 0.5355212359375 0.093975628125 0.5639382234375 0.1088404921875 0.5206177609375 0.0817748546875 0.48003860937500004 0.061504584375000004 0.494903475 0.0560991796875 0.5355212359375
0 0 0.971937834375 0.0344389484375 0.9590347484375 0.039844353124999995 0.9076061781250001 0.016832770312500002 0.887297296875 0 0.902872234375 0 0.971937834375
0 0.9470258203125 0.39343629375 0.9686860515625 0.42050193125 0.997103040625 0.3799227796875 0.9713887546875 0.36096525156250003 0.9510798749999999 0.3731660234375 0.9470258203125 0.39343629375
0 0.0344389484375 0.34474903437500004 0.066909990625 0.335250965625 0.0588018828125 0.296023165625 0.022276785937499998 0.2811583015625 0.018184121875 0.3149806953125 0.0344389484375 0.34474903437500004