0 0.8703125 0.297869821875 0.8549278843750001 0.28005917187499996 0.8327385359375 0.2825739640625 0.8035669375 0.32316568125 0.8118213750000001 0.34727810625 0.8416142750000001 0.34662721875 0.8663480031249999 0.325059171875 0.8703125 0.301301775 0.8703125 0.297869821875
0 0.8703125 0.5303846156249999 0.84543084375 0.52227810625 0.8416142750000001 0.5787278109375 0.8619101328125 0.5882248515625 0.86889238125 0.57618343125 0.8703125 0.5538757390625 0.8703125 0.5303846156249999
0 0.49676220468750004 0.8557988171875 0.499395340625 0.8378402359375 0.476140903125 0.8383431953124999 0.4666438609375 0.8552662718749999 0.4825018484375 0.862130178125 0.49676220468750004 0.8557988171875
0 0.2170876484375 0.054289940625 0.219276996875 0.0406213015625 0.20344859531249998 0.037544378125 0.1985965234375 0.0406213015625 0.1981527359375 0.056035503125 0.20827107968749997 0.0591124265625 0.2170876484375 0.054289940625
0 0.5669693046875001 0.4086686390625 0.60193971875 0.3885502953125 0.5932119078125 0.3299704140625 0.5661113171875 0.31511834375 0.5057858734375 0.31511834375 0.5057858734375 0.358846153125 0.5180048078125 0.41917159687499994 0.5669693046875001 0.4086686390625
0 0.6797503703125 0.79597633125 0.6981231515624999 0.7889940828124999 0.6867622046874999 0.75662721875 0.6657562875 0.7408875734375 0.6500166421875 0.775 0.6797503703125 0.79597633125
0 0.4272947484375 0.24446745625 0.417768121875 0.220384615625 0.40256102031249996 0.19881656875 0.387324334375 0.2184615390625 0.39303439375 0.2476331359375 0.4114367609375 0.254615384375 0.4272947484375 0.24446745625
0 0.381614275 0.6160650890625 0.387324334375 0.5805621296875 0.372117234375 0.5748520703125 0.36259060625 0.5862721890625 0.3600758140625 0.6084615390625 0.368951553125 0.6274852078125 0.381614275 0.6160650890625
0 0.1608746296875 0.76292899375 0.1659633875 0.7483431953124999 0.14439534062499998 0.743905325 0.1380639796875 0.7521597640625 0.1437740390625 0.7648224859375 0.1608746296875 0.76292899375
0 0.8422651625 0.49946745625 0.839720784375 0.46837278125 0.8245136828125 0.44934911250000004 0.7972355765625 0.4594970421875 0.778833209375 0.4880473375 0.7832710796875 0.5355917156250001 0.8162592453125 0.5349704140625 0.8422651625 0.49946745625
0 0.8990107249999999 0.34662721875 0.9288036249999999 0.34727810625 0.9370580625 0.32316568125 0.9078864640625 0.2825739640625 0.885697115625 0.28005917187499996 0.8703125 0.297869821875 0.8703125 0.301301775 0.874276996875 0.325059171875 0.8990107249999999 0.34662721875
0 0.8787148671875 0.5882248515625 0.8990107249999999 0.5787278109375 0.89519415625 0.52227810625 0.8703125 0.5303846156249999 0.8703125 0.5538757390625 0.87173261875 0.57618343125 0.8787148671875 0.5882248515625
0 0.06273853593749999 0.0406213015625 0.0578864640625 0.037544378125 0.0420580625 0.0406213015625 0.044247410937499995 0.054289940625 0.0530639796875 0.0591124265625 0.063182321875 0.056035503125 0.06273853593749999 0.0406213015625
0 0.11693971875 0.743905325 0.095371671875 0.7483431953124999 0.10046042968749999 0.76292899375 0.1175610203125 0.7648224859375 0.1232710796875 0.7521597640625 0.11693971875 0.743905325
0 0.961791790625 0.4880473375 0.9433894234375 0.4594970421875 0.9161113171874999 0.44934911250000004 0.900904215625 0.46837278125 0.8983598374999999 0.49946745625 0.9243657546874999 0.5349704140625 0.9573539203125 0.5355917156250001 0.961791790625 0.4880473375