0 0.3066388578125 1 0.3066388578125 0.991628959375 0.2977700796875 0.9791855203125 0.27021351875 0.9756108593749999 0.25071125625 0.9818552031250001 0.23686510156249999 1 0.3066388578125 1
0 0.47894655 0.9924886875000001 0.51894655 0.932986425 0.47894655 0.9320814484375 0.4230189484375 0.959638009375 0.408810803125 0.9898190046875 0.4372270921875 0.9951583703125 0.47894655 0.9924886875000001
0 0.438086821875 0.8264253390625 0.46473840468749994 0.7864253390625 0.4514352375 0.7660180999999999 0.4221139703125 0.7677828046874999 0.418584559375 0.800633484375 0.438086821875 0.8264253390625
0 0.30487415156250003 0.615022625 0.31197822343750004 0.5999095015625 0.291570984375 0.5847963796875 0.2799872734375 0.599004525 0.287091346875 0.612352940625 0.30487415156250003 0.615022625
0 0.47718184375000006 0.082986425 0.4931546953125 0.0403167421875 0.468313065625 0.02076923125 0.44256645937499994 0.0314479640625 0.4407565046875 0.07764705937500001 0.47718184375000006 0.082986425
0 0.5901230203125001 0.2363348421875 0.5943764140625001 0.200633484375 0.5646026578125001 0.19891402656249998 0.5509827484375001 0.2346606328125 0.5901230203125001 0.2363348421875
0 0.412340215625 0.9249773749999999 0.4194442875 0.8708144796875 0.391932975 0.877013575 0.35903704687500004 0.8867873296875001 0.34926329218749996 0.9116742078125 0.3626117078125 0.9365610859375 0.412340215625 0.9249773749999999
0 0.43107324687500004 0.7040723984375 0.4378605765625 0.6845248875000001 0.4081320703125 0.6870588234375 0.41152573593749997 0.69475113125 0.43107324687500004 0.7040723984375
0 0.3494442875 0.7567873296875 0.348584559375 0.7279185515625 0.3137429296875 0.7279185515625 0.3094895359375 0.75425339375 0.3494442875 0.7567873296875
0 0.547589084375 0.399638009375 0.5501230203125 0.378371040625 0.509308540625 0.380904978125 0.5076343328124999 0.416651584375 0.547589084375 0.399638009375
0 0.49849406093750004 0.6043438906249999 0.5065031109375 0.582126696875 0.49496465 0.5705882359375 0.4834261875 0.575022625 0.48161623281250004 0.5928054296874999 0.49849406093750004 0.6043438906249999
0 0.6054171375 0.95325791875 0.623290440625 0.9430769234374999 0.613923925 0.87927601875 0.5892632921875001 0.85122171875 0.545055146875 0.8733031671875 0.539082296875 0.9124434390625 0.5637429296875001 0.9303167421874999 0.5765031109375001 0.95923076875 0.6054171375 0.95325791875
0 0.8582225671874999 0.6008144796875 0.855552884375 0.5679185515625 0.8528832015625 0.5537104078125 0.837815328125 0.558144796875 0.8182678171875001 0.5874660640625 0.8236071828125 0.6176923078125001 0.8449194 0.6336651578125 0.8600325218749999 0.6300904984375 0.8582225671874999 0.6008144796875
0 0.046095870312499995 1 0.0322497171875 0.9818552031250001 0.012747454687500001 0.9756108593749999 0 0.9772644703125 0 1 0.046095870312499995 1
0 0.8982678171874999 0.6176923078125001 0.9036071828125 0.5874660640625 0.884059671875 0.558144796875 0.8689917984375001 0.5537104078125 0.8663221156249999 0.5679185515625 0.8636524328125 0.6008144796875 0.861842478125 0.6300904984375 0.8769556 0.6336651578125 0.8982678171874999 0.6176923078125001