0 0.5008625 0.2446 0.46671250000000003 0.24825 0.4521125 0.2763 0.4594125 0.30315 0.47526250000000003 0.31779999999999997 0.49601249999999997 0.319 0.5179625 0.3117 0.5228625 0.2763 0.5179625 0.2519 0.5008625 0.2446
0 0.30696249999999997 0.752 0.29231250000000003 0.7496 0.2910625 0.7618 0.29231250000000003 0.76665 0.3020625 0.7691 0.3081625 0.76545 0.30696249999999997 0.752
0 0.4899125 0.6776 0.4789125 0.67885 0.47406249999999994 0.6898 0.48016249999999994 0.70565 0.49236250000000004 0.7081000000000001 0.49601249999999997 0.6898 0.4899125 0.6776
0 0.5483625 0.75065 0.5389125 0.75065 0.5377625 0.7606499999999999 0.5412625 0.76655 0.5501125 0.7676999999999999 0.5548124999999999 0.76535 0.5583625 0.7589 0.5560125 0.7518 0.5483625 0.75065
0 0.4877625 0.8359500000000001 0.4789125 0.8318 0.4707125 0.8406499999999999 0.47126250000000003 0.8523999999999999 0.47951249999999995 0.8635999999999999 0.49716250000000006 0.86065 0.49716250000000006 0.8471 0.4877625 0.8359500000000001
0 0.3195125 0.8618 0.3083625 0.85655 0.3012625 0.8676999999999999 0.3060125 0.8789 0.3154125 0.8759499999999999 0.3195125 0.8618
0 0.2718625 0.7676999999999999 0.2601125 0.7624 0.2554125 0.7724 0.25656249999999997 0.7783 0.2677625 0.7824 0.2724625 0.7736 0.2718625 0.7676999999999999
0 0.6077625 0.7901 0.6007625 0.7881 0.5932625 0.7910999999999999 0.5917625 0.8006 0.5962625 0.8076000000000001 0.6027625 0.8106 0.6107625 0.8070999999999999 0.6102624999999999 0.7996000000000001 0.6077625 0.7901
0 0.4189625 0.09575 0.4129625 0.09775 0.4074625 0.10525 0.4109625 0.11225 0.41846249999999996 0.11525 0.4234625 0.11474999999999999 0.4274625 0.10425 0.42646249999999997 0.10024999999999999 0.4189625 0.09575
0 0.3449625 0.07575 0.3399625 0.07725 0.3389625 0.08425 0.3429625 0.09175 0.3489625 0.09125 0.3539625 0.08575 0.3509625 0.07725 0.3449625 0.07575
0 0.09331249999999999 0.76665 0.09456250000000001 0.7618 0.09331249999999999 0.7496 0.0786625 0.752 0.0774625 0.76545 0.0835625 0.7691 0.09331249999999999 0.76665
0 0.08436249999999999 0.8676999999999999 0.0772625 0.85655 0.06611249999999999 0.8618 0.0702125 0.8759499999999999 0.0796125 0.8789 0.08436249999999999 0.8676999999999999
0 0.1290625 0.7783 0.1302125 0.7724 0.1255125 0.7624 0.11376250000000002 0.7676999999999999 0.11316250000000001 0.7736 0.11786250000000001 0.7824 0.1290625 0.7783
0 0.0366625 0.09125 0.0426625 0.09175 0.0466625 0.08425 0.0456625 0.07725 0.040662500000000004 0.07575 0.0346625 0.07725 0.031662499999999996 0.08575 0.0366625 0.09125