0 0.46529761875000003 0.3053125 0.47142857187500004 0.280788690625 0.4611904765625 0.2623958328125 0.440773809375 0.261383928125 0.429523809375 0.2838244046875 0.4305357140625 0.30221726250000003 0.44482142812500003 0.31138392812500004 0.46529761875000003 0.3053125
0 0.7836309531250001 0.6647172625 0.7963095234375 0.653943453125 0.805119046875 0.6236458328125 0.8002380953125 0.5991815468749999 0.7855952375 0.6001934531249999 0.768928571875 0.6197172625 0.76404761875 0.6432291671875 0.7719047625 0.6647172625 0.7836309531250001 0.6647172625
0 0.31124999999999997 0.8544196421875 0.345476190625 0.8397767859374999 0.3357142859375 0.8065029765625 0.3083333328125 0.80751488125 0.2819047625 0.8123958328124999 0.2642857140625 0.8212053578124999 0.26232142812500003 0.8466220234374999 0.2799404765625 0.8583482140625 0.31124999999999997 0.8544196421875
0 0.8289285718749999 0.399241071875 0.8085119046875 0.37471726250000004 0.7666071421875 0.382931546875 0.7543452375 0.41150297656249996 0.7808928578125001 0.4278720234375 0.8227976187499999 0.42275297656250005 0.8289285718749999 0.399241071875
0 0.4499404765625 0.36965773749999997 0.4581547625 0.3359077375 0.4417857140625 0.3216220234375 0.4132142859375 0.318586309375 0.383571428125 0.3348958328125 0.38154761875 0.3655505953125 0.3968452375 0.3880505953125 0.4499404765625 0.36965773749999997
0 0.4305357140625 0.3920982140625 0.399880953125 0.41561011875 0.3845833328125 0.44114583281249997 0.3754166671875 0.4625744046875 0.38660714218750003 0.4840625 0.4172619046875 0.48811011875 0.4397619046875 0.47078869062499995 0.4397619046875 0.44626488125 0.4530357140625 0.43805059531249996 0.46529761875000003 0.43400297656250003 0.4703571421875 0.4033482140625 0.452023809375 0.3869791671875 0.4305357140625 0.3920982140625
0 0.34375 0.410491071875 0.3355357140625 0.402336309375 0.3141071421875 0.40745535781250003 0.30898809531250004 0.41561011875 0.31 0.43400297656250003 0.33863095312499997 0.4247767859375 0.34375 0.410491071875
0 0.4902380953125 0.3703125 0.4970833328125 0.3781696421875 0.5214880953125001 0.3722767859375 0.540119046875 0.37620535781250003 0.5479166671875 0.3644791671875 0.549880953125 0.342931546875 0.5313095234375 0.3322172625 0.5 0.3390625 0.4902380953125 0.34394345312499996 0.4902380953125 0.3537053578125 0.4902380953125 0.3703125
0 0.247678571875 0.321443453125 0.2604166671875 0.334181546875 0.271130953125 0.321443453125 0.270178571875 0.30186011874999996 0.27214285781249997 0.282336309375 0.26821428593749996 0.27745535781249997 0.253571428125 0.2803720234375 0.24279761875 0.30186011874999996 0.23690476249999998 0.304836309375 0.247678571875 0.321443453125
0 0.6496428578125 0.2588244046875 0.626130953125 0.2422172625 0.6026785718750001 0.23340773750000002 0.594880953125 0.253943453125 0.61345238125 0.26376488125 0.6339880953125 0.26376488125 0.6496428578125 0.2588244046875
0 0.36404761875 0.2940625 0.3660119046875 0.3234077375 0.38166666718750003 0.3028720234375 0.4011904765625 0.2862053578125 0.38166666718750003 0.27936011875 0.36404761875 0.2940625
0 0.31124999999999997 0.15912202343749998 0.3258928578125 0.1522767859375 0.31416666718749997 0.13561011875 0.3014880953125 0.1444196421875 0.31124999999999997 0.15912202343749998
0 0.16845238125 0.2109077375 0.1831547625 0.213883928125 0.1763095234375 0.18650297656249998 0.149880953125 0.1835267859375 0.16845238125 0.2109077375
0 0.4530357140625 0.7243601187500001 0.46285714218749996 0.689181546875 0.43154761875 0.6930505953125 0.413928571875 0.683288690625 0.38946428593750004 0.7106696421875001 0.4110119046875 0.7390625 0.43839285781250004 0.7380505953125 0.4530357140625 0.7243601187500001
0 0.1019642859375 0.6285267859375 0.1293452375 0.6314434531249999 0.1371428578125 0.6050744046875 0.13029761875 0.5825744046875 0.1068452375 0.584538690625 0.08630952343750001 0.5952529765625 0.06970238125 0.6236458328125 0.0628571421875 0.6304910718750001 0.1019642859375 0.6285267859375
0 0.4836904765625 0.8834077375 0.4530357140625 0.85686011875 0.42136904687500004 0.8711458328124999 0.4152380953125 0.8865029765625 0.4285119046875 0.907931546875 0.46529761875000003 0.9110267859375 0.4836904765625 0.8834077375
0 0.342057778125 1 0.345476190625 0.9883482140625001 0.31124999999999997 0.9737053578125 0.2799404765625 0.9697767859375 0.26232142812500003 0.9815029765625001 0.263750940625 1 0.342057778125 1
0 0.3258928578125 0.021086309375 0.31124999999999997 0.014241071875 0.3014880953125 0.028943453125 0.31416666718749997 0.0377529765625 0.3258928578125 0.021086309375
0 0.4530357140625 0.97126488125 0.4836904765625 0.9447172625 0.46529761875000003 0.9170982140625 0.4285119046875 0.920193453125 0.4152380953125 0.9416220234375 0.42136904687500004 0.9569791671875001 0.4530357140625 0.97126488125