0 0.4959918484375 0.5184420296875001 0.51715126875 0.550579709375 0.57827445625 0.574855071875 0.5939628625 0.5317753625 0.57360054375 0.50039855 0.5579121375 0.4784782609375 0.5250135874999999 0.4784782609375 0.50932518125 0.49804347812499994 0.4959918484375 0.5184420296875001
0 0.2951222828125 0.094094203125 0.3144338765625 0.07644927500000001 0.3082019921875 0.045217390625 0.303057065625 0.042355071875 0.27577445625 0.05996376875 0.27008605 0.08043478281250001 0.2951222828125 0.094094203125
0 0.4083106890625 0.5417028984375001 0.42421648593750005 0.5257608703125001 0.417404890625 0.5041666671875 0.3969338765625 0.49963768125 0.374180253125 0.512681159375 0.37189764531249997 0.530869565625 0.4083106890625 0.5417028984375001
0 0.730557065625 0.8329710140625 0.7405208328125 0.8088043484374999 0.7229846015625 0.7865942031250001 0.7049773546875 0.780869565625 0.6874411234375 0.8022463765625 0.6959918484375 0.830144928125 0.730557065625 0.8329710140625
0 0.5439266296875 0.795144928125 0.58037590625 0.7543840578125 0.5728034421875 0.6932246375 0.5225860499999999 0.6719202906249999 0.48802083281249997 0.6951811593749999 0.47997735468749997 0.7757246375 0.5439266296875 0.795144928125
0 0.279470109375 0.9207246375 0.3081295296875 0.9077536234375 0.279470109375 0.8525 0.24197010937500002 0.8347826093749999 0.22081068906249998 0.8490942031250001 0.23240489062499997 0.8900362312500001 0.279470109375 0.9207246375
0 0.3909918484375 0.09286231874999999 0.44193387656249994 0.11246376875 0.45305706562500003 0.05289855 0.4019338765625 0.0591666671875 0.3909918484375 0.09286231874999999
0 0.6127672093750001 0.175144928125 0.6088541671875001 0.1438043484375 0.583781703125 0.1218478265625 0.58222373125 0.1367391296875 0.5673324281250001 0.1218478265625 0.5649773546875 0.159492753125 0.5626222828125 0.183007246875 0.5626222828125 0.191630434375 0.5547961953125 0.19318840625 0.55008605 0.2143478265625 0.560267209375 0.2488405796875 0.596317934375 0.2809782609375 0.6088541671875001 0.25275362343749996 0.632368659375 0.260579709375 0.6174773546875 0.21119565156250003 0.6315715578125001 0.19710144999999998 0.6213903984375 0.183007246875 0.6127672093750001 0.175144928125
0 0.28515851406250003 0.27547101406249996 0.25932518125000004 0.2511956515625 0.22874547031249998 0.27235507187499997 0.24283967343750001 0.30996376875 0.2718614125 0.31231884062500004 0.28515851406250003 0.27547101406249996
0 0.0199411234375 0.07644927500000001 0.0392527171875 0.094094203125 0.06428895 0.08043478281250001 0.05860054375 0.05996376875 0.031317934375 0.042355071875 0.0261730078125 0.045217390625 0.0199411234375 0.07644927500000001
0 0.9199411234375001 0.8088043484374999 0.929904890625 0.8329710140625 0.9644701093749999 0.830144928125 0.9730208328125001 0.8022463765625 0.9554846015624999 0.780869565625 0.9374773546874999 0.7865942031250001 0.9199411234375001 0.8088043484374999
0 0.0262454703125 0.9077536234375 0.054904890625 0.9207246375 0.10197010937499999 0.8900362312500001 0.1135643109375 0.8490942031250001 0.092404890625 0.8347826093749999 0.054904890625 0.8525 0.0262454703125 0.9077536234375
0 0.0625135875 0.31231884062500004 0.09153532656249999 0.30996376875 0.10562952968749999 0.27235507187499997 0.07504981875 0.2511956515625 0.0492164859375 0.27547101406249996 0.0625135875 0.31231884062500004