0 0.46529761875000003 0.6946875 0.44482142812500003 0.6886160718750001 0.4305357140625 0.6977827375000001 0.429523809375 0.7161755953125 0.440773809375 0.738616071875 0.4611904765625 0.7376041671875 0.47142857187500004 0.719211309375 0.46529761875000003 0.6946875
0 0.7963095234375 0.346056546875 0.7836309531250001 0.3352827375 0.7719047625 0.3352827375 0.76404761875 0.3567708328125 0.768928571875 0.3802827375 0.7855952375 0.399806546875 0.8002380953125 0.40081845312500003 0.805119046875 0.37635416718750003 0.7963095234375 0.346056546875
0 0.345476190625 0.1602232140625 0.31124999999999997 0.1455803578125 0.2799404765625 0.1416517859375 0.26232142812500003 0.15337797656250002 0.2642857140625 0.17879464218750002 0.2819047625 0.1876041671875 0.3083333328125 0.19248511875000002 0.3357142859375 0.1934970234375 0.345476190625 0.1602232140625
0 0.8227976187499999 0.5772470234375 0.7808928578125001 0.5721279765625 0.7543452375 0.5884970234375 0.7666071421875 0.617068453125 0.8085119046875 0.6252827375 0.8289285718749999 0.600758928125 0.8227976187499999 0.5772470234375
0 0.4499404765625 0.6303422624999999 0.3968452375 0.6119494046875 0.38154761875 0.6344494046875 0.383571428125 0.6651041671875 0.4132142859375 0.681413690625 0.4417857140625 0.6783779765625 0.4581547625 0.6640922625 0.4499404765625 0.6303422624999999
0 0.4172619046875 0.51188988125 0.38660714218750003 0.5159374999999999 0.3754166671875 0.5374255953125 0.3845833328125 0.5588541671875 0.399880953125 0.58438988125 0.4305357140625 0.6079017859375 0.452023809375 0.6130208328125 0.4703571421875 0.5966517859375 0.46529761875000003 0.5659970234375 0.4530357140625 0.5619494046875 0.4397619046875 0.5537351187499999 0.4397619046875 0.529211309375 0.4172619046875 0.51188988125
0 0.33863095312499997 0.5752232140625 0.31 0.5659970234375 0.30898809531250004 0.58438988125 0.3141071421875 0.5925446421875 0.3355357140625 0.597663690625 0.34375 0.589508928125 0.33863095312499997 0.5752232140625
0 0.540119046875 0.6237946421875 0.5214880953125001 0.6277232140625 0.4970833328125 0.6218303578125 0.4902380953125 0.6296875 0.4902380953125 0.6462946421875 0.4902380953125 0.656056546875 0.5 0.6609375 0.5313095234375 0.6677827375 0.549880953125 0.6570684531250001 0.5479166671875 0.6355208328125 0.540119046875 0.6237946421875
0 0.271130953125 0.678556546875 0.2604166671875 0.665818453125 0.247678571875 0.678556546875 0.23690476249999998 0.695163690625 0.24279761875 0.69813988125 0.253571428125 0.7196279765625 0.26821428593749996 0.7225446421874999 0.27214285781249997 0.717663690625 0.270178571875 0.69813988125 0.271130953125 0.678556546875
0 0.6339880953125 0.73623511875 0.61345238125 0.73623511875 0.594880953125 0.746056546875 0.6026785718750001 0.7665922625 0.626130953125 0.7577827375 0.6496428578125 0.7411755953125 0.6339880953125 0.73623511875
0 0.4011904765625 0.7137946421875 0.38166666718750003 0.6971279765625 0.3660119046875 0.6765922625 0.36404761875 0.7059375 0.38166666718750003 0.72063988125 0.4011904765625 0.7137946421875
0 0.3258928578125 0.8477232140625001 0.31124999999999997 0.8408779765625001 0.3014880953125 0.8555803578125 0.31416666718749997 0.8643898812499999 0.3258928578125 0.8477232140625001
0 0.1831547625 0.786116071875 0.16845238125 0.7890922625 0.149880953125 0.8164732140625001 0.1763095234375 0.8134970234375001 0.1831547625 0.786116071875
0 0.4530357140625 0.27563988125 0.43839285781250004 0.2619494046875 0.4110119046875 0.2609375 0.38946428593750004 0.2893303578125 0.413928571875 0.31671130937499997 0.43154761875 0.3069494046875 0.46285714218749996 0.310818453125 0.4530357140625 0.27563988125
0 0.1293452375 0.368556546875 0.1019642859375 0.3714732140625 0.0628571421875 0.369508928125 0.06970238125 0.37635416718750003 0.08630952343750001 0.4047470234375 0.1068452375 0.41546130937500003 0.13029761875 0.4174255953125 0.1371428578125 0.39492559531250004 0.1293452375 0.368556546875
0 0.46529761875000003 0.0889732140625 0.4285119046875 0.092068453125 0.4152380953125 0.11349702343750001 0.42136904687500004 0.1288541671875 0.4530357140625 0.14313988125 0.4836904765625 0.11659226250000002 0.46529761875000003 0.0889732140625
0 0.263750940625 0 0.26232142812500003 0.0184970234375 0.2799404765625 0.030223214062499996 0.31124999999999997 0.0262946421875 0.345476190625 0.0116517859375 0.342057778125 0 0.263750940625 0
0 0.31124999999999997 0.985758928125 0.3258928578125 0.978913690625 0.31416666718749997 0.9622470234374999 0.3014880953125 0.971056546875 0.31124999999999997 0.985758928125
0 0.42136904687500004 0.0430208328125 0.4152380953125 0.0583779765625 0.4285119046875 0.079806546875 0.46529761875000003 0.0829017859375 0.4836904765625 0.0552827375 0.4530357140625 0.02873511875 0.42136904687500004 0.0430208328125