0 0.5917474484375 0.2742857140625 0.5907525515625001 0.2636989796875 0.5730994890625001 0.26318877500000004 0.570063775 0.2737755109375 0.5756249999999999 0.279336734375 0.5917474484375 0.2742857140625
0 0.5756249999999999 0.3020663265625 0.5791454078125 0.2914795921875 0.567538265625 0.290459184375 0.5635076531250001 0.2960204078125 0.5665433671875 0.30459183749999996 0.5756249999999999 0.3020663265625
0 0.768788265625 0.11895408125 0.7661607140625 0.11285714218750001 0.6825127546875 0.10502551093750001 0.645038265625 0.1084948984375 0.6223852046875 0.127678571875 0.6136607140625 0.16515306093749998 0.60582908125 0.2453316328125 0.646772959375 0.2636224484375 0.727818878125 0.2732142859375 0.7766198984375 0.2583928578125 0.7923086734375 0.2305102046875 0.795803571875 0.1939030609375 0.768788265625 0.11895408125
0 0.4934056125 0.40040816250000005 0.5040178578125001 0.393852040625 0.49442602031250005 0.385790815625 0.4863647953125 0.3908163265625 0.4853443875 0.3983928578125 0.4934056125 0.40040816250000005
0 0.5029974484374999 0.5249744890625 0.49644132656249995 0.5078316328125 0.482334184375 0.5063010203125 0.47626275468749996 0.5164030609375 0.474757653125 0.5284948984375 0.4818239796875 0.5375765312499999 0.49695153124999997 0.542117346875 0.5009821421875 0.536556121875 0.5029974484374999 0.5249744890625
0 0.48059948906249994 0.6253571421874999 0.4893494890625 0.6144897953124999 0.478507653125 0.6071428578125 0.47220663281249997 0.6144897953124999 0.48059948906249994 0.6253571421874999
0 0.4609821421875 0.62395408125 0.4645025515625 0.6183418374999999 0.455038265625 0.6148469390625 0.452946428125 0.6158928578125 0.44838010156249997 0.621147959375 0.45399234687499995 0.6253571421874999 0.4609821421875 0.62395408125
0 0.4732525515625 0.56826530625 0.4777933671875 0.5532142859375 0.46904336718749995 0.5528571421875 0.45679846875 0.564413265625 0.45748724531249996 0.5791071421875 0.464834184375 0.5784183671875 0.4732525515625 0.56826530625
0 0.363227040625 0.752040815625 0.34491071406249996 0.8113010203125001 0.3327168375 0.8339540812499999 0.3266198984375 0.841811225 0.32139030625 0.874056121875 0.3318494890625 0.9089030609375 0.3605994890625 0.928086734375 0.40243622500000004 0.9420153062500001 0.46779336718750003 0.93242346875 0.48172193906249994 0.901938775 0.4695280609375 0.8365816328125 0.4529719390625 0.7947448984375 0.4215943875 0.7616326531250001 0.3884821421875 0.7363775515625 0.363227040625 0.752040815625
0 0.1549107140625 0.3817602046875 0.160446428125 0.37418367343750003 0.15695153125 0.3642602046875 0.14937499999999998 0.36104591875000003 0.13682397968749999 0.3671683671875 0.14001275468750002 0.38352040781249996 0.1549107140625 0.3817602046875
0 0.515446428125 0 0.51457908125 0.0029336734375 0.5138647953125 0.012040815625 0.520165815625 0.025 0.536977040625 0.025688775000000004 0.54889030625 0.0155357140625 0.551007653125 0.003290815625 0.5506760203125001 0 0.515446428125 0
0 1 0.10958858906249999 0.9650892859375 0.11285714218750001 0.9624617343749999 0.11895408125 0.9354464281249999 0.1939030609375 0.9389413265625001 0.2305102046875 0.9546301015624999 0.2583928578125 1 0.272172215625 1 0.10958858906249999
0 0.1226913265625 0.36104591875000003 0.11511479531249999 0.3642602046875 0.1116198984375 0.37418367343750003 0.11715561249999999 0.3817602046875 0.132053571875 0.38352040781249996 0.135242346875 0.3671683671875 0.1226913265625 0.36104591875000003