0 0.28431056718750003 0.07182130625000001 0.28431056718750003 0.048109965625 0.24217998281250003 0.0665635734375 0.24568513749999998 0.0770790375 0.2764067875 0.07883161562499999 0.28431056718750003 0.07182130625000001
0 0.5246885734375 0.3253951890625 0.50190506875 0.31573883125 0.490496134375 0.336769759375 0.4992590203125 0.34556701093750003 0.5282280921875 0.33941580781249997 0.5246885734375 0.3253951890625
0 0.5290872 0.6350859109375 0.5580562718750001 0.654398625 0.5887435562500001 0.678969071875 0.5887435562500001 0.654398625 0.6089153781250001 0.638591065625 0.5852384015625 0.6219243984375 0.5606679546875 0.6342268046874999 0.5352384015625 0.6008934703125 0.5194308421875 0.5815807562499999 0.5054102234375 0.5666666671875 0.48345146093749997 0.494707903125 0.4825923546875 0.485051546875 0.4650322171875 0.47278350468749997 0.4518707046875 0.47718213125000003 0.42730025781250003 0.50962199375 0.42379510312499996 0.5368384875000001 0.40802190781250003 0.562268040625 0.44661297187500004 0.5824398625 0.45626932968749995 0.587731959375 0.464173109375 0.5920962203125 0.4746885734375 0.6210652921875 0.5071627999999999 0.63158075625 0.5290872 0.6350859109375
0 0.6233483671875 0.9336426109374999 0.665994415625 0.9208934703124999 0.6723518046875 0.8922680406250001 0.62970575625 0.8661855671875 0.5889841062500001 0.8750859109375 0.5998088484374999 0.9234364265625 0.6233483671875 0.9336426109374999
0 0.678193728125 0.1945360828125 0.700496134375 0.20027491406250003 0.7163724234375 0.1945360828125 0.7132109109375 0.1608247421875 0.6813896046875 0.1493470796875 0.6750322171875001 0.1754639171875 0.678193728125 0.1945360828125
0 0.5952727656250001 0.0579725078125 0.5863724234375 0.054776632812500003 0.5634514609375 0.0624398625 0.5768191578125 0.0840549828125 0.5952727656250001 0.07896907187499999 0.5952727656250001 0.0579725078125
0 0.2586061 0.5890034359375 0.24760953593749999 0.5761855671875 0.22654424374999999 0.5890034359375 0.23479166718750002 0.61281786875 0.2531078171875 0.6137457046875 0.2586061 0.5890034359375
0 0.186234965625 0.3837457046875 0.22654424374999999 0.357147765625 0.225616409375 0.30766322968750004 0.161492696875 0.2957731953125 0.1413208765625 0.32326460468749996 0.140393040625 0.3626460484375 0.186234965625 0.3837457046875
0 0.373176546875 0.248109965625 0.36217998281249997 0.246288659375 0.35025558437500004 0.2545360828125 0.36125214843750003 0.280171821875 0.383245275 0.2655326453125 0.373176546875 0.248109965625
0 0.3044480234375 0.4955326453125 0.3035201890625 0.4882130578125 0.2787779203125 0.48635738906250003 0.2833483671875 0.5074570453125 0.295272765625 0.51109965625 0.3044480234375 0.4955326453125
0 0.327334621875 0.42680412343749996 0.3154445875 0.402989690625 0.27235180468750003 0.41487972500000003 0.26410438125 0.463470790625 0.307197165625 0.4717182125 0.327334621875 0.42680412343749996
0 0.55094286875 0.98305841875 0.56836555 0.9592096218749999 0.544516753125 0.916151203125 0.48496348749999996 0.891408934375 0.43455111718749995 0.8694158078124999 0.40156142656249993 0.863917525 0.374173109375 0.81890034375 0.31358891718750004 0.9033333328125 0.3080906359375 0.95646048125 0.3319394328125 0.9876288656250001 0.3749978515625 0.9968041234375 0.40431056718749997 0.9968041234375 0.448296821875 0.9976975937500001 0.5005304984375 0.9903780062499999 0.55094286875 0.98305841875
0 0.378674828125 0.6769759453125 0.36125214843750003 0.6586597937499999 0.3465786078125 0.6797250859374999 0.348434278125 0.6934707906249999 0.373176546875 0.694398625 0.378674828125 0.6769759453125
0 0 0.07768173125 0.0105648625 0.0770790375 0.0140700171875 0.0665635734375 0 0.06040076875 0 0.07768173125
0 0 0.5996058843750001 0.0031421828125000003 0.6137457046875 0.0214583328125 0.61281786875 0.02970575625 0.5890034359375 0.0086404640625 0.5761855671875 0 0.5862571078125 0 0.5996058843750001
0 0.02970575625 0.357147765625 0.070015034375 0.3837457046875 0.115856959375 0.3626460484375 0.11492912343749999 0.32326460468749996 0.094757303125 0.2957731953125 0.030633590625000002 0.30766322968750004 0.02970575625 0.357147765625