0 0.2898947375 0.7092828953125 0.28700000000000003 0.7174407890625 0.2986315796875 0.71917763125 0.3096842109375 0.7180197374999999 0.3148947375 0.711598684375 0.312 0.7057565796875 0.30794736875 0.7022828953125 0.3032631578125 0.700546053125 0.294526315625 0.7028618421874999 0.2898947375 0.7092828953125
0 0.5005789468749999 0.3763881578125 0.4906842109375 0.37170394687499997 0.48252631562500004 0.3792828953125 0.4807894734375 0.384546053125 0.4901052625 0.3914934203125 0.5 0.3874407890625 0.5005789468749999 0.3763881578125
0 0.4412105265625 0.40196710468749997 0.43947368437499995 0.39207236875 0.429 0.3833355265625 0.41268421093749996 0.38686184218749997 0.40863157968749997 0.40023026249999993 0.4191052625 0.406651315625 0.43305263125 0.4112302625 0.4412105265625 0.40196710468749997
0 0.7351052625000001 0.5719144734375 0.73394736875 0.583546053125 0.7421052625 0.5922828953125 0.74905263125 0.5864934203125001 0.752 0.5631776312500001 0.7351052625000001 0.5719144734375
0 0.5678947375 0.2978618421875 0.564 0.306546053125 0.5763157890625 0.31417763125 0.5837894734375 0.3059671046875 0.5773684203125 0.2968092109375 0.5678947375 0.2978618421875
0 0.101526315625 0.3884934203125 0.110473684375 0.391651315625 0.122578946875 0.3853355265625 0.1231052625 0.3732302625 0.10994736875 0.371651315625 0.0962631578125 0.3737565796875 0.0952105265625 0.3848092109375 0.101526315625 0.3884934203125
0 0.0688947375 0.2684934203125 0.0636315796875 0.26007236875 0.051000000000000004 0.260598684375 0.0457368421875 0.271651315625 0.0557368421875 0.2832302625 0.0662631578125 0.28217763125 0.0688947375 0.2684934203125
0 0.35063157968750003 0.2949144734375 0.34115789531249996 0.2817565796875 0.3337894734375 0.2870197375 0.3311578953125 0.2959671046875 0.33694736875000003 0.3043881578125 0.346421053125 0.3043881578125 0.35063157968750003 0.2949144734375
0 0.975526315625 0.3352828953125 0.9623684203125 0.32844078906249996 0.9492105265624999 0.32844078906249996 0.945526315625 0.3373881578125 0.9486842109375001 0.3484407890625 0.9644736843749999 0.34791447343750004 0.975526315625 0.3352828953125
0 0.3032631578125 0.905703946875 0.30794736875 0.9039671046875 0.312 0.9004934203125 0.3148947375 0.8946513156250001 0.3096842109375 0.8882302624999999 0.2986315796875 0.88707236875 0.28700000000000003 0.8888092109375 0.2898947375 0.8969671046875 0.294526315625 0.9033881578124999 0.3032631578125 0.905703946875
0 0.4906842109375 0.0240197375 0.5005789468749999 0.0193355265625 0.5 0.0082828953125 0.4901052625 0.0042302625 0.4807894734375 0.01117763125 0.48252631562500004 0.0164407890625 0.4906842109375 0.0240197375
0 0.40999774687499996 0 0.41268421093749996 0.0088618421875 0.429 0.0123881578125 0.43947368437499995 0.0036513156249999997 0.44011460625 0 0.40999774687499996 0
0 0.5773684203125 0.0989144734375 0.5837894734375 0.0897565796875 0.5763157890625 0.08154605312499999 0.564 0.08917763125 0.5678947375 0.0978618421875 0.5773684203125 0.0989144734375
0 0.1231052625 0.0224934203125 0.122578946875 0.0103881578125 0.110473684375 0.00407236875 0.101526315625 0.007230262499999999 0.0952105265625 0.010914473437499999 0.0962631578125 0.0219671046875 0.10994736875 0.02407236875 0.1231052625 0.0224934203125
0 0.0636315796875 0.135651315625 0.0688947375 0.1272302625 0.0662631578125 0.11354605312499999 0.0557368421875 0.11249342031250001 0.0457368421875 0.12407236875000001 0.051000000000000004 0.135125 0.0636315796875 0.135651315625
0 0.34115789531249996 0.1139671046875 0.35063157968750003 0.10080921093749999 0.346421053125 0.0913355265625 0.33694736875000003 0.0913355265625 0.3311578953125 0.0997565796875 0.3337894734375 0.108703946875 0.34115789531249996 0.1139671046875
0 0.9623684203125 0.06728289531250001 0.975526315625 0.0604407890625 0.9644736843749999 0.0478092109375 0.9486842109375001 0.0472828953125 0.945526315625 0.0583355265625 0.9492105265624999 0.06728289531250001 0.9623684203125 0.06728289531250001