0 0.11142292499999999 0.411371046875 0.104505928125 0.380303853125 0.08031620625 0.3768255921875 0.0711462453125 0.404533103125 0.08379446562500001 0.42627223281250004 0.11142292499999999 0.411371046875
0 0.305928853125 0.6496319171875 0.3473913046875 0.6439006921875 0.3692490125 0.6127939718750001 0.3554545453125 0.586311759375 0.310553359375 0.581726778125 0.2932806328125 0.6012919953125 0.305928853125 0.6496319171875
0 0.351976284375 0.513821640625 0.3658102765625 0.5644540515625 0.40031620625000003 0.586311759375 0.43944664062500005 0.5540983203125001 0.43944664062500005 0.48042243124999995 0.403794465625 0.45741847812499997 0.360039525 0.48733942656250007 0.351976284375 0.513821640625
0 0.4650197625 0.428643775 0.46146244999999997 0.43773468437499996 0.46739130468749995 0.44405879375 0.47924901249999996 0.44643033593750003 0.4915019765625 0.4460350796875 0.49624505937499996 0.4405014828125 0.491936759375 0.4322010875 0.47964426875 0.4282485171875 0.4650197625 0.428643775
0 0.047509881250000004 0.51903903125 0.047509881250000004 0.5508967390625 0.0736758890625 0.5571813234375 0.08335968437499999 0.5508967390625 0.086205534375 0.5269836953125 0.07422924843749999 0.5065093875 0.059446640625000005 0.507062746875 0.047509881250000004 0.51903903125
0 0.0711462453125 0.9642168968749999 0.08031620625 0.9919244078125 0.104505928125 0.9884461468750001 0.11142292499999999 0.957378953125 0.08379446562500001 0.9424777671875001 0.0711462453125 0.9642168968749999
0 0.0711462453125 0.22903903125 0.08031620625 0.25674654218750004 0.104505928125 0.25326828125 0.11142292499999999 0.2222010875 0.08379446562500001 0.20729990156250003 0.0711462453125 0.22903903125
0 0.2932806328125 0.7674580046874999 0.310553359375 0.787023221875 0.3554545453125 0.782438240625 0.3692490125 0.755956028125 0.3473913046875 0.7248493078125 0.305928853125 0.7191180828125 0.2932806328125 0.7674580046874999
0 0.301726784375 0 0.2932806328125 0.032280139062500005 0.310553359375 0.051845356249999995 0.3554545453125 0.047260375 0.3692490125 0.0207781625 0.3546488546875 0 0.301726784375 0
0 0.351976284375 0.8549283593749999 0.360039525 0.8814105734375 0.403794465625 0.911331521875 0.43944664062500005 0.88832756875 0.43944664062500005 0.8146516796875 0.40031620625000003 0.782438240625 0.3658102765625 0.8042959484375001 0.351976284375 0.8549283593749999
0 0.351976284375 0.11975049374999999 0.360039525 0.1462327078125 0.403794465625 0.17615365624999998 0.43944664062500005 0.153149703125 0.43944664062500005 0.07947381406250001 0.40031620625000003 0.047260375 0.3658102765625 0.06911808281250001 0.351976284375 0.11975049374999999
0 0.46146244999999997 0.931015315625 0.4650197625 0.9401062250000001 0.47964426875 0.9405014828124999 0.491936759375 0.9365489124999999 0.49624505937499996 0.9282485171875001 0.4915019765625 0.9227149203125 0.47924901249999996 0.9223196640625 0.46739130468749995 0.92469120625 0.46146244999999997 0.931015315625
0 0.46146244999999997 0.19583745 0.4650197625 0.20492835937499998 0.47964426875 0.2053236171875 0.491936759375 0.201371046875 0.49624505937499996 0.1930706515625 0.4915019765625 0.18753705468749998 0.47924901249999996 0.1871417984375 0.46739130468749995 0.189513340625 0.46146244999999997 0.19583745
0 0.047509881250000004 0.84971096875 0.059446640625000005 0.8616872531249999 0.07422924843749999 0.8622406125 0.086205534375 0.8417663046875001 0.08335968437499999 0.8178532609375001 0.0736758890625 0.8115686765625 0.047509881250000004 0.8178532609375001 0.047509881250000004 0.84971096875
0 0.047509881250000004 0.11453310312500001 0.059446640625000005 0.12650938750000001 0.07422924843749999 0.12706274687500002 0.086205534375 0.1065884390625 0.08335968437499999 0.0826753953125 0.0736758890625 0.0763908109375 0.047509881250000004 0.0826753953125 0.047509881250000004 0.11453310312500001