0 0.42874598124999996 0.3121513265625 0.437427653125 0.3079712625 0.44128617343750004 0.29864650312499996 0.4406430875 0.286749396875 0.43614147968749994 0.281604703125 0.430996784375 0.28031852968750004 0.425209003125 0.2861063109375 0.424565915625 0.298968046875 0.42874598124999996 0.3121513265625
0 0.6762057875 0.8465886250000001 0.6762057875 0.8045950562499999 0.646366559375 0.80237640625 0.630900321875 0.8128908765625 0.6408360125 0.830029140625 0.6518971062500001 0.8449487546875 0.6762057875 0.8465886250000001
0 0.45549839218750005 0.69375904375 0.4831189703125 0.7031481109375 0.5151768484375 0.679386053125 0.5339871375 0.6434696546875001 0.526784565625 0.5992574359375 0.49749196093750003 0.6009294609375 0.473729903125 0.626331390625 0.45495176875 0.670543609375 0.45549839218750005 0.69375904375
0 0.249935690625 0.3414117765625 0.2743408359375 0.33311595625 0.2711254015625 0.3133088828125 0.23472668749999998 0.3059455390625 0.19836012812499998 0.3257526125 0.2043408359375 0.33128315937499997 0.21032154374999998 0.3372638671875 0.249935690625 0.3414117765625
0 0.7829582 0.4689358921875 0.7669453374999999 0.48475582812500007 0.7655948546875 0.52006129375 0.80662379375 0.5067815515625 0.8004501609375 0.48385550625 0.7829582 0.4689358921875
0 0.8242765265625 0.3313153140625 0.8167202578125 0.37022206562500004 0.8348553046875 0.38334103750000004 0.8586495171875 0.3577783359375 0.8414790999999999 0.33292303125 0.8242765265625 0.3313153140625
0 0.5659163984375 0.2197397515625 0.57736334375 0.25459505625 0.599421221875 0.24755325625000002 0.6337620578125 0.23453074687500003 0.6108681671875 0.2166850890625 0.5659163984375 0.2197397515625
0 0.27755627031249996 0.5103185296875 0.2784565921875 0.5367815515625 0.33311897031250004 0.5605757640625 0.3630868171875 0.542955184375 0.36662379375 0.4909294609375 0.27755627031249996 0.5103185296875
0 0.09504823125 0.5050452171875001 0.0932797421875 0.5535339625 0.13032154375 0.5208973078125 0.09504823125 0.5050452171875001
0 0.6937620578125 0.7034374999999999 0.7149196140625 0.6954953781250001 0.6981672031249999 0.6584535765624999 0.66643086875 0.6787429656249999 0.6937620578125 0.7034374999999999
0 0.8630546625 0.6937268890625 0.8992282953125 0.6681641875000001 0.8912861734374999 0.63375904375 0.855112540625 0.636427853125 0.8630546625 0.6937268890625
0 0.6762057875 0.94227994375 0.6762057875 0.900286375 0.6518971062500001 0.9019262453125 0.6408360125 0.916845859375 0.630900321875 0.9339841234374999 0.646366559375 0.94449859375 0.6762057875 0.94227994375
0 0.6108681671875 0.038228496875000004 0.6337620578125 0.0203828375 0.599421221875 0.0073603296875 0.57736334375 0.00031852968750000003 0.5659163984375 0.035173834375000004 0.6108681671875 0.038228496875000004