0 0.45047806875 0.09022191406249999 0.475387915625 0.133411928125 0.5285501906250001 0.13672676875 0.5418372921875 0.13091539531250002 0.588356015625 0.097683771875 0.5767332703125 0.0486823859375 0.5302145453125 0.037891817187499996 0.4587721046875 0.037891817187499996 0.45047806875 0.09022191406249999
0 0.3723920765625 0.507184465625 0.37072772187499997 0.57446601875 0.41143507343749997 0.6043689328124999 0.4214073328125 0.6060332875000001 0.48369582187500004 0.59108183125 0.513598734375 0.5395839109375 0.5019759875 0.47561719843750005 0.46957654375 0.43742025 0.41226725000000003 0.44239944531250003 0.3723920765625 0.507184465625
0 0.385679178125 0.7397642156249999 0.3964836171875 0.8203328703125001 0.4479815359375 0.8211650484374999 0.4787166265625 0.822829403125 0.5194101078125 0.78959778125 0.520242284375 0.7389320390624999 0.4811992890625 0.690748959375 0.42222564218749997 0.6915811374999999 0.385679178125 0.7397642156249999
0 0.52523535 0.8834535375 0.5219066406249999 0.9482524265625001 0.550145196875 0.9673509015624999 0.5808802875 0.9590429953124999 0.5825446421875 0.920832178125 0.5609496359375 0.880138696875 0.52523535 0.8834535375
0 0.6050966546875001 0.8855201109375 0.6054988734375 0.8931345359374999 0.611906640625 0.8939389734375001 0.6179121875 0.8879334265625 0.6159149625 0.8839251046875001 0.6099094140625 0.8819278781250001 0.6050966546875001 0.8855201109375
0 0 0.1183869671875 0.0175377078125 0.13091539531250002 0.030824809375 0.13672676875 0.08398708437499999 0.133411928125 0.10889693125 0.09022191406249999 0.1006028953125 0.037891817187499996 0.029160454687499997 0.037891817187499996 0 0.0446559296875 0 0.1183869671875
0 0.8619759874999999 0.0486823859375 0.8503532421875001 0.097683771875 0.896871965625 0.13091539531250002 0.9101590671875 0.13672676875 0.9633213421875 0.133411928125 0.9882311890625 0.09022191406249999 0.979937153125 0.037891817187499996 0.9084947124999999 0.037891817187499996 0.8619759874999999 0.0486823859375
0 0.0573990125 0.47561719843750005 0.045776265625 0.5395839109375 0.075679178125 0.59108183125 0.1379676671875 0.6060332875000001 0.1479399265625 0.6043689328124999 0.18864727812499998 0.57446601875 0.1869829234375 0.507184465625 0.14710775 0.44239944531250003 0.08979845625 0.43742025 0.0573990125 0.47561719843750005
0 1 0.4401020875 0.969132715625 0.43742025 0.9367332703125 0.47561719843750005 0.9251105234375 0.5395839109375 0.9550134359375001 0.59108183125 1 0.601880209375 1 0.4401020875
0 0.039132715624999995 0.7389320390624999 0.039964892187500003 0.78959778125 0.0806583734375 0.822829403125 0.11139346406249999 0.8211650484374999 0.16289138281249999 0.8203328703125001 0.173695821875 0.7397642156249999 0.13714935781249998 0.6915811374999999 0.0781757109375 0.690748959375 0.039132715624999995 0.7389320390624999
0 1 0.6913485374999999 0.9575099687499999 0.690748959375 0.9184669734375 0.7389320390624999 0.91929915 0.78959778125 0.9599926312499999 0.822829403125 0.990727721875 0.8211650484374999 1 0.8210152140625 1 0.6913485374999999
0 0 0.964856021875 0.009229803125 0.9673509015624999 0.037468359374999996 0.9482524265625001 0.03413965 0.8834535375 0 0.880284846875 0 0.964856021875
0 0.8578289703124999 0.9590429953124999 0.8885640609375001 0.9673509015624999 0.9168026171875001 0.9482524265625001 0.9134739078124999 0.8834535375 0.877759621875 0.880138696875 0.8561646156249999 0.920832178125 0.8578289703124999 0.9590429953124999
0 0.8207970703124999 0.8879334265625 0.8268026171875 0.8939389734375001 0.833210384375 0.8931345359374999 0.8336126046875 0.8855201109375 0.82879984375 0.8819278781250001 0.8227942968749999 0.8839251046875001 0.8207970703124999 0.8879334265625