0 0.4556372546875 0.37579831874999997 0.4301750703125 0.3694117640625 0.4084943984375 0.39235294062500004 0.3919397765625 0.42420168125 0.3690266109375 0.4445938375 0.3588305328125 0.5210364140625 0.3740966390625 0.5694397765625 0.3879901953125 0.58095238125 0.417429971875 0.5732493 0.4301750703125 0.57579831875 0.450539215625 0.5796358546875 0.4734803921875 0.577086834375 0.51426470625 0.5668907562500001 0.5359173671875 0.5528851546875 0.5588305328125001 0.5248459390625 0.57667366875 0.5006442578125 0.6059733890625 0.4624089640625 0.590679271875 0.4445938375 0.5448249296875 0.42420168125 0.5448249296875 0.38089635781250003 0.5180742296874999 0.37960784375 0.5078781515624999 0.41655462187500003 0.49387254843750006 0.42294117656249997 0.4734803921875 0.4038095234375 0.4556372546875 0.37579831874999997
0 0.59832633125 0.72487395 0.6073179265624999 0.74257703125 0.622443978125 0.736414565625 0.622443978125 0.7184873953124999 0.608522409375 0.717226890625 0.59832633125 0.72487395
0 0.5022759109375 0.2409243703125 0.49331232500000005 0.24389355781250002 0.49160364218749997 0.251148459375 0.5014075625000001 0.25798319375 0.5095308125 0.252436975 0.5103711484375 0.24476190468749998 0.5022759109375 0.2409243703125
0 0.37426470625 0.10991596562499999 0.3819397765625 0.118459384375 0.395189075 0.12058823593750001 0.39560924375 0.11633053281250001 0.39348039218749997 0.10476190468749999 0.38451680625 0.1039495796875 0.37426470625 0.10991596562499999
0 0.3507913171875 0.10140056093750001 0.342696078125 0.11036414531250001 0.3435364140625 0.1188795515625 0.3525 0.1197478984375 0.358914565625 0.1146218484375 0.35849439843750003 0.1035294125 0.3507913171875 0.10140056093750001
0 0.7890826328125 0.5528851546875 0.81073529375 0.5668907562500001 0.8515196078124999 0.577086834375 0.874460784375 0.5796358546875 0.8948249296874999 0.57579831875 0.9075700281250001 0.5732493 0.9370098046875001 0.58095238125 0.9509033609375 0.5694397765625 0.9661694671875001 0.5210364140625 0.9559733890625 0.4445938375 0.9330602234375001 0.42420168125 0.9165056015624999 0.39235294062500004 0.8948249296874999 0.3694117640625 0.8693627453125 0.37579831874999997 0.8515196078124999 0.4038095234375 0.8311274515625 0.42294117656249997 0.8171218484375 0.41655462187500003 0.8069257703125 0.37960784375 0.7801750703125 0.38089635781250003 0.7801750703125 0.42420168125 0.7343207281249999 0.4445938375 0.7190266109375 0.4624089640625 0.74832633125 0.5006442578125 0.7661694671875 0.5248459390625 0.7890826328125 0.5528851546875
0 0.1448249296875 0.5528851546875 0.166477590625 0.5668907562500001 0.2072619046875 0.577086834375 0.23020308125 0.5796358546875 0.25056722656249997 0.57579831875 0.263312325 0.5732493 0.2927521015625 0.58095238125 0.30664565781249997 0.5694397765625 0.3219117640625 0.5210364140625 0.3117156859375 0.4445938375 0.28880252031250003 0.42420168125 0.27224789843749997 0.39235294062500004 0.25056722656249997 0.3694117640625 0.2251050421875 0.37579831874999997 0.2072619046875 0.4038095234375 0.18686974843749998 0.42294117656249997 0.1728641453125 0.41655462187500003 0.1626680671875 0.37960784375 0.1359173671875 0.38089635781250003 0.1359173671875 0.42420168125 0.09006302499999999 0.4445938375 0.0747689078125 0.4624089640625 0.10406862812499999 0.5006442578125 0.1219117640625 0.5248459390625 0.1448249296875 0.5528851546875
0 0.716477590625 0.717226890625 0.702556021875 0.7184873953124999 0.702556021875 0.736414565625 0.7176820734375 0.74257703125 0.72667366875 0.72487395 0.716477590625 0.717226890625
0 0.0722198875 0.717226890625 0.05829831875 0.7184873953124999 0.05829831875 0.736414565625 0.0734243703125 0.74257703125 0.082415965625 0.72487395 0.0722198875 0.717226890625
0 0.8316876750000001 0.24389355781250002 0.8227240890624999 0.2409243703125 0.8146288515625001 0.24476190468749998 0.8154691875 0.252436975 0.8235924375 0.25798319375 0.8333963578124999 0.251148459375 0.8316876750000001 0.24389355781250002
0 0.187429971875 0.24389355781250002 0.1784663859375 0.2409243703125 0.1703711484375 0.24476190468749998 0.171211484375 0.252436975 0.179334734375 0.25798319375 0.1891386546875 0.251148459375 0.187429971875 0.24389355781250002
0 0.9430602234375 0.118459384375 0.95073529375 0.10991596562499999 0.9404831937499999 0.1039495796875 0.9315196078125 0.10476190468749999 0.9293907562499999 0.11633053281250001 0.929810925 0.12058823593750001 0.9430602234375 0.118459384375
0 0.2988025203125 0.118459384375 0.306477590625 0.10991596562499999 0.29622549062500003 0.1039495796875 0.2872619046875 0.10476190468749999 0.285133053125 0.11633053281250001 0.285553221875 0.12058823593750001 0.2988025203125 0.118459384375
0 0.982303921875 0.11036414531250001 0.9742086828125001 0.10140056093750001 0.9665056015625 0.1035294125 0.9660854343749999 0.1146218484375 0.9724999999999999 0.1197478984375 0.9814635859375 0.1188795515625 0.982303921875 0.11036414531250001
0 0.33804621875 0.11036414531250001 0.3299509796875 0.10140056093750001 0.3222478984375 0.1035294125 0.32182773125 0.1146218484375 0.328242296875 0.1197478984375 0.3372058828125 0.1188795515625 0.33804621875 0.11036414531250001
0 1 0.10276883125 0.9950490203125 0.10140056093750001 0.9869537812500001 0.11036414531250001 0.9877941171875 0.1188795515625 0.996757703125 0.1197478984375 1 0.1171568921875 1 0.10276883125