0 0.8429351531249999 0.2037798640625 0.8535494874999999 0.2250085328125 0.8837201359375 0.211936859375 0.8837201359375 0.1956228671875 0.86986348125 0.1817662109375 0.8429351531249999 0.2037798640625
0 0.512252559375 0.4827559734375 0.5450511953125 0.479479521875 0.5581911265625 0.44009385625 0.513344709375 0.44337030781250003 0.512252559375 0.4827559734375
0 0.10426621093749999 0.6190699656249999 0.0750511953125 0.6523805453125 0.082525596875 0.6734385671875 0.098839590625 0.686339590625 0.12535836250000001 0.6768515359375 0.1246757671875 0.636749146875 0.10426621093749999 0.6190699656249999
0 0.0724914671875 0.26340443750000003 0.0508532421875 0.29091296875 0.0544027296875 0.3106058015625 0.0831058015625 0.3106058015625 0.097269625 0.29091296875 0.0937201359375 0.26654436875 0.0724914671875 0.26340443750000003
0 0.7165529015625001 0.3204010234375 0.6839249140625 0.3195819109375 0.668430034375 0.346476109375 0.6814675765625 0.366885665625 0.73122866875 0.37340443749999996 0.738566553125 0.3342576796875 0.7165529015625001 0.3204010234375
0 0.8176450515625 0.22418942031250003 0.8217406140625 0.24784129687499998 0.8388737203125001 0.24538395937500002 0.8502730375 0.23968430000000002 0.8421160406249999 0.2176706484375 0.8176450515625 0.22418942031250003
0 0.35532423281250003 0.64900170625 0.3390102390625 0.6694112624999999 0.3463481234375 0.6914249140625001 0.365085325 0.693063140625 0.37488054531250004 0.66859215 0.37324232031250004 0.6555546078125001 0.35532423281250003 0.64900170625
0 0.62767918125 0.44924061406250004 0.62604095625 0.4924488046875 0.688020478125 0.5022440265625 0.719795221875 0.483472696875 0.7051194546875 0.4476023890625 0.62767918125 0.44924061406250004
0 0.40423208125 0.2861348125 0.3920136515625 0.33589590468749997 0.420546075 0.35709044375 0.44825938593750003 0.3163054609375 0.429522184375 0.2837116046875 0.40423208125 0.2861348125
0 0.31372013593750003 0.5625853249999999 0.2696928328125 0.5715614328124999 0.26071672343749996 0.6188651875 0.30068259375 0.6310836171875 0.3316723546875 0.6074317406249999 0.3398293515625 0.5634044375 0.31372013593750003 0.5625853249999999
0 0.8358703078125 0.7462372015625001 0.8981911265625 0.757158703125 0.917883959375 0.6817320812500001 0.8544709890625001 0.6751450515624999 0.8358703078125 0.7462372015625001
0 0.7024914671875 0.60517918125 0.737474403125 0.6172269625 0.738566553125 0.5811518765625 0.7003071671875001 0.574564846875 0.7024914671875 0.60517918125
0 0.2564505125 0.8325853249999999 0.2695563140625 0.8369539250000001 0.277201365625 0.8063395906249999 0.24549488125000002 0.8052474406250001 0.2564505125 0.8325853249999999
0 0.217064846875 0.873336178125 0.195017065625 0.8846331062499999 0.1842662109375 0.9220051187499999 0.20522184375000002 0.9401279859375 0.23180887343749998 0.932209896875 0.237474403125 0.8931314 0.217064846875 0.873336178125