0 0.38477594375 0.720943396875 0.49917845937500005 0.71014675 0.5272497375 0.6281132078125 0.4473755234375 0.5331446546875 0.341610325 0.569832284375 0.32433569218749997 0.6540251578125 0.38477594375 0.720943396875
0 0.66970256875 0.87203354375 0.7258241609375 0.8633962265624999 0.734461478125 0.74683438125 0.7236648328124999 0.7231027250000001 0.684817871875 0.6928721171875 0.5984656703125 0.701509434375 0.5682560265625 0.7403563937500001 0.5941470125 0.79218029375 0.6071029875 0.8590775687500001 0.66970256875 0.87203354375
0 0.4085285640625 0.479182390625 0.4408975359375 0.46406708593749996 0.449534853125 0.4446540875 0.4408975359375 0.4079454921875 0.43873820781250006 0.3906918234375 0.42362290312499995 0.3496645703125 0.4020505765625 0.33457023124999996 0.3739792984375 0.3431865828125 0.3696606390625 0.3712578609375 0.3567046640625 0.3820545078125 0.3308136796875 0.436016771875 0.3480883125 0.46190775625 0.4085285640625 0.479182390625
0 0.4538744765625 0.41129979062500005 0.46343422500000003 0.40955974843750004 0.47297300781249996 0.3930817609375 0.4720925046875 0.3714046125 0.46343422500000003 0.3601257859375 0.4556145171875 0.3601257859375 0.446935271875 0.36272536718750004 0.446935271875 0.392222221875 0.4538744765625 0.41129979062500005
0 0.3584656703125 0.26643605937500003 0.389681603125 0.2577568140625 0.40270047187499997 0.23345911875 0.3844824421875 0.1918239 0.3575851671875 0.197044025 0.345446803125 0.2213207546875 0.3584656703125 0.26643605937500003
0 0.31423087031249997 0.163207546875 0.3419876828125 0.1675471703125 0.367144915625 0.14584905625 0.4044405140625 0.1206918234375 0.40096042968749995 0.0703773578125 0.3818828609375 0.0400209640625 0.3211700734375 0.028742139062499998 0.2994719609375 0.031341718750000004 0.269115565625 0.09119496875000001 0.26997510468749997 0.1423899375 0.31423087031249997 0.163207546875
0 0.709031709375 0.1453039828125 0.733622903125 0.15584905625 0.7481721703125 0.13576519843749998 0.7311071796874999 0.118700209375 0.7120296125000001 0.118700209375 0.702490828125 0.129748428125 0.709031709375 0.1453039828125
0 0.7130359015625001 0.321509434375 0.725090409375 0.33706498906250004 0.7356354828125 0.3260377359375 0.7386333859375 0.3194968546875 0.72056210625 0.30092243125 0.7130359015625001 0.321509434375
0 0 0.711838734375 0.09647405625 0.720943396875 0.1569143078125 0.6540251578125 0.13963967500000002 0.569832284375 0.0338744765625 0.5331446546875 0 0.57342060625 0 0.711838734375
0 0.9444405140625 0.7403563937500001 0.9142308703124999 0.701509434375 0.82787866875 0.6928721171875 0.789031709375 0.7231027250000001 0.7782350625000001 0.74683438125 0.7868723796875 0.8633962265624999 0.8429939734375 0.87203354375 0.905593553125 0.8590775687500001 0.918549528125 0.79218029375 0.9444405140625 0.7403563937500001
0 0.12454533593749999 0.3820545078125 0.1115893609375 0.3712578609375 0.1072707015625 0.3431865828125 0.0791994234375 0.33457023124999996 0.05762709687499999 0.3496645703125 0.0425117921875 0.3906918234375 0.040352464062499996 0.4079454921875 0.031715146875 0.4446540875 0.040352464062499996 0.46406708593749996 0.0727214359375 0.479182390625 0.1331616875 0.46190775625 0.1504363203125 0.436016771875 0.12454533593749999 0.3820545078125
0 0.0256354828125 0.3601257859375 0.017815775 0.3601257859375 0.0091574953125 0.3714046125 0.0082769921875 0.3930817609375 0.017815775 0.40955974843750004 0.0273755234375 0.41129979062500005 0.034314728125 0.392222221875 0.034314728125 0.36272536718750004 0.0256354828125 0.3601257859375
0 0.0967675578125 0.1918239 0.078549528125 0.23345911875 0.091568396875 0.2577568140625 0.1227843296875 0.26643605937500003 0.135803196875 0.2213207546875 0.1236648328125 0.197044025 0.0967675578125 0.1918239
0 0.1817780390625 0.031341718750000004 0.1600799265625 0.028742139062499998 0.0993671390625 0.0400209640625 0.0802895703125 0.0703773578125 0.0768094859375 0.1206918234375 0.114105084375 0.14584905625 0.13926231718749998 0.1675471703125 0.1670191296875 0.163207546875 0.21127489531250002 0.1423899375 0.212134434375 0.09119496875000001 0.1817780390625 0.031341718750000004
0 0.7815893609375 0.118700209375 0.7645243703125 0.13576519843749998 0.7790736375 0.15584905625 0.8036648328125 0.1453039828125 0.8102057125 0.129748428125 0.800666928125 0.118700209375 0.7815893609375 0.118700209375
0 0.777061059375 0.3260377359375 0.7876061328125 0.33706498906250004 0.7996606390625 0.321509434375 0.7921344343750001 0.30092243125 0.7740631546875 0.3194968546875 0.777061059375 0.3260377359375