0 0.584990578125 0.28025125625 0.65961369375 0.2984924625 0.6934327890625 0.2585929640625 0.6821765078124999 0.22562814062499997 0.6240358046875001 0.1918090453125 0.5831815328125 0.22130653281249998 0.584990578125 0.28025125625
0 0.5482066578125 0.5524120609375001 0.5963976125 0.55 0.6054428390625 0.4921608046875 0.5813222359375 0.460854271875 0.5367493718749999 0.489145728125 0.5482066578125 0.5524120609375001
0 0.61564384375 0.640351759375 0.648005653125 0.6869346734375 0.6933825375 0.6795477390625 0.689764446875 0.6156783921875 0.680719221875 0.56025125625 0.66262876875 0.5090452265625001 0.6367493718749999 0.496984925 0.616849875 0.5217085421875 0.6024277640625 0.5686934671875 0.61564384375 0.640351759375
0 0.34122173437500003 0.9354271359374999 0.39664886875 0.9667336687500001 0.40021670781249996 0.9185427140625 0.37373429687500004 0.8523115578124999 0.329764446875 0.8751758796875 0.34122173437500003 0.9354271359374999
0 0.87564384375 0.786884421875 0.8728297734374999 0.7633165828124999 0.8337845484375 0.7322613062500001 0.7665483671875 0.748140703125 0.793985553125 0.8421105531249999 0.8518247484374999 0.8623618093750001 0.8735332921875001 0.85226130625 0.87564384375 0.842864321875 0.87564384375 0.786884421875
0 0.518508165625 0.16788944687500001 0.5814227390625 0.1555276375 0.6009202265625 0.109346734375 0.5908197234375 0.066633165625 0.5466991203125 0.067386934375 0.501875 0.1071859296875 0.518508165625 0.16788944687500001
0 0.758256909375 0.1 0.8155433421874999 0.12010050312500001 0.8436840453125001 0.11356783906250001 0.83715138125 0.069346734375 0.813030778125 0.027638190624999996 0.7652920859375001 0.0366834171875 0.758256909375 0.1
0 0.498508165625 0 0.4939353015625 0.008844221874999999 0.5141865578125 0.053668342187499996 0.553231784375 0.05798995 0.5733825375 0 0.498508165625 0
0 0.46730213593750003 0.06381909531249999 0.4909202265625 0.0683417078125 0.4999654515625 0.04874371875 0.48639761249999997 0.0326633171875 0.46076947187500006 0.04572864375 0.46730213593750003 0.06381909531249999
0 0.6301162062500001 0.42080402031249997 0.6995131906250001 0.45376884375 0.7194629390625 0.3609547734375 0.686498115625 0.32190954843749997 0.6240358046875001 0.338391959375 0.6301162062500001 0.42080402031249997
0 0.8994629390625001 0.8623618093750001 0.9573021359375 0.8421105531249999 0.984739321875 0.748140703125 0.9175031406249999 0.7322613062500001 0.8784579140625001 0.7633165828124999 0.87564384375 0.786884421875 0.87564384375 0.842864321875 0.8777543968750001 0.85226130625 0.8994629390625001 0.8623618093750001
0 0.91413630625 0.069346734375 0.9076036437500001 0.11356783906250001 0.9357443468750001 0.12010050312500001 0.9930307781250001 0.1 0.985995603125 0.0366834171875 0.938256909375 0.027638190624999996 0.91413630625 0.069346734375