0 0.621260534375 0.9160674156249999 0.6465414328125 0.8874157296874999 0.645979634375 0.8480898874999999 0.6077773875 0.8306741578124999 0.59373244375 0.8244943812500001 0.5414852531250001 0.8610112359375 0.5583391859375 0.9093258421874999 0.621260534375 0.9160674156249999
0 0.5835639046875001 0.20337078593750002 0.6102492984375 0.15 0.5827212078125 0.1160112359375 0.53418188125 0.104662921875 0.494575140625 0.1580898875 0.5155863765625 0.20337078593750002 0.5835639046875001 0.20337078593750002
0 0.5167661515625 0.49640449374999995 0.485305478125 0.5014606734375 0.4965414328125 0.5306741578125 0.523507725 0.5211235953125 0.5167661515625 0.49640449374999995
0 0.48890098281250005 0.4452808984375 0.52446278125 0.4921910109375 0.560867275 0.5148314609375 0.5916537921875 0.5188764046875 0.616709971875 0.5067415734375 0.6336762640625 0.458202246875 0.6304740171875001 0.3999438203125 0.5827212078125 0.387022471875 0.5253054781250001 0.3886516859375 0.4969908703125 0.419382021875 0.48890098281250005 0.4452808984375
0 0.47817064531250003 0.3379213484375 0.45266502812500004 0.369157303125 0.48058637656250003 0.3880898875 0.51182233125 0.36752809062499997 0.47817064531250003 0.3379213484375
0 0.423507725 0.7346067421875 0.4150807578125 0.7171910109375 0.389799859375 0.7368539328125 0.395979634375 0.758202246875 0.4167661515625 0.753707865625 0.423507725 0.7346067421875
0 0.84204705 0.8244943812500001 0.8280021062499999 0.8306741578124999 0.789799859375 0.8480898874999999 0.7892380625000001 0.8874157296874999 0.8145189609375001 0.9160674156249999 0.877440309375 0.9093258421874999 0.8942942421875 0.8610112359375 0.84204705 0.8244943812500001
0 0 0.20337078593750002 0.0437886234375 0.20337078593750002 0.064799859375 0.1580898875 0.02519311875 0.104662921875 0 0.1105529796875 0 0.20337078593750002
0 0.9015976125 0.104662921875 0.8530582859375 0.1160112359375 0.8255301968750001 0.15 0.852215590625 0.20337078593750002 0.92019311875 0.20337078593750002 0.9412043546875 0.1580898875 0.9015976125 0.104662921875
0 0.074069521875 0.5014606734375 0.0426088484375 0.49640449374999995 0.035867275 0.5211235953125 0.0628335671875 0.5306741578125 0.074069521875 0.5014606734375
0 0.9504740171874999 0.5014606734375 0.9190133421875 0.49640449374999995 0.9122717703125 0.5211235953125 0.9392380625 0.5306741578125 0.9504740171874999 0.5014606734375
0 0 0.5139033953125 0.03491221875 0.4921910109375 0.0704740171875 0.4452808984375 0.0623841296875 0.419382021875 0.034069521874999995 0.3886516859375 0 0.3876849375 0 0.5139033953125
0 0.8530582859375 0.387022471875 0.805305478125 0.3999438203125 0.8021032296874999 0.458202246875 0.8190695218749999 0.5067415734375 0.8441257015625 0.5188764046875 0.8749122187499999 0.5148314609375 0.9113167140625 0.4921910109375 0.9468785109375 0.4452808984375 0.9387886234374999 0.419382021875 0.9104740171874999 0.3886516859375 0.8530582859375 0.387022471875
0 0.106709971875 0.369157303125 0.08120435468750001 0.3379213484375 0.04755266875 0.36752809062499997 0.07878862343750001 0.3880898875 0.106709971875 0.369157303125
0 0.983114465625 0.369157303125 0.9576088484374999 0.3379213484375 0.9239571625 0.36752809062499997 0.9551931187499999 0.3880898875 0.983114465625 0.369157303125
0 0.169575140625 0.7368539328125 0.1442942421875 0.7171910109375 0.135867275 0.7346067421875 0.1426088484375 0.753707865625 0.163395365625 0.758202246875 0.169575140625 0.7368539328125