0 0.4655148203125 0.3712164953125 0.48165915000000004 0.3591752578125 0.480628221875 0.3325773203125 0.465576675 0.32618556718749997 0.45091688124999996 0.3301443296875 0.44596842812500004 0.353649484375 0.4655148203125 0.3712164953125
0 0.56827770625 0.185072165625 0.5604426546875 0.1772371140625 0.540855025 0.1818556703125 0.5458447171875 0.20074226875 0.5597416234375 0.20109278281249998 0.56827770625 0.185072165625
0 0.67963853125 0.1028041234375 0.670648840625 0.084412371875 0.6210612109375 0.0801443296875 0.6317416234375 0.120329896875 0.67365915 0.120329896875 0.67963853125 0.1028041234375
0 0.24489626250000002 0.039360825 0.239205540625 0.034164948437499995 0.2278240984375 0.036391753124999995 0.21594780937500002 0.0391134015625 0.221885953125 0.05865979375 0.23722615937499997 0.057917525000000004 0.24489626250000002 0.039360825
0 0.2646900765625 0.058412371875 0.26345296406249996 0.05074226875 0.2500921390625 0.05 0.24093749999999997 0.0554432984375 0.24143234531250002 0.066082475 0.2567725515625 0.06905154687500001 0.2646900765625 0.058412371875
0 0.6420509015625 0.47779381406250004 0.6287931703125 0.47865979375 0.617267396875 0.48678350468750003 0.63691688125 0.4961855671875 0.6407725515625 0.4872164953125 0.6420509015625 0.47779381406250004
0 0.42887564375 0.5490721656249999 0.418566365625 0.5412371140625 0.40970038593749997 0.54329896875 0.4064014171875 0.5503092781250001 0.4154735828125 0.5571134015625 0.42887564375 0.5490721656249999
0 0.8415354374999999 0.7412577312499999 0.8557828609374999 0.72938144375 0.8477622421875 0.7017731953124999 0.8293704890625 0.6881030921875 0.816586984375 0.7088865984375 0.8269787375 0.7338350515625 0.8415354374999999 0.7412577312499999
0 0.8842983249999999 0.6711958765625 0.8783601796875 0.6593195875 0.8548962625 0.67861855625 0.8528137890625 0.697010309375 0.8756797687500001 0.6931546390625 0.8842983249999999 0.6711958765625
0 0.876566365625 0.8371546390625 0.8620302828125 0.8145979375 0.8320302828124999 0.8154845359375 0.83499935625 0.8434020625 0.8703395625000001 0.849628865625 0.876566365625 0.8371546390625
0 0.5911230671875 0.8705979375 0.5893292531250001 0.86525773125 0.578298325 0.8684742265625 0.5640509015624999 0.8802268046874999 0.568669459375 0.8948247421875 0.5847106953125001 0.89197938125 0.5911230671875 0.8705979375
0 0.45073131406250005 0.9997938140624999 0.45567976874999994 0.9991752578125 0.4575354375 0.9981443296875 0.4560921390625 0.9898969078125001 0.44846327343750003 0.98927835 0.44495811874999996 0.9938144328125 0.44763853124999997 0.999587628125 0.45073131406250005 0.9997938140624999
0 0.32223646875 0.8482680406249999 0.3081333765625 0.8341649484375001 0.292545746875 0.846288659375 0.295019975 0.863360825 0.320009665625 0.861628865625 0.32223646875 0.8482680406249999
0 0.5716179125 0.6425360828125 0.5718240984375 0.6186185562500001 0.5648137890625 0.611608246875 0.5462570875 0.620268040625 0.5520302828125 0.6637731953125 0.5621333765625 0.6641855671875 0.5716179125 0.6425360828125
0 0.764586984375 0.549917525 0.771267396875 0.528639175 0.7662570875 0.5190309281250001 0.7374529640625 0.51527835 0.7311849234375 0.5365773203125 0.7428756437499999 0.5541030921875 0.764586984375 0.549917525
0 0.7154117265625 0.773628865625 0.6728550249999999 0.7618144328125 0.6314942015625 0.778350515625 0.6433086343750001 0.82327835 0.69767976875 0.8244536078125 0.7154117265625 0.773628865625
0 0.3150612109375 0.7131134015625 0.307968428125 0.7178350515624999 0.28906121093750003 0.719010309375 0.30087564375000003 0.7355670109375 0.32807152031250003 0.7308453609375001 0.3150612109375 0.7131134015625
0 0.20203028281250002 0.32665979375 0.207968428125 0.29934020625 0.20320554062500001 0.28806185625 0.192525128125 0.28272165 0.16431894375 0.294288659375 0.1607519328125 0.31626804062499997 0.177968428125 0.3311134015625 0.20203028281250002 0.32665979375
0 0.943019975 0.6881030921875 0.924628221875 0.7017731953124999 0.916607603125 0.72938144375 0.930855025 0.7412577312499999 0.9454117265624999 0.7338350515625 0.9558034796875001 0.7088865984375 0.943019975 0.6881030921875
0 0.9174942015625 0.67861855625 0.8940302828125001 0.6593195875 0.8880921390625 0.6711958765625 0.8967106953125 0.6931546390625 0.9195766750000001 0.697010309375 0.9174942015625 0.67861855625
0 0.9403601796875 0.8154845359375 0.9103601796874999 0.8145979375 0.8958240984374999 0.8371546390625 0.9020509015625 0.849628865625 0.9373911078124999 0.8434020625 0.9403601796875 0.8154845359375
0 0.05755605625 0.294288659375 0.029349871875 0.28272165 0.018669459375 0.28806185625 0.013906571875 0.29934020625 0.0198447171875 0.32665979375 0.043906571875 0.3311134015625 0.061123067187500005 0.31626804062499997 0.05755605625 0.294288659375