0 0.6738144328125 0.534423325 0.6674226796875 0.519371778125 0.6408247421875 0.51834085 0.6287835046875 0.5344851796875 0.646350515625 0.554031571875 0.6698556703125 0.54908311875 0.6738144328125 0.534423325
0 0.8181443296875001 0.45914497499999996 0.8227628859375 0.4395573453125 0.8149278343749999 0.43172229375000004 0.7989072171875 0.4402583765625 0.79925773125 0.4541552828125 0.8181443296875001 0.45914497499999996
0 0.9198556703125 0.3789387890625 0.915587628125 0.329351159375 0.8971958765625001 0.32036146875 0.879670103125 0.32634085 0.879670103125 0.3682583765625 0.9198556703125 0.3789387890625
0 0.9608865984375001 0.784052190625 0.963608246875 0.7721759015625 0.9658350515624999 0.760794459375 0.9606391750000001 0.7551037375 0.942082475 0.762773840625 0.9413402062499999 0.7781140468750001 0.9608865984375001 0.784052190625
0 0.9445567015625 0.7590625 0.95 0.7499078609375001 0.94925773125 0.7365470359375 0.941587628125 0.7353099234375 0.930948453125 0.7432274484375 0.933917525 0.7585676546875 0.9445567015625 0.7590625
0 0.5132164953125 0.382732603125 0.52134020625 0.3712068296875 0.5222061859375 0.3579490984375 0.5127835046875 0.3592274484375 0.5038144328125 0.36308311875 0.5132164953125 0.382732603125
0 0.45670103125 0.5902996140625001 0.45876288593750003 0.581433634375 0.450927834375 0.57112435625 0.4428865984375 0.5845264171875 0.449690721875 0.5935985828125 0.45670103125 0.5902996140625001
0 0.3118969078125 0.1706295109375 0.29822680468749996 0.15223775781249999 0.27061855625 0.1442171390625 0.25874226875 0.15846456250000002 0.2661649484375 0.1730212625 0.2911134015625 0.183413015625 0.3118969078125 0.1706295109375
0 0.32138144375 0.1451037375 0.3406804125 0.12163982031250001 0.3288041234375 0.11570167499999999 0.30684536093750003 0.12432023125 0.302989690625 0.1471862109375 0.32138144375 0.1451037375
0 0.1845154640625 0.1679697171875 0.1854020625 0.1379697171875 0.1628453609375 0.12343363437499999 0.150371134375 0.1296604375 0.1565979375 0.16500064375 0.1845154640625 0.1679697171875
0 0.1197731953125 0.4359490984375 0.1315257734375 0.421701675 0.13474226875 0.410670746875 0.1294020625 0.40887693281250004 0.10802061874999999 0.41528930468749997 0.10517525781249999 0.431330540625 0.1197731953125 0.4359490984375
0 0.010721650000000001 0.5515367265625 0.0101030921875 0.5439078609375 0.0018556703125 0.5424645625 0.0008247421875000001 0.5443202312500001 0.0002061859375 0.5492686859375 0.000412371875 0.55236146875 0.006185567187499999 0.55504188125 0.010721650000000001 0.5515367265625
0 0.153711340625 0.707454253125 0.1658350515625 0.6918666234375 0.151731959375 0.67776353125 0.13837113437499998 0.679990334375 0.136639175 0.704980025 0.153711340625 0.707454253125
0 0.37973195937500004 0.4537429125 0.38839175312499996 0.43518621093750004 0.38138144375 0.4281759015625 0.3574639171875 0.4283820875 0.3358144328125 0.43786662343750005 0.3362268046875 0.4479697171875 0.37973195937500004 0.4537429125
0 0.48472165 0.2625470359375 0.480969071875 0.23374291249999998 0.471360825 0.22873260312500002 0.450082475 0.235413015625 0.4458969078125 0.25712435624999996 0.46342267968749995 0.26881507656250003 0.48472165 0.2625470359375
0 0.221649484375 0.36850579843750003 0.2381855671875 0.327144975 0.22637113437499998 0.2845882734375 0.1755463921875 0.30232023125 0.17672165 0.35669136562500003 0.221649484375 0.36850579843750003
0 0.280989690625 0.7109387890625001 0.2821649484375 0.6920315718750001 0.28688659843750003 0.6849387890624999 0.26915463906250003 0.6719284796875 0.2644329890625 0.69912435625 0.280989690625 0.7109387890625001
0 0.705711340625 0.83568105625 0.7172783500000001 0.807474871875 0.7119381437500001 0.796794459375 0.70065979375 0.7920315718750001 0.67334020625 0.7979697171875 0.6688865984375 0.822031571875 0.683731959375 0.8392480671874999 0.705711340625 0.83568105625
0 0.25874226875 0.069144975 0.27061855625 0.083392396875 0.29822680468749996 0.075371778125 0.3118969078125 0.056980025000000004 0.2911134015625 0.0441965203125 0.2661649484375 0.0545882734375 0.25874226875 0.069144975
0 0.3288041234375 0.1119078609375 0.3406804125 0.10596971718749999 0.32138144375 0.0825057984375 0.302989690625 0.080423325 0.30684536093750003 0.1032893046875 0.3288041234375 0.1119078609375
0 0.1628453609375 0.1041759015625 0.1854020625 0.0896398203125 0.1845154640625 0.0596398203125 0.1565979375 0.0626088921875 0.150371134375 0.0979490984375 0.1628453609375 0.1041759015625
0 0.67334020625 0.9801552828125001 0.70065979375 0.986093428125 0.7119381437500001 0.981330540625 0.7172783500000001 0.9706501281250001 0.705711340625 0.9424439437500001 0.683731959375 0.9388769328125001 0.6688865984375 0.9560934281250001 0.67334020625 0.9801552828125001