0 0.3478787875 0.3045968609375 0.30099567031249996 0.3532981609375 0.3442857140625 0.3755492421875 0.37614718593749996 0.3262418828125 0.3478787875 0.3045968609375
0 0.8981385281250001 0.534466990625 0.8719480515625 0.5713501078125 0.9161471859375 0.5721293296875001 0.92926406875 0.5607007578125 0.8981385281250001 0.534466990625
0 0.2629870125 0.19316829062500002 0.23411255468749997 0.163601190625 0.1770995671875 0.16429383125000002 0.1684415578125 0.219142315625 0.2370129875 0.2451163421875 0.2629870125 0.19316829062500002
0 0.195151515625 0.3432981609375 0.16987012968749998 0.2934713203125 0.1323376625 0.2942072515625 0.137402596875 0.36061417812499996 0.174935065625 0.3750297625 0.195151515625 0.3432981609375
0 0.1070995671875 0.5655925328125 0.06883116875 0.580744046875 0.07099567031250001 0.6218695890625 0.11285714218750001 0.6247700218750001 0.1070995671875 0.5655925328125
0 0.021212121875 0.8197916671875 0.0565800859375 0.8311769484375 0.08545454531249999 0.748189934375 0.0623376625 0.7113933984374999 0.0233766234375 0.7388392859375 0.024675325 0.7760687234375 0.018614718750000002 0.8003111468749999 0.021212121875 0.8197916671875
0 0.2832034625 0.681047078125 0.28246753281250003 0.64641504375 0.2543290046875 0.63706439375 0.2189610390625 0.6615665578125001 0.2203896109375 0.7041639609375 0.24926406874999998 0.7135579 0.2832034625 0.681047078125
0 0.34670995625 0.5316531390625 0.3170995671875 0.51217261875 0.286103896875 0.5518695890624999 0.30194805156250004 0.594466990625 0.3380519484375 0.584337121875 0.34670995625 0.5316531390625
0 0.29216450156249996 0.4148998921875 0.2631168828125 0.36481331093749997 0.2215151515625 0.4013933984375 0.2370129875 0.45853625468750003 0.274632034375 0.467540584375 0.29216450156249996 0.4148998921875
0 0.8719047625 0.7109604984375 0.890692640625 0.70663149375 0.9015151515625 0.690744046875 0.8870995671875 0.6611336578125 0.8610822515625 0.6532115796875 0.8394372296875 0.664770021875 0.8394372296875 0.69364448125 0.8719047625 0.7109604984375
0 0.1770995671875 0.14195616875 0.23411255468749997 0.142648809375 0.2629870125 0.11308170937499999 0.2370129875 0.0611336578125 0.1684415578125 0.08710768437500001 0.1770995671875 0.14195616875
0 0.0233766234375 0.9526920999999999 0.0623376625 0.9801379875 0.08545454531249999 0.9433414499999999 0.0565800859375 0.8603544375000001 0.021212121875 0.87173971875 0.018614718750000002 0.8912202375 0.024675325 0.9154626625000001 0.0233766234375 0.9526920999999999
0 0.27225845937500004 1 0.24926406874999998 0.9779734843749999 0.2203896109375 0.9873674250000001 0.2199659578125 1 0.27225845937500004 1
0 0.90097881875 1 0.890692640625 0.9848998921875 0.8719047625 0.9805708875000001 0.8394372296875 0.9978869046875 0.8394372296875 1 0.90097881875 1