0 0.951890034375 0.28431056718750003 0.9334364265625 0.24217998281250003 0.9229209624999999 0.24568513749999998 0.921168384375 0.2764067875 0.92817869375 0.28431056718750003 0.951890034375 0.28431056718750003
0 0.68426116875 0.50190506875 0.663230240625 0.490496134375 0.6544329890625 0.4992590203125 0.6605841921875 0.5282280921875 0.6746048109375 0.5246885734375 0.68426116875 0.50190506875
0 0.412268040625 0.45626932968749995 0.4079037796875 0.464173109375 0.3789347078125 0.4746885734375 0.36841924375 0.5071627999999999 0.3649140890625 0.5290872 0.345601375 0.5580562718750001 0.321030928125 0.5887435562500001 0.345601375 0.5887435562500001 0.361408934375 0.6089153781250001 0.37807560156250003 0.5852384015625 0.36577319531249997 0.5606679546875 0.3991065296875 0.5352384015625 0.41841924375 0.5194308421875 0.43333333281249997 0.5054102234375 0.505292096875 0.48345146093749997 0.5149484531249999 0.4825923546875 0.5272164953125 0.4650322171875 0.52281786875 0.4518707046875 0.49037800625 0.42730025781250003 0.4631615125 0.42379510312499996 0.43773195937500003 0.40802190781250003 0.41756013750000004 0.44661297187500004 0.412268040625 0.45626932968749995
0 0.10773195937499999 0.6723518046875 0.1338144328125 0.62970575625 0.12491408906250001 0.5889841062500001 0.0765635734375 0.5998088484374999 0.06635738906250001 0.6233483671875 0.07910652968750001 0.665994415625 0.10773195937499999 0.6723518046875
0 0.8054639171875 0.7163724234375 0.8391752578125 0.7132109109375 0.8506529203125 0.6813896046875 0.8245360828124999 0.6750322171875001 0.8054639171875 0.678193728125 0.7997250859375 0.700496134375 0.8054639171875 0.7163724234375
0 0.9452233671875 0.5863724234375 0.9375601375 0.5634514609375 0.9159450171874999 0.5768191578125 0.921030928125 0.5952727656250001 0.9420274921875 0.5952727656250001 0.9452233671875 0.5863724234375
0 0.42381443281250003 0.24760953593749999 0.4109965640625 0.22654424374999999 0.38718213125 0.23479166718750002 0.3862542953125 0.2531078171875 0.4109965640625 0.2586061 0.42381443281250003 0.24760953593749999
0 0.6923367703125 0.225616409375 0.7042268046875 0.161492696875 0.6767353953125 0.1413208765625 0.6373539515625 0.140393040625 0.6162542953125 0.186234965625 0.642852234375 0.22654424374999999 0.6923367703125 0.225616409375
0 0.753711340625 0.36217998281249997 0.7454639171874999 0.35025558437500004 0.719828178125 0.36125214843750003 0.7344673546875 0.383245275 0.751890034375 0.373176546875 0.753711340625 0.36217998281249997
0 0.5117869421875 0.3035201890625 0.5136426109375 0.2787779203125 0.4925429546875 0.2833483671875 0.48890034375 0.295272765625 0.5044673546875 0.3044480234375 0.5117869421875 0.3035201890625
0 0.597010309375 0.3154445875 0.585120275 0.27235180468750003 0.536529209375 0.26410438125 0.5282817875 0.307197165625 0.5731958765625 0.327334621875 0.597010309375 0.3154445875
0 0.0031958765625000004 0.3749978515625 0.0031958765625000004 0.40431056718749997 0.00230240625 0.448296821875 0.00962199375 0.5005304984375 0.01694158125 0.55094286875 0.040790378125 0.56836555 0.08384879687499999 0.544516753125 0.10859106562500001 0.48496348749999996 0.1305841921875 0.43455111718749995 0.13608247499999998 0.40156142656249993 0.18109965625 0.374173109375 0.0966666671875 0.31358891718750004 0.04353951875 0.3080906359375 0.012371134374999999 0.3319394328125 0.0031958765625000004 0.3749978515625
0 0.34134020625 0.36125214843750003 0.32027491406249997 0.3465786078125 0.306529209375 0.348434278125 0.305601375 0.373176546875 0.3230240546875 0.378674828125 0.34134020625 0.36125214843750003
0 0.92231826875 0 0.9229209624999999 0.0105648625 0.9334364265625 0.0140700171875 0.9395992312500001 0 0.92231826875 0
0 0.400394115625 0 0.3862542953125 0.0031421828125000003 0.38718213125 0.0214583328125 0.4109965640625 0.02970575625 0.42381443281250003 0.0086404640625 0.41374289218750004 0 0.400394115625 0
0 0.6373539515625 0.115856959375 0.6767353953125 0.11492912343749999 0.7042268046875 0.094757303125 0.6923367703125 0.030633590625000002 0.642852234375 0.02970575625 0.6162542953125 0.070015034375 0.6373539515625 0.115856959375