0 0.3761041671875 0.1154242421875 0.3868011359375 0.1146969703125 0.387528409375 0.10112121249999999 0.38395265156249997 0.0896969703125 0.37537689375 0.086848484375 0.3711041671875 0.10254545468750001 0.3761041671875 0.1154242421875
0 0.3541344703125 0.13 0.3683162875 0.1087272734375 0.335225378125 0.0555151515625 0.284407196875 0.09096969687499999 0.2950435609375 0.11936363593749999 0.322225378125 0.1347272734375 0.3541344703125 0.13
0 0.2903162875 0.3983030296875 0.322225378125 0.41130302968750004 0.363589015625 0.4101212125 0.3801344703125 0.37466666718749997 0.3789526515625 0.312030303125 0.3340435609375 0.3073030296875 0.270225378125 0.3203030296875 0.270225378125 0.3853030296875 0.2903162875 0.3983030296875
0 0.6091041671874999 0.9382727265625 0.6547708328125 0.9394848484375 0.6745284093749999 0.8826969703125 0.641195075 0.86293939375 0.5918314390625 0.8839393937500001 0.5967708328125 0.9024545453125 0.6091041671874999 0.9382727265625
0 0.44825568125000004 0.5727272734375 0.45898295468750006 0.539151515625 0.43752840937500004 0.5105757578125 0.387528409375 0.5091515156249999 0.392528409375 0.5706060609375 0.44825568125000004 0.5727272734375
0 0.46837689375 0.38642424218750004 0.46837689375 0.3604848484375 0.44243750000000004 0.36293939375 0.4325587125 0.36293939375 0.43737689375000005 0.398787878125 0.46837689375 0.38642424218750004
0 0.184407196875 0.925909090625 0.216528409375 0.9283939390624999 0.23255871250000001 0.8975151515625001 0.22516477343750002 0.8691212125 0.190589015625 0.8789999999999999 0.183195075 0.9 0.184407196875 0.925909090625
0 0.68737689375 0.2858787875 0.684528409375 0.25730302968749996 0.6423768937500001 0.24872727343749998 0.63237689375 0.2708787875 0.6509526515624999 0.293030303125 0.68737689375 0.2858787875
0 0.686679925 0.2044545453125 0.67237689375 0.20657575781249998 0.67737689375 0.22587878749999998 0.6909526515625 0.22015151562500002 0.686679925 0.2044545453125
0 0.5630738640625 0.1144242421875 0.5537708328125001 0.1036969703125 0.5430738640625 0.10584848437500001 0.5430738640625 0.12227272656249999 0.5580738640625 0.1236969703125 0.5630738640625 0.1144242421875
0 0.464679925 0.652030303125 0.5011344703125 0.6463333328124999 0.5097102265625 0.5906060609375 0.4661344703125 0.5713030296875 0.440407196875 0.6106060609374999 0.43752840937500004 0.6434545453125 0.464679925 0.652030303125
0 0.5918314390625 0.44072727343749996 0.5757708328125 0.4444242421875 0.56837689375 0.479 0.600467803125 0.46418181875000003 0.5918314390625 0.44072727343749996
0 0 0.127252840625 0.0018314390625 0.13 0.0337405296875 0.1347272734375 0.060922348437499996 0.11936363593749999 0.0715587125 0.09096969687499999 0.020740529687500002 0.0555151515625 0 0.088867140625 0 0.127252840625
0 0 0.41033901562499997 0.0337405296875 0.41130302968750004 0.065649621875 0.3983030296875 0.0857405296875 0.3853030296875 0.0857405296875 0.3203030296875 0.0219223484375 0.3073030296875 0 0.3096106453125 0 0.41033901562499997
0 1 0.866306040625 0.9723465906250001 0.8826969703125 0.9921041671875 0.9394848484375 1 0.9392752703125 1 0.866306040625
0 0.1727708328125 0.9 0.16537689375 0.8789999999999999 0.1308011359375 0.8691212125 0.12340719687499999 0.8975151515625001 0.1394375 0.9283939390624999 0.17155871250000002 0.925909090625 0.1727708328125 0.9
0 1 0.24964241562499997 0.962346590625 0.25730302968749996 0.9594981062500001 0.2858787875 0.9959223484375 0.293030303125 1 0.28816772031250004 1 0.24964241562499997
0 0.9744981062500001 0.20657575781249998 0.960195075 0.2044545453125 0.9559223484375 0.22015151562500002 0.96949810625 0.22587878749999998 0.9744981062500001 0.20657575781249998