0 0.335918675 0.8566265062499999 0.338147590625 0.9021686750000001 0.3830271078125 0.8962650609375 0.3961596390625 0.8819277109374999 0.335918675 0.8566265062499999
0 0.451581325 0.7213253015625 0.4645933734375 0.7662650609375 0.5036295187500001 0.755602409375 0.5107379515625 0.7071686749999999 0.451581325 0.7213253015625
0 0.5191716875 0.2668674703125 0.648268071875 0.27999999999999997 0.69362951875 0.22048192812499998 0.6895933734375 0.13981927656249998 0.6291114453125 0.13981927656249998 0.5474246984375 0.18421686718750002 0.5191716875 0.2668674703125
0 0.6412198796874999 0.3274096390625 0.72995481875 0.3646987953125 0.7712801203125 0.31831325312500003 0.7329668671875 0.2759638546875 0.6734487953125 0.2819879515625 0.6412198796874999 0.3274096390625
0 0.2589909640625 0.241686746875 0.3689307234375 0.22554216875000002 0.42537650625 0.19228915625 0.43344879531249997 0.1085542171875 0.42338855468750003 0.029939759375000003 0.35278614531249997 0.00066265 0.25597891562499997 0.027891565624999996 0.21766566250000002 0.12771084375 0.2589909640625 0.241686746875
0 0.30362951875 1 0.3255572296875 0.9939759031250001 0.33362951875 0.9697590359375001 0.3084487953125 0.9646987953125 0.2741114453125 0.983855421875 0.29387048125000004 1 0.30362951875 1
0 0.37121987968750003 0.770060240625 0.41579819218749997 0.778433734375 0.4290512046875 0.74228915625 0.3904969875 0.7188554218750001 0.37121987968750003 0.770060240625
0 0.18712349374999998 0.6686746984374999 0.1939307234375 0.7296385546875 0.2223042171875 0.73433735 0.2274849390625 0.6608433734375 0.18712349374999998 0.6686746984374999
0 0.5178463859375 0.8210843375 0.5130873499999999 0.8690963859374999 0.5606174703125 0.858433734375 0.552183734375 0.8240963859375 0.5178463859375 0.8210843375
0 0.5630271078125 0.64337349375 0.635918675 0.7524096390625 0.700978915625 0.7397590359375 0.72929216875 0.6602409640625 0.6594126499999999 0.599397590625 0.5630271078125 0.64337349375
0 1 0.27837075 0.9762198796874999 0.2759638546875 0.9379066265624999 0.31831325312500003 0.979231928125 0.3646987953125 1 0.3559714109375 1 0.27837075
0 0 0.2375002140625 0.0285090359375 0.241686746875 0.0698343375 0.12771084375 0.031521084375 0.027891565624999996 0 0.0190256484375 0 0.2375002140625
0 0.0935692765625 0.7296385546875 0.10037650625000001 0.6686746984374999 0.060015060937499996 0.6608433734375 0.0651957828125 0.73433735 0.0935692765625 0.7296385546875