0 0.503125 0.48890625 0.49203125 0.5433854171875 0.5321354171875 0.5895833328125 0.5927083328125 0.57234375 0.5838541671875 0.4973958328125 0.503125 0.48890625
0 0.6777083328125 0.5528125 0.7135416671875 0.54875 0.7074479171875 0.51484375 0.6777083328125 0.5209895828125 0.6777083328125 0.5528125
0 0.14859375 0.5233854171875 0.13203125 0.5598958328125 0.1569270828125 0.6054166671875 0.22453125 0.5944270828125 0.20515625 0.5295833328125 0.14859375 0.5233854171875
0 0.5838541671875 0.7744791671875 0.5927083328125 0.6995312499999999 0.5321354171875 0.6822916671875 0.49203125 0.7284895828125 0.503125 0.78296875 0.5838541671875 0.7744791671875
0 0.5838541671875 0.2328125 0.5927083328125 0.1578645828125 0.5321354171875 0.140625 0.49203125 0.1868229171875 0.503125 0.2413020828125 0.5838541671875 0.2328125
0 0.49238124375 0 0.49203125 0.0017187500000000002 0.5321354171875 0.0479166671875 0.5927083328125 0.0306770828125 0.589084215625 0 0.49238124375 0
0 0.7135416671875 0.723125 0.6777083328125 0.7190624999999999 0.6777083328125 0.7508854171875 0.7074479171875 0.75703125 0.7135416671875 0.723125
0 0.7135416671875 0.18145833281249998 0.6777083328125 0.1773958328125 0.6777083328125 0.20921875 0.7074479171875 0.2153645828125 0.7135416671875 0.18145833281249998
0 0.6777083328125 0 0.6777083328125 0.011145832812500001 0.7135416671875 0.0070833328125 0.7122686265625 0 0.6777083328125 0
0 0.20515625 0.7422916671875 0.22453125 0.6774479171875 0.1569270828125 0.6664583328125 0.13203125 0.7119791671875 0.14859375 0.7484895828125 0.20515625 0.7422916671875
0 0.20515625 0.200625 0.22453125 0.13578125000000002 0.1569270828125 0.12479166718750001 0.13203125 0.1703125 0.14859375 0.2068229171875 0.20515625 0.200625
0 0.1403006859375 0 0.13203125 0.0182291671875 0.1569270828125 0.06375 0.22453125 0.0527604171875 0.2087666921875 0 0.1403006859375 0