0 0.590679271875 0.5554061625 0.6059733890625 0.5375910359375 0.57667366875 0.4993557421875 0.5588305328125001 0.47515406093749996 0.5359173671875 0.4471148453125 0.51426470625 0.43310924375 0.4734803921875 0.422913165625 0.450539215625 0.4203641453125 0.4301750703125 0.42420168125 0.417429971875 0.42675070000000004 0.3879901953125 0.41904761874999996 0.3740966390625 0.4305602234375 0.3588305328125 0.4789635859375 0.3690266109375 0.5554061625 0.3919397765625 0.57579831875 0.4084943984375 0.607647059375 0.4301750703125 0.6305882359375 0.4556372546875 0.62420168125 0.4734803921875 0.5961904765625 0.49387254843750006 0.5770588234375 0.5078781515624999 0.583445378125 0.5180742296874999 0.62039215625 0.5448249296875 0.6191036421875 0.5448249296875 0.57579831875 0.590679271875 0.5554061625
0 0.622443978125 0.2815126046875 0.622443978125 0.26358543437500004 0.6073179265624999 0.25742296875 0.59832633125 0.27512605 0.608522409375 0.282773109375 0.622443978125 0.2815126046875
0 0.5103711484375 0.7552380953125 0.5095308125 0.747563025 0.5014075625000001 0.74201680625 0.49160364218749997 0.748851540625 0.49331232500000005 0.7561064421875 0.5022759109375 0.7590756296875 0.5103711484375 0.7552380953125
0 0.38451680625 0.8960504203124999 0.39348039218749997 0.8952380953124999 0.39560924375 0.8836694671875 0.395189075 0.8794117640625 0.3819397765625 0.8815406156250001 0.37426470625 0.8900840343749999 0.38451680625 0.8960504203124999
0 0.35849439843750003 0.8964705875 0.358914565625 0.8853781515625 0.3525 0.8802521015625 0.3435364140625 0.8811204484375 0.342696078125 0.8896358546875 0.3507913171875 0.8985994390625001 0.35849439843750003 0.8964705875
0 0.8069257703125 0.62039215625 0.8171218484375 0.583445378125 0.8311274515625 0.5770588234375 0.8515196078124999 0.5961904765625 0.8693627453125 0.62420168125 0.8948249296874999 0.6305882359375 0.9165056015624999 0.607647059375 0.9330602234375001 0.57579831875 0.9559733890625 0.5554061625 0.9661694671875001 0.4789635859375 0.9509033609375 0.4305602234375 0.9370098046875001 0.41904761874999996 0.9075700281250001 0.42675070000000004 0.8948249296874999 0.42420168125 0.874460784375 0.4203641453125 0.8515196078124999 0.422913165625 0.81073529375 0.43310924375 0.7890826328125 0.4471148453125 0.7661694671875 0.47515406093749996 0.74832633125 0.4993557421875 0.7190266109375 0.5375910359375 0.7343207281249999 0.5554061625 0.7801750703125 0.57579831875 0.7801750703125 0.6191036421875 0.8069257703125 0.62039215625
0 0.1626680671875 0.62039215625 0.1728641453125 0.583445378125 0.18686974843749998 0.5770588234375 0.2072619046875 0.5961904765625 0.2251050421875 0.62420168125 0.25056722656249997 0.6305882359375 0.27224789843749997 0.607647059375 0.28880252031250003 0.57579831875 0.3117156859375 0.5554061625 0.3219117640625 0.4789635859375 0.30664565781249997 0.4305602234375 0.2927521015625 0.41904761874999996 0.263312325 0.42675070000000004 0.25056722656249997 0.42420168125 0.23020308125 0.4203641453125 0.2072619046875 0.422913165625 0.166477590625 0.43310924375 0.1448249296875 0.4471148453125 0.1219117640625 0.47515406093749996 0.10406862812499999 0.4993557421875 0.0747689078125 0.5375910359375 0.09006302499999999 0.5554061625 0.1359173671875 0.57579831875 0.1359173671875 0.6191036421875 0.1626680671875 0.62039215625
0 0.7176820734375 0.25742296875 0.702556021875 0.26358543437500004 0.702556021875 0.2815126046875 0.716477590625 0.282773109375 0.72667366875 0.27512605 0.7176820734375 0.25742296875
0 0.0734243703125 0.25742296875 0.05829831875 0.26358543437500004 0.05829831875 0.2815126046875 0.0722198875 0.282773109375 0.082415965625 0.27512605 0.0734243703125 0.25742296875
0 0.8333963578124999 0.748851540625 0.8235924375 0.74201680625 0.8154691875 0.747563025 0.8146288515625001 0.7552380953125 0.8227240890624999 0.7590756296875 0.8316876750000001 0.7561064421875 0.8333963578124999 0.748851540625
0 0.1891386546875 0.748851540625 0.179334734375 0.74201680625 0.171211484375 0.747563025 0.1703711484375 0.7552380953125 0.1784663859375 0.7590756296875 0.187429971875 0.7561064421875 0.1891386546875 0.748851540625
0 0.929810925 0.8794117640625 0.9293907562499999 0.8836694671875 0.9315196078125 0.8952380953124999 0.9404831937499999 0.8960504203124999 0.95073529375 0.8900840343749999 0.9430602234375 0.8815406156250001 0.929810925 0.8794117640625
0 0.285553221875 0.8794117640625 0.285133053125 0.8836694671875 0.2872619046875 0.8952380953124999 0.29622549062500003 0.8960504203124999 0.306477590625 0.8900840343749999 0.2988025203125 0.8815406156250001 0.285553221875 0.8794117640625
0 0.9814635859375 0.8811204484375 0.9724999999999999 0.8802521015625 0.9660854343749999 0.8853781515625 0.9665056015625 0.8964705875 0.9742086828125001 0.8985994390625001 0.982303921875 0.8896358546875 0.9814635859375 0.8811204484375
0 0.3372058828125 0.8811204484375 0.328242296875 0.8802521015625 0.32182773125 0.8853781515625 0.3222478984375 0.8964705875 0.3299509796875 0.8985994390625001 0.33804621875 0.8896358546875 0.3372058828125 0.8811204484375
0 1 0.8828431078125 0.996757703125 0.8802521015625 0.9877941171875 0.8811204484375 0.9869537812500001 0.8896358546875 0.9950490203125 0.8985994390625001 1 0.89723116875 1 0.8828431078125