0 0.3552995390625 0.86858006875 0.3274654375 0.86858006875 0.31419354843749997 0.881206796875 0.32543778749999996 0.9010685484375 0.35930875625 0.9030961984375001 0.3659447 0.88719758125 0.3552995390625 0.86858006875
0 0.6288479265625 0.188672234375 0.596958525 0.1897321421875 0.5606451609375 0.19719758125 0.566958525 0.23567684375 0.5797695859374999 0.2409763828125 0.596958525 0.2442021890625 0.6140092171875 0.2473819125 0.6288479265625 0.188672234375
0 0.1858064515625 0.228165321875 0.1110599078125 0.2292713140625 0.11000000000000001 0.2612989625 0.1815207375 0.2943865203125 0.183640553125 0.2783496546875 0.198709678125 0.24848790312500002 0.1858064515625 0.228165321875
0 0.6843778796875 0.41503168125 0.6395391703125 0.41715149843750005 0.6364516124999999 0.4534648625 0.6843778796875 0.4641100234375 0.6843778796875 0.41503168125
0 0.8584331796875 0.6424049546874999 0.8093087562499999 0.6413450453125 0.7986175109375 0.67871831875 0.8115207375000001 0.7043404375 0.8584331796875 0.7065063359375 0.8584331796875 0.6424049546874999
0 0.7964976953125 0.74705933125 0.7206912437499999 0.7449395156249999 0.7025345625 0.7993634796875 0.7516589859375 0.8228657828125 0.7762211984375 0.7918980421875 0.7964976953125 0.74705933125
0 0.88170506875 0.07475518437499999 0.8649769578125 0.05807315625 0.8411059906249999 0.080331221875 0.8498617515625 0.1058150921875 0.8785253453124999 0.097888825 0.88170506875 0.07475518437499999
0 0.20953917031249997 0.569317396875 0.1929953921875 0.5660915906249999 0.183317971875 0.5803773046875 0.194331796875 0.5951238484375 0.2100460828125 0.58821140625 0.20953917031249997 0.569317396875
0 0.24 0.590515553125 0.22336405468749998 0.5826814515625001 0.21603686562500002 0.603418778125 0.2247926265625 0.61263536875 0.2386175109375 0.605262096875 0.24 0.590515553125
0 0.237188940625 0.5605616359375001 0.23677419375 0.5467367515625 0.22248847968750002 0.5458150921875 0.20953917031249997 0.551805875 0.21096774218749997 0.5683957375 0.225668203125 0.5688565671875 0.237188940625 0.5605616359375001
0 0.1625806453125 0.547658409375 0.155161290625 0.54858006875 0.14552995468750002 0.5573358296875 0.1482488484375 0.5702390546875 0.1616589859375 0.5720823734375 0.1699539171875 0.5614832953125 0.1625806453125 0.547658409375
0 0.845716421875 0 0.8411059906249999 0.013418778125 0.8649769578125 0.03567684375 0.88170506875 0.018994815625 0.879094228125 0 0.845716421875 0