0 0.3818330875 0.2316235296875 0.3771742640625 0.2487294125 0.4347036765625 0.25028235312499997 0.45491544062499994 0.228517646875 0.4533625 0.19119999999999998 0.4323742640625 0.16319999999999998 0.416044853125 0.1429882359375 0.3795036765625 0.13056470625 0.3639507359375 0.1048941171875 0.33439779375 0.0979058828125 0.3266330875 0.1196705875 0.32597426406249996 0.12623529375 0.32597426406249996 0.15960000000000002 0.3312919125 0.178752940625 0.36006838281250003 0.195082353125 0.380280146875 0.2052 0.3818330875 0.2316235296875
0 0.538115440625 0.2946117640625 0.551315440625 0.3179294125 0.5909860296875 0.311717646875 0.6119742640625 0.2673882359375 0.5987507359375 0.230847059375 0.548209559375 0.22696470624999998 0.5349860296875 0.2510588234375 0.538115440625 0.2946117640625
0 0.5000919125000001 0.517647059375 0.5085625 0.5348235296875 0.5435507359375 0.5262823531249999 0.5451036765625 0.47576470625 0.518680146875 0.4462117640625 0.48524485312500004 0.449317646875 0.4704683828125 0.49752941249999993 0.5000919125000001 0.517647059375
0 0.4006566171875 0.7875294125 0.41277426406249995 0.8117882359375 0.44823308749999996 0.8220470593750001 0.479009559375 0.8005882359375001 0.4631507359375 0.7623294125 0.4323742640625 0.748352940625 0.40717426406249996 0.7772705875 0.4006566171875 0.7875294125
0 0.6359036765625 0.6602117640625 0.6501625 0.661717646875 0.6531507359375001 0.650847059375 0.649409559375 0.6396 0.6370330875 0.6384705875 0.6344213234375 0.646352940625 0.6359036765625 0.6602117640625
0 0.3883036765625 0.84023529375 0.396844853125 0.831247059375 0.398209559375 0.824047059375 0.39056250000000003 0.8231529406250001 0.3847036765625 0.8285411765624999 0.38425661718750004 0.8317411765625 0.3883036765625 0.84023529375
0 0.6340213234375 0.27280000000000004 0.63232720625 0.26258823593749997 0.626444853125 0.2644705875 0.6243742640625001 0.2716235296875 0.6283742640625001 0.2763294125 0.6340213234375 0.27280000000000004
0 1 0.10233421093749999 0.9891742640625001 0.1048941171875 0.9736213234375001 0.13056470625 0.9370801468750001 0.1429882359375 0.9207507359375 0.16319999999999998 0.8997624999999999 0.19119999999999998 0.8982095593749999 0.228517646875 0.9184213234374999 0.25028235312499997 0.9759507359375 0.2487294125 0.9712919125000001 0.2316235296875 0.972844853125 0.2052 0.9930566171875 0.195082353125 1 0.19114228125 1 0.10233421093749999
0 0.3175507359375 0.0979058828125 0.28799779375 0.1048941171875 0.272444853125 0.13056470625 0.2359036765625 0.1429882359375 0.21957426406249997 0.16319999999999998 0.1985860296875 0.19119999999999998 0.19703308749999998 0.228517646875 0.21724485312500003 0.25028235312499997 0.2747742640625 0.2487294125 0.27011544062500004 0.2316235296875 0.2716683828125 0.2052 0.29188014687499997 0.195082353125 0.3206566171875 0.178752940625 0.32597426406249996 0.15960000000000002 0.32597426406249996 0.12623529375 0.325315440625 0.1196705875 0.3175507359375 0.0979058828125
0 0.8150095593750001 0.2946117640625 0.8181389703124999 0.2510588234375 0.8049154406250001 0.22696470624999998 0.7543742640625 0.230847059375 0.7411507359375 0.2673882359375 0.7621389703125 0.311717646875 0.8018095593749999 0.3179294125 0.8150095593750001 0.2946117640625
0 0.11383308750000001 0.2946117640625 0.1169625 0.2510588234375 0.10373897031249998 0.22696470624999998 0.05319779375 0.230847059375 0.0399742640625 0.2673882359375 0.060962499999999996 0.311717646875 0.1006330875 0.3179294125 0.11383308750000001 0.2946117640625
0 0.8530330875000001 0.517647059375 0.8826566171874999 0.49752941249999993 0.867880146875 0.449317646875 0.834444853125 0.4462117640625 0.8080213234375 0.47576470625 0.8095742640625 0.5262823531249999 0.8445625 0.5348235296875 0.8530330875000001 0.517647059375
0 0.15185661718750001 0.517647059375 0.181480146875 0.49752941249999993 0.1667036765625 0.449317646875 0.1332683828125 0.4462117640625 0.106844853125 0.47576470625 0.10839779375 0.5262823531249999 0.1433860296875 0.5348235296875 0.15185661718750001 0.517647059375
0 0.9524683828124999 0.7875294125 0.9459507359374999 0.7772705875 0.9207507359375 0.748352940625 0.8899742640625 0.7623294125 0.874115440625 0.8005882359375001 0.9048919124999999 0.8220470593750001 0.9403507359375001 0.8117882359375 0.9524683828124999 0.7875294125
0 0.2512919125 0.7875294125 0.2447742640625 0.7772705875 0.21957426406249997 0.748352940625 0.18879779375 0.7623294125 0.1729389703125 0.8005882359375001 0.203715440625 0.8220470593750001 0.2391742640625 0.8117882359375 0.2512919125 0.7875294125
0 0.7187036765625 0.646352940625 0.7160919125 0.6384705875 0.703715440625 0.6396 0.6999742640625 0.650847059375 0.7029625 0.661717646875 0.7172213234375 0.6602117640625 0.7187036765625 0.646352940625
0 0 0.6552204390624999 0.0017860296875 0.661717646875 0.016044853125 0.6602117640625 0.01752720625 0.646352940625 0.014915440625000002 0.6384705875 0.0025389703125 0.6396 0 0.6472328796875 0 0.6552204390624999
0 0.9688683828125001 0.8317411765625 0.9684213234374999 0.8285411765624999 0.9625625 0.8231529406250001 0.954915440625 0.824047059375 0.956280146875 0.831247059375 0.9648213234374999 0.84023529375 0.9688683828125001 0.8317411765625
0 0.2676919125 0.8317411765625 0.267244853125 0.8285411765624999 0.2613860296875 0.8231529406250001 0.25373897031250003 0.824047059375 0.2551036765625 0.831247059375 0.263644853125 0.84023529375 0.2676919125 0.8317411765625
0 0.7287507359375 0.2716235296875 0.7266801468749999 0.2644705875 0.72079779375 0.26258823593749997 0.7191036765625001 0.27280000000000004 0.7247507359375 0.2763294125 0.7287507359375 0.2716235296875
0 0.0275742640625 0.2716235296875 0.0255036765625 0.2644705875 0.019621323437499998 0.26258823593749997 0.01792720625 0.27280000000000004 0.0235742640625 0.2763294125 0.0275742640625 0.2716235296875