0 0.34474719062500003 0.471120084375 0.3269101125 0.464434690625 0.31188202187499997 0.4649683984375 0.30351123593749996 0.47446278125 0.3124157296875 0.492299859375 0.339747190625 0.488395365625 0.34474719062500003 0.471120084375
0 0.1864606734375 0.45050210625 0.1808988765625 0.458844803125 0.1892415734375 0.480024578125 0.214887640625 0.47668188125000005 0.2070786515625 0.45550210625 0.1864606734375 0.45050210625
0 0.5820786515624999 0.6231706453125 0.553202246875 0.618367275 0.5363483140625 0.6231706453125 0.533932584375 0.649659409375 0.5628089890625 0.6633110953125 0.592528090625 0.640024578125 0.5820786515624999 0.6231706453125
0 0.10994382031250001 0.5898841296875 0.1275561796875 0.5756706453125 0.10587078593749999 0.560754915625 0.0787640453125 0.569575140625 0.10994382031250001 0.5898841296875
0 0.65668539375 0.525530196875 0.6451685390625 0.5756706453125 0.6512640453125 0.6014009828125 0.6695505625 0.5898841296875 0.6953089890624999 0.5431425562500001 0.65668539375 0.525530196875
0 0.83786516875 0.469434690625 0.8638764046875 0.46246839843750004 0.8541011234375 0.44109199375 0.829971909375 0.45780547812499994 0.83786516875 0.469434690625
0 0.77235955 0.40811446562500003 0.7844382015625 0.40856390468750003 0.7941853937500001 0.3951088484375 0.7955898875 0.37791783749999996 0.7839887640625001 0.37328300625 0.77235955 0.3769908703125 0.767247190625 0.383030196875 0.76213483125 0.387665028125 0.77235955 0.40811446562500003
0 0.2226966296875 0.4616257015625 0.2388483140625 0.4616257015625 0.2472191015625 0.44994030937499996 0.2472191015625 0.43432233125 0.2338483140625 0.420389746875 0.21879213437499997 0.4181706453125 0.20651685468749997 0.4248560390625 0.2037359546875 0.44044592656250003 0.2226966296875 0.4616257015625
0 0.0214887640625 0.49173806249999996 0.00977528125 0.50454705 0.027050562500000003 0.52182233125 0.059382021875 0.5106987359375 0.0493539328125 0.49061446562500005 0.0214887640625 0.49173806249999996
0 0.3269101125 0.894940309375 0.34474719062500003 0.888254915625 0.339747190625 0.870979634375 0.3124157296875 0.867075140625 0.30351123593749996 0.88491221875 0.31188202187499997 0.8944066015625 0.3269101125 0.894940309375
0 0.3269101125 0.1814571625 0.34474719062500003 0.1747717703125 0.339747190625 0.1574964890625 0.3124157296875 0.15359199375000002 0.30351123593749996 0.1714290734375 0.31188202187499997 0.18092345468749998 0.3269101125 0.1814571625
0 0.2070786515625 0.90387289375 0.214887640625 0.88269311875 0.1892415734375 0.879350421875 0.1808988765625 0.900530196875 0.1864606734375 0.9088728937500001 0.2070786515625 0.90387289375
0 0.2070786515625 0.19038974687500002 0.214887640625 0.169209971875 0.1892415734375 0.165867275 0.1808988765625 0.18704705 0.1864606734375 0.195389746875 0.2070786515625 0.19038974687500002
0 0.553202246875 0.741007725 0.5820786515624999 0.7362043546875 0.592528090625 0.719350421875 0.5628089890625 0.6960639046875 0.533932584375 0.709715590625 0.5363483140625 0.7362043546875 0.553202246875 0.741007725
0 0.5342761796875 0 0.5363483140625 0.022721207812499998 0.553202246875 0.027524578124999997 0.5820786515624999 0.022721207812499998 0.592528090625 0.005867275 0.5850400609374999 0 0.5342761796875 0
0 0.1275561796875 0.7837043546875 0.10994382031250001 0.7694908703125 0.0787640453125 0.789799859375 0.10587078593749999 0.798620084375 0.1275561796875 0.7837043546875
0 0.1275561796875 0.07022120781249999 0.10994382031250001 0.056007724999999994 0.0787640453125 0.0763167140625 0.10587078593749999 0.0851369375 0.1275561796875 0.07022120781249999
0 0.6953089890624999 0.81623244375 0.6695505625 0.7694908703125 0.6512640453125 0.7579740171875 0.6451685390625 0.7837043546875 0.65668539375 0.833844803125 0.6953089890624999 0.81623244375
0 0.6953089890624999 0.1027492984375 0.6695505625 0.056007724999999994 0.6512640453125 0.0444908703125 0.6451685390625 0.07022120781249999 0.65668539375 0.1203616578125 0.6953089890624999 0.1027492984375
0 0.8638764046875 0.8969066015625 0.83786516875 0.8899403093749999 0.829971909375 0.9015695218750001 0.8541011234375 0.91828300625 0.8638764046875 0.8969066015625
0 0.8638764046875 0.18342345468750001 0.83786516875 0.17645716250000001 0.829971909375 0.1880863765625 0.8541011234375 0.204799859375 0.8638764046875 0.18342345468750001
0 0.77235955 0.9823841296875001 0.7839887640625001 0.98609199375 0.7955898875 0.9814571624999999 0.7941853937500001 0.9642661515625001 0.7844382015625 0.9508110953125 0.77235955 0.951260534375 0.76213483125 0.971709971875 0.767247190625 0.976344803125 0.77235955 0.9823841296875001
0 0.77235955 0.2689009828125 0.7839887640625001 0.2726088484375 0.7955898875 0.26797401718749997 0.7941853937500001 0.25078300625 0.7844382015625 0.23732795 0.77235955 0.2377773875 0.76213483125 0.25822682656249996 0.767247190625 0.2628616578125 0.77235955 0.2689009828125
0 0.21879213437499997 0.9412043546875 0.2338483140625 0.938985253125 0.2472191015625 0.92505266875 0.2472191015625 0.9094346906249999 0.2388483140625 0.8977492984375001 0.2226966296875 0.8977492984375001 0.2037359546875 0.9189290734375 0.20651685468749997 0.9345189609375 0.21879213437499997 0.9412043546875
0 0.21879213437499997 0.2277212078125 0.2338483140625 0.22550210625 0.2472191015625 0.211569521875 0.2472191015625 0.1959515453125 0.2388483140625 0.18426615156249998 0.2226966296875 0.18426615156249998 0.2037359546875 0.2054459265625 0.20651685468749997 0.2210358140625 0.21879213437499997 0.2277212078125
0 0.0493539328125 0.868760534375 0.059382021875 0.8486762640625001 0.027050562500000003 0.8375526687500001 0.00977528125 0.85482795 0.0214887640625 0.8676369375 0.0493539328125 0.868760534375
0 0.0493539328125 0.1552773875 0.059382021875 0.13519311875 0.027050562500000003 0.124069521875 0.00977528125 0.141344803125 0.0214887640625 0.1541537921875 0.0493539328125 0.1552773875