0 0.49375545781249996 0.4268176859375 0.45 0.4421888640625 0.42991266406250006 0.48707969375 0.45 0.5591757640624999 0.531572053125 0.557996725 0.5481222703124999 0.484721615625 0.49375545781249996 0.4268176859375
0 0.6107860265625 0.6608351531250001 0.6237554578125 0.7022325328125001 0.6521397375 0.6537609171875001 0.6486026203125 0.6265556765625 0.6131441046874999 0.6502237984375 0.6107860265625 0.6608351531250001
0 0.725414846875 0.405551309375 0.661572053125 0.35707969375 0.6379475984375 0.4480840609375 0.6970742359375001 0.43983078593749997 0.725414846875 0.405551309375
0 0.8979912656250001 0.6998744546875 0.9027074234375 0.6348526203125 0.84480349375 0.6041102625 0.7939737984375 0.6372106984375 0.8353711796875001 0.6998744546875 0.8979912656250001 0.6998744546875
0 0.8145851531250001 0.848215065625 0.8459825328124999 0.8912718343750001 0.8992576421875 0.87445960625 0.9014410484375001 0.81974345 0.83868995625 0.8073417031250001 0.8145851531250001 0.848215065625
0 0.6881222703125001 0.6525382093750001 0.6759825328125 0.62882641875 0.6547161578125 0.6276037125 0.65956331875 0.6580840609374999 0.6881222703125001 0.6525382093750001
0 0.12152838437499999 0.68105349375 0.1961135375 0.6590010921875 0.25078602656250004 0.6159006546875 0.2381659390625 0.5192194328124999 0.1813973796875 0.4687827515625 0.09524017500000001 0.5013591703125 0.08790392968750001 0.611708515625 0.0994759828125 0.682101528125 0.12152838437499999 0.68105349375
0 0.0835807859375 0.44100982499999997 0.107205240625 0.43860807812499997 0.098951965625 0.4268176859375 0.09183406093749999 0.40673035 0.0670305671875 0.43860807812499997 0.0835807859375 0.44100982499999997
0 0.3069869 0.279044759375 0.317641921875 0.29454694375 0.36965065468749997 0.2933679046875 0.35781659375 0.26367358125 0.32 0.2518831875 0.3069869 0.279044759375
0 0.317641921875 0.45991812187500003 0.3920960703125 0.446905021875 0.42637554531250005 0.405551309375 0.42637554531250005 0.3654639734375 0.3755458515625 0.3535425765625 0.338908296875 0.3583460703125 0.296331878125 0.396075328125 0.296331878125 0.4185207421875 0.301091703125 0.43860807812499997 0.317641921875 0.45991812187500003
0 0.3885589515625 0.8063810046875 0.35310043593749996 0.795594978125 0.35781659375 0.8275163750000001 0.39445414843750004 0.8405294765625 0.3885589515625 0.8063810046875
0 0.83868995625 0.9772106984375 0.9014410484375001 0.9648089515624999 0.8992576421875 0.9100927953125 0.8459825328124999 0.8932805671875 0.8145851531250001 0.9363373359375 0.83868995625 0.9772106984375
0 0.35310043593749996 0.9889574234375 0.3885589515625 0.9781713968749999 0.39445414843750004 0.944022925 0.35781659375 0.9570360265625 0.35310043593749996 0.9889574234375