0 0.3140589078125 0.2321264375 0.2726795984375 0.22522988437499997 0.24107040156249998 0.2378735625 0.2347485625 0.2924712640625 0.2519899421875 0.33327586249999996 0.271530171875 0.36086206875000004 0.28417385 0.35741379375000004 0.3129094828125 0.3551149421875 0.3347485625 0.3390229890625 0.3393462640625 0.3298275859375 0.345093390625 0.2918965515625 0.3404956890625 0.2528160921875 0.3140589078125 0.2321264375
0 0.1800359203125 0.9486781609375001 0.17716235625 0.9343103453125 0.15992097656249998 0.9331609203125 0.1553232765625 0.9469540234375 0.167392240625 0.9544252875 0.1800359203125 0.9486781609375001
0 0.589806034375 0.9515517234375 0.5846336203125 0.9348850578125001 0.5714152296874999 0.9325862062500001 0.565093390625 0.942356321875 0.5719899421875 0.9550000000000001 0.589806034375 0.9515517234375
0 0.7558979890625 0.9067241375 0.7771623562500001 0.8998275859374999 0.77601293125 0.88201149375 0.7593462640624999 0.8768390796875 0.741530171875 0.8854597703125 0.7432543109374999 0.894080459375 0.7558979890625 0.9067241375
0 0.57946120625 0.6595977015625001 0.591530171875 0.6595977015625001 0.5972772984375 0.6463793109375 0.5944037359375 0.6343103453125 0.5783117812499999 0.6371839078125 0.57428879375 0.6469540234375 0.57946120625 0.6595977015625001
0 0.7306106328124999 0.565344828125 0.72773706875 0.5469540234375 0.7099209765625 0.5486781609375 0.7081968390625 0.5578735625 0.713369253125 0.5733908046875 0.7306106328124999 0.565344828125
0 0.1782543109375 0.2983908046875 0.1782543109375 0.3087356328125 0.1822772984375 0.31160919531250003 0.1926221265625 0.3093103453125 0.196645115625 0.294942528125 0.1920474140625 0.2880459765625 0.1822772984375 0.2874712640625 0.1782543109375 0.2983908046875
0 0.1449209765625 0.4018390796875 0.1673347703125 0.392643678125 0.1690589078125 0.3742528734375 0.148369253125 0.36620689687499997 0.1351508625 0.381149425 0.1351508625 0.38689655156249997 0.1449209765625 0.4018390796875
0 0.45405890781249997 0.5189080453125 0.46267959843749995 0.5309770109375 0.47762212656249997 0.5252298843750001 0.4879669546875 0.5160344828125 0.48854166718750003 0.50741379375 0.471875 0.5033908046875 0.456357759375 0.5108620687500001 0.45405890781249997 0.5189080453125
0 0.8040589078125 0.7309770109375 0.8149784484374999 0.7258045984375 0.8178520109375 0.70913793125 0.8075071843750001 0.7010919546875 0.79773706875 0.7102873562500001 0.7937140796875 0.7263793109375001 0.8040589078125 0.7309770109375
0 0.5350359203124999 0.923505746875 0.5474497125 0.9241954015625 0.5564152296875 0.9090229890625 0.5446910921875 0.8986781609375001 0.5302083328125 0.9021264375 0.5274497125 0.9104022984375 0.5350359203124999 0.923505746875
0 0.052219828125 0.9469540234375 0.0476221265625 0.9331609203125 0.030380746874999996 0.9343103453125 0.027507184375 0.9486781609375001 0.0401508625 0.9544252875 0.052219828125 0.9469540234375
0 0.029288793749999997 0.2983908046875 0.025265804687499997 0.2874712640625 0.015495689062500002 0.2880459765625 0.0108979890625 0.294942528125 0.014920976562499999 0.3093103453125 0.025265804687499997 0.31160919531250003 0.029288793749999997 0.3087356328125 0.029288793749999997 0.2983908046875
0 0.072392240625 0.38689655156249997 0.072392240625 0.381149425 0.05917384999999999 0.36620689687499997 0.038484195312500004 0.3742528734375 0.0402083328125 0.392643678125 0.0626221265625 0.4018390796875 0.072392240625 0.38689655156249997
0 1 0.7262356296875 0.9960129312499999 0.7102873562500001 0.9862428156249999 0.7010919546875 0.9758979890624999 0.70913793125 0.9787715515625001 0.7258045984375 0.9896910921875 0.7309770109375 1 0.726395275 1 0.7262356296875