0 0.48422916718750003 0.1640493828125 0.46627855 0.12158024687499999 0.4143773140625 0.1064691359375 0.379463734375 0.1149629625 0.3709699078125 0.148 0.37756249999999997 0.198024690625 0.4011674375 0.2282469140625 0.43136496874999997 0.23483950625 0.4823279328125 0.2225679015625 0.48988348750000005 0.20180246875000002 0.48422916718750003 0.1640493828125
0 0.54840200625 0.7860493828124999 0.5465254625 0.7643456796875 0.522920525 0.7662469140625 0.511587190625 0.774740740625 0.5125501546875 0.7888888890625 0.524821759375 0.8124938265624999 0.5370933640625 0.8030617281250001 0.54840200625 0.7860493828124999
0 0.5927723765625 0.9191358031249999 0.5908711421875 0.8993333328125 0.57484645 0.9031111109375001 0.5710686734375 0.914419753125 0.58711805625 0.9276296296875 0.5927723765625 0.9191358031249999
0 0.68976003125 0.5582716046875 0.6919575625000001 0.544617284375 0.6815625 0.539703703125 0.6739328703125 0.5435308640625001 0.6706489203125 0.556641975 0.68976003125 0.5582716046875
0 0.69904398125 0.4599506171875 0.7001304015625001 0.4484938265625 0.68976003125 0.44575308593749996 0.681019290625 0.4517530859375 0.684303240625 0.46103703749999997 0.69904398125 0.4599506171875
0 0.5553896609375 0.4517530859375 0.56304398125 0.4359259265625 0.55484645 0.4249876546875 0.548303240625 0.423358025 0.5417353390625 0.4452098765625 0.5553896609375 0.4517530859375
0 0.6881304015625 0.3042716046875 0.6913896609375 0.29007407343749997 0.6777353390624999 0.2895308640625 0.6706489203125 0.2977283953125 0.6881304015625 0.3042716046875
0 0.3463279328125 0.2230370375 0.3501304015625 0.2129135796875 0.3463279328125 0.2069135796875 0.337463734375 0.20755555625 0.3359081796875 0.21767901250000002 0.34000694375 0.22619753125000003 0.3463279328125 0.2230370375
0 0.558500771875 0.6274074078125 0.5594884265625 0.6192592593749999 0.5538094140625 0.6148148140624999 0.5419575625 0.62 0.5461550921875 0.6283950625 0.558500771875 0.6274074078125
0 1 0.109206615625 0.9887476859375001 0.1064691359375 0.93684645 0.12158024687499999 0.9188958328125001 0.1640493828125 0.9132415125 0.20180246875000002 0.9207970671875 0.2225679015625 0.97176003125 0.23483950625 1 0.22867428125 1 0.109206615625
0 0.166821759375 0.23483950625 0.197019290625 0.2282469140625 0.22062422812500002 0.198024690625 0.2272168203125 0.148 0.21872299375 0.1149629625 0.1838094140625 0.1064691359375 0.1319081796875 0.12158024687499999 0.1139575625 0.1640493828125 0.108303240625 0.20180246875000002 0.115858796875 0.2225679015625 0.166821759375 0.23483950625
0 0.8905748453125 0.7888888890625 0.891537809375 0.774740740625 0.880204475 0.7662469140625 0.8565995375 0.7643456796875 0.8547229937499999 0.7860493828124999 0.8660316359375001 0.8030617281250001 0.878303240625 0.8124938265624999 0.8905748453125 0.7888888890625
0 0.0856365734375 0.7888888890625 0.0865995375 0.774740740625 0.075266203125 0.7662469140625 0.051661265624999994 0.7643456796875 0.049784721875 0.7860493828124999 0.0610933640625 0.8030617281250001 0.07336496875000001 0.8124938265624999 0.0856365734375 0.7888888890625
0 0.82827855 0.9031111109375001 0.8122538578125 0.8993333328125 0.8103526234375 0.9191358031249999 0.81600694375 0.9276296296875 0.8320563265625 0.914419753125 0.82827855 0.9031111109375001
0 0.023340278125 0.9031111109375001 0.007315585937500001 0.8993333328125 0.0054143515625 0.9191358031249999 0.011068673437499999 0.9276296296875 0.02711805625 0.914419753125 0.023340278125 0.9031111109375001
0 0.7215625 0.539703703125 0.7111674375 0.544617284375 0.71336496875 0.5582716046875 0.7324760796875001 0.556641975 0.7291921296874999 0.5435308640625001 0.7215625 0.539703703125
0 0.71336496875 0.44575308593749996 0.7029945984375 0.4484938265625 0.70408101875 0.4599506171875 0.718821759375 0.46103703749999997 0.722105709375 0.4517530859375 0.71336496875 0.44575308593749996
0 0.8482785500000001 0.4249876546875 0.84008101875 0.4359259265625 0.8477353390625 0.4517530859375 0.8613896609375 0.4452098765625 0.8548217593749999 0.423358025 0.8482785500000001 0.4249876546875
0 0.043340278125 0.4249876546875 0.035142746875000005 0.4359259265625 0.042797067187499996 0.4517530859375 0.0564513890625 0.4452098765625 0.049883487500000004 0.423358025 0.043340278125 0.4249876546875
0 0.7117353390625001 0.29007407343749997 0.7149945984375 0.3042716046875 0.7324760796875001 0.2977283953125 0.7253896609375 0.2895308640625 0.7117353390625001 0.29007407343749997
0 0.26072299375 0.20755555625 0.251858796875 0.2069135796875 0.24805632656249998 0.2129135796875 0.251858796875 0.2230370375 0.258179784375 0.22619753125000003 0.26227855 0.21767901250000002 0.26072299375 0.20755555625
0 0.8493155859374999 0.6148148140624999 0.8436365734375 0.6192592593749999 0.844624228125 0.6274074078125 0.8569699078124999 0.6283950625 0.8611674375 0.62 0.8493155859374999 0.6148148140624999
0 0.0443773140625 0.6148148140624999 0.038698303125 0.6192592593749999 0.03968595625 0.6274074078125 0.0520316359375 0.6283950625 0.0562291671875 0.62 0.0443773140625 0.6148148140624999