0 0.8549278843750001 0.719940828125 0.8703125 0.702130178125 0.8703125 0.698698225 0.8663480031249999 0.674940828125 0.8416142750000001 0.65337278125 0.8118213750000001 0.65272189375 0.8035669375 0.67683431875 0.8327385359375 0.7174260359375 0.8549278843750001 0.719940828125
0 0.8703125 0.44612426093749996 0.86889238125 0.42381656874999996 0.8619101328125 0.41177514843749996 0.8416142750000001 0.42127218906249997 0.84543084375 0.47772189374999996 0.8703125 0.46961538437500006 0.8703125 0.44612426093749996
0 0.4666438609375 0.14473372812500002 0.476140903125 0.16165680468750002 0.499395340625 0.1621597640625 0.49676220468750004 0.1442011828125 0.4825018484375 0.13786982187500002 0.4666438609375 0.14473372812500002
0 0.20827107968749997 0.9408875734375 0.1981527359375 0.9439644968750001 0.1985965234375 0.9593786984375001 0.20344859531249998 0.962455621875 0.219276996875 0.9593786984375001 0.2170876484375 0.9457100593750001 0.20827107968749997 0.9408875734375
0 0.5669693046875001 0.5913313609374999 0.5180048078125 0.5808284031250001 0.5057858734375 0.641153846875 0.5057858734375 0.68488165625 0.5661113171875 0.68488165625 0.5932119078125 0.6700295859375001 0.60193971875 0.6114497046875 0.5669693046875001 0.5913313609374999
0 0.6657562875 0.2591124265625 0.6867622046874999 0.24337278125 0.6981231515624999 0.2110059171875 0.6797503703125 0.20402366875000003 0.6500166421875 0.225 0.6657562875 0.2591124265625
0 0.4114367609375 0.745384615625 0.39303439375 0.7523668640625 0.387324334375 0.7815384609375 0.40256102031249996 0.8011834312499999 0.417768121875 0.779615384375 0.4272947484375 0.75553254375 0.4114367609375 0.745384615625
0 0.368951553125 0.3725147921875 0.3600758140625 0.3915384609375 0.36259060625 0.4137278109375 0.372117234375 0.4251479296875 0.387324334375 0.4194378703125 0.381614275 0.3839349109375 0.368951553125 0.3725147921875
0 0.1380639796875 0.2478402359375 0.14439534062499998 0.256094675 0.1659633875 0.25165680468749996 0.1608746296875 0.23707100625000002 0.1437740390625 0.2351775140625 0.1380639796875 0.2478402359375
0 0.8422651625 0.50053254375 0.8162592453125 0.46502958593750005 0.7832710796875 0.464408284375 0.778833209375 0.5119526624999999 0.7972355765625 0.5405029578125 0.8245136828125 0.5506508875 0.839720784375 0.53162721875 0.8422651625 0.50053254375
0 0.9288036249999999 0.65272189375 0.8990107249999999 0.65337278125 0.874276996875 0.674940828125 0.8703125 0.698698225 0.8703125 0.702130178125 0.885697115625 0.719940828125 0.9078864640625 0.7174260359375 0.9370580625 0.67683431875 0.9288036249999999 0.65272189375
0 0.87173261875 0.42381656874999996 0.8703125 0.44612426093749996 0.8703125 0.46961538437500006 0.89519415625 0.47772189374999996 0.8990107249999999 0.42127218906249997 0.8787148671875 0.41177514843749996 0.87173261875 0.42381656874999996
0 0.063182321875 0.9439644968750001 0.0530639796875 0.9408875734375 0.044247410937499995 0.9457100593750001 0.0420580625 0.9593786984375001 0.0578864640625 0.962455621875 0.06273853593749999 0.9593786984375001 0.063182321875 0.9439644968750001
0 0.1175610203125 0.2351775140625 0.10046042968749999 0.23707100625000002 0.095371671875 0.25165680468749996 0.11693971875 0.256094675 0.1232710796875 0.2478402359375 0.1175610203125 0.2351775140625
0 0.961791790625 0.5119526624999999 0.9573539203125 0.464408284375 0.9243657546874999 0.46502958593750005 0.8983598374999999 0.50053254375 0.900904215625 0.53162721875 0.9161113171874999 0.5506508875 0.9433894234375 0.5405029578125 0.961791790625 0.5119526624999999