0 0.65337278125 0.158385725 0.65272189375 0.188178625 0.67683431875 0.1964330625 0.7174260359375 0.1672614640625 0.719940828125 0.145072115625 0.702130178125 0.1296875 0.698698225 0.1296875 0.674940828125 0.133651996875 0.65337278125 0.158385725
0 0.41177514843749996 0.1380898671875 0.42127218906249997 0.158385725 0.47772189374999996 0.15456915625 0.46961538437500006 0.1296875 0.44612426093749996 0.1296875 0.42381656874999996 0.13110761875000002 0.41177514843749996 0.1380898671875
0 0.16165680468750002 0.523859096875 0.1621597640625 0.500604659375 0.1442011828125 0.5032377953125 0.13786982187500002 0.5174981515625 0.14473372812500002 0.5333561390625 0.16165680468750002 0.523859096875
0 0.9593786984375001 0.8014034765625 0.962455621875 0.7965514046875 0.9593786984375001 0.780723003125 0.9457100593750001 0.7829123515624999 0.9408875734375 0.7917289203125 0.9439644968750001 0.8018472640625 0.9593786984375001 0.8014034765625
0 0.68488165625 0.49421412656249997 0.68488165625 0.43388868281250004 0.6700295859375001 0.4067880921875 0.6114497046875 0.39806028125 0.5913313609374999 0.43303069531249994 0.5808284031250001 0.4819951921875 0.641153846875 0.49421412656249997 0.68488165625 0.49421412656249997
0 0.24337278125 0.31323779531249996 0.2110059171875 0.30187684843749996 0.20402366875000003 0.32024962968750004 0.225 0.3499833578125 0.2591124265625 0.3342437125 0.24337278125 0.31323779531249996
0 0.7815384609375 0.6126756656250001 0.8011834312499999 0.5974389796875 0.779615384375 0.582231878125 0.75553254375 0.5727052515625 0.745384615625 0.5885632390625 0.7523668640625 0.60696560625 0.7815384609375 0.6126756656250001
0 0.4137278109375 0.6374093937499999 0.4251479296875 0.627882765625 0.4194378703125 0.6126756656250001 0.3839349109375 0.618385725 0.3725147921875 0.6310484468750001 0.3915384609375 0.6399241859375 0.4137278109375 0.6374093937499999
0 0.256094675 0.8556046593750001 0.25165680468749996 0.8340366124999999 0.23707100625000002 0.8391253703125001 0.2351775140625 0.8562259609374999 0.2478402359375 0.8619360203124999 0.256094675 0.8556046593750001
0 0.5119526624999999 0.22116679062500003 0.5405029578125 0.20276442343749998 0.5506508875 0.17548631718750002 0.53162721875 0.160279215625 0.50053254375 0.1577348375 0.46502958593750005 0.1837407546875 0.464408284375 0.21672892031250002 0.5119526624999999 0.22116679062500003
0 0.702130178125 0.1296875 0.719940828125 0.114302884375 0.7174260359375 0.0921135359375 0.67683431875 0.0629419375 0.65272189375 0.071196375 0.65337278125 0.10098927499999999 0.674940828125 0.125723003125 0.698698225 0.1296875 0.702130178125 0.1296875
0 0.46961538437500006 0.1296875 0.47772189374999996 0.10480584374999999 0.42127218906249997 0.10098927499999999 0.41177514843749996 0.1212851328125 0.42381656874999996 0.12826738124999998 0.44612426093749996 0.1296875 0.46961538437500006 0.1296875
0 0.9457100593750001 0.9557525890624999 0.9593786984375001 0.9579419375 0.962455621875 0.9421135359375 0.9593786984375001 0.9372614640625001 0.9439644968750001 0.9368176781249999 0.9408875734375 0.9469360203124999 0.9457100593750001 0.9557525890624999
0 0.23707100625000002 0.8995395703125 0.25165680468749996 0.904628328125 0.256094675 0.88306028125 0.2478402359375 0.8767289203124999 0.2351775140625 0.8824389796875 0.23707100625000002 0.8995395703125
0 0.50053254375 0.1016401625 0.53162721875 0.099095784375 0.5506508875 0.0838886828125 0.5405029578125 0.0566105765625 0.5119526624999999 0.038208209375 0.464408284375 0.0426460796875 0.46502958593750005 0.0756342453125 0.50053254375 0.1016401625