0 0.76405 0.508525 0.72805 0.4591 0.6772 0.47535 0.656725 0.54455 0.696275 0.560775 0.76405 0.508525
0 0.197825 0.66945 0.1491 0.6277999999999999 0.09615 0.643325 0.0905 0.711125 0.14345000000000002 0.7167749999999999 0.197825 0.66945
0 0.233425 0.467875 0.20870000000000002 0.43962500000000004 0.1854 0.4502 0.182575 0.46857499999999996 0.20165000000000002 0.48339999999999994 0.233425 0.467875
0 0.20325000000000001 0.42212500000000003 0.313 0.42762500000000003 0.32437499999999997 0.323925 0.2725 0.295875 0.20950000000000002 0.309125 0.19325 0.349875 0.20325000000000001 0.42212500000000003
0 0.40555 0.657025 0.41165 0.604175 0.3659 0.596025 0.33540000000000003 0.622475 0.3527 0.665175 0.40555 0.657025
0 0.8875249999999999 0.519775 0.8814 0.474025 0.8499000000000001 0.46385 0.8285500000000001 0.47502500000000003 0.8519249999999999 0.5269 0.8875249999999999 0.519775
0 0.5924750000000001 0.73095 0.62635 0.7365999999999999 0.661675 0.7126 0.651775 0.6667 0.596 0.645525 0.5599999999999999 0.692125 0.5924750000000001 0.73095
0 0.7880499999999999 0.680825 0.7683 0.63775 0.7195750000000001 0.645525 0.7231 0.675875 0.75275 0.7006 0.7880499999999999 0.680825
0 0.0905 0.882625 0.09615 0.9504250000000001 0.1491 0.96595 0.197825 0.9243 0.14345000000000002 0.8769750000000001 0.0905 0.882625
0 0.20139878906250003 0 0.19325 0.058875 0.20950000000000002 0.09962499999999999 0.2725 0.11287499999999999 0.32437499999999997 0.084825 0.315070425 0 0.20139878906250003 0
0 0.33540000000000003 0.971275 0.3659 0.997725 0.41165 0.989575 0.40555 0.936725 0.3527 0.928575 0.33540000000000003 0.971275
0 0.5599999999999999 0.9016249999999999 0.596 0.9482250000000001 0.651775 0.92705 0.661675 0.8811500000000001 0.62635 0.8571500000000001 0.5924750000000001 0.8628 0.5599999999999999 0.9016249999999999
0 0.7231 0.9178750000000001 0.7195750000000001 0.9482250000000001 0.7683 0.9560000000000001 0.7880499999999999 0.9129250000000001 0.75275 0.89315 0.7231 0.9178750000000001