0 0.708106796875 0.3092141984375 0.7118446609375 0.30178701406249997 0.7016019421874999 0.287854975 0.6923300968749999 0.28693264531249996 0.6849029125 0.3045540046875 0.6932524265625 0.3120297328125 0.708106796875 0.3092141984375
0 1 0.6993598296875 0.997961165625 0.6900879859375 0.9830582531250001 0.6724180828125 0.9486893203125 0.6733404125 0.9375728156250001 0.7132918687500001 0.9542718453125 0.7476608015624999 0.977524271875 0.7671753640625 1 0.7599908984375 1 0.6993598296875
0 0.3065533984375 0.3924666265625 0.2602912625 0.37290351875 0.24427184531249999 0.40668992656249997 0.28165048593750003 0.42358313125 0.31097087343749996 0.420913228125 0.3065533984375 0.3924666265625
0 0.21048543749999998 0.5045054609374999 0.2460679609375 0.505379246875 0.2291747578125 0.4725151703125 0.21048543749999998 0.5045054609374999
0 0.5831553390625 0.545427790625 0.5617961171875 0.5480976937500001 0.5493689328125 0.57300060625 0.5706796109375001 0.5783404125 0.5929126218749999 0.5561074031250001 0.5831553390625 0.545427790625
0 0.5635922328125 0.7722239078124999 0.5938349515625 0.7766899265625 0.622281553125 0.7686802187499999 0.6489805828125 0.7491171109375 0.6587378640625 0.731301578125 0.6658737859375 0.690379246875 0.6658737859375 0.6841656546875 0.6204854375 0.6699423546875 0.5813592234375 0.680621965625 0.562669903125 0.7019811890625001 0.5235436890625 0.7001850734375 0.562669903125 0.7366413828125 0.5635922328125 0.7722239078124999
0 0.7636893203125 0.16741808281249998 0.7432524265625 0.21013652968750002 0.777038834375 0.21280643281249997 0.7832524265624999 0.17008798593750002 0.7636893203125 0.16741808281249998
0 0.5111650484375 0.5069326453125 0.492718446875 0.4744083734375 0.47495145625 0.4829520625 0.472184465625 0.510816140625 0.48980582500000003 0.5200879859375 0.5111650484375 0.5069326453125
0 0.3532524265625 0.501495753125 0.35417475781249996 0.49406856718750003 0.3235436890625 0.4625151703125 0.277087378125 0.460621965625 0.27524271875 0.518243325 0.315194175 0.5367870140625 0.3532524265625 0.501495753125
0 0.64495145625 0.43557342187500003 0.675582525 0.4021268203125 0.687669903125 0.385379246875 0.671893203125 0.3547481796875 0.599417475 0.365864684375 0.587378640625 0.416058859375 0.591990290625 0.4420782765625 0.64495145625 0.43557342187500003
0 0.7499029125 0.6631462375 0.78985436875 0.6622239078125001 0.807524271875 0.63804915 0.8102912625 0.58882585 0.7462135921875 0.57397148125 0.7183495140625 0.5897481796874999 0.7164563109375 0.643631675 0.7499029125 0.6631462375
0 0.767572815625 0.7207190531250001 0.7815048546875001 0.711447209375 0.769417475 0.670573421875 0.7266990296875 0.676155946875 0.7201941749999999 0.7067870140625 0.7359708734375 0.7216413828125 0.767572815625 0.7207190531250001
0 0.40621359218749997 0.8173209953124999 0.432233009375 0.810816140625 0.45082524218750003 0.800621965625 0.4600970875 0.790427790625 0.45359223281250005 0.769020025 0.44058252500000006 0.756010315625 0.4192233015625 0.7746025484375 0.392281553125 0.7922724515625 0.3932038828125 0.8052821609375 0.40621359218749997 0.8173209953124999
0 0.7201941749999999 0.2748452671875 0.722961165625 0.271155946875 0.7192718453125 0.2618355578125 0.7136893203125 0.260913228125 0.70533980625 0.2646510921875 0.70995145625 0.2748452671875 0.7201941749999999 0.2748452671875
0 0.7432524265625 0.0367384703125 0.7636893203125 0.0794569171875 0.7832524265624999 0.0767870140625 0.777038834375 0.034068567187499996 0.7432524265625 0.0367384703125
0 0.4192233015625 0.9771268203125001 0.44058252500000006 0.995719053125 0.45359223281250005 0.9827093453125 0.4600970875 0.9613015781250001 0.45082524218750003 0.9511074031250001 0.432233009375 0.9409132281250001 0.40621359218749997 0.9344083734374999 0.3932038828125 0.946447209375 0.392281553125 0.9594569171874999 0.4192233015625 0.9771268203125001