0 0.4368176015625 0.9455442171874999 0.49742984687499997 0.9521428578125001 0.5562053578125 0.8927551015624999 0.5052189625 0.8777551015625 0.4596067171875 0.853163265625 0.4068176015625 0.8777551015625 0.40321215937500005 0.9215646265625 0.4368176015625 0.9455442171874999
0 0.6294706624999999 0.10057823125000001 0.636069303125 0.056836734374999996 0.6301509359375 0.0394557828125 0.596477465625 0.037040815625 0.5888244046875 0.0665306125 0.6110693031250001 0.0946598640625 0.6294706624999999 0.10057823125000001
0 0.49868835 0.14595238125 0.5022937921875 0.1183333328125 0.47889243125 0.1081292515625 0.45549107187500004 0.1105442171875 0.45127338437500003 0.144727890625 0.4770897109375 0.16214285781249999 0.49868835 0.14595238125
0 0.657633928125 0.7025510203125 0.64923256875 0.6899659859375 0.6366135203125001 0.6953741499999999 0.6390284859375 0.71037415 0.6510352890625 0.71636054375 0.657633928125 0.7025510203125
0 0.3755931125 0.6108163265625 0.41341624218749995 0.6143537421875 0.433790390625 0.6534013609375 0.4725659015625 0.6625850343749999 0.49433460937499996 0.61326530625 0.5091645406249999 0.5670748296875 0.5186203234375 0.5293537421875001 0.5316135203125001 0.460680271875 0.48787202343749997 0.43836734687499995 0.46423256874999996 0.46897959218749996 0.41814413281249996 0.45595238125000004 0.3672937921875 0.5351700687500001 0.363756378125 0.5729931968749999 0.3755931125 0.6108163265625
0 0.5197767859375 0.41812925156249997 0.5446067171875 0.3968707484375 0.5674638609375 0.2931972796875 0.5174638609375 0.28401360468750003 0.4555590984375 0.2819727890625 0.453586309375 0.34840136093749996 0.45715773750000005 0.4015986390625 0.5197767859375 0.41812925156249997
0 0.586001275 0.2758163265625 0.614368621875 0.2722789109375 0.6332801875 0.23564625781249998 0.6800488953125 0.2428571421875 0.69943665 0.2292517 0.6285522953125 0.132789115625 0.54195365625 0.1122448984375 0.5497767859375 0.16904761875000002 0.5268856296875 0.204897959375 0.5433142 0.2806122453125 0.586001275 0.2758163265625
0 0.2952189625 0.851938775 0.323586309375 0.8709863953125 0.3625659015625 0.8661224484375 0.43276998281249995 0.8333333328125001 0.42521896249999996 0.782210884375 0.45715773750000005 0.77748299375 0.4890625 0.7656462578125 0.51270195625 0.7266666671875 0.5138924312500001 0.7242857140625001 0.4914094390625 0.7136394562499999 0.4394026359375 0.7361224484375 0.428790390625 0.742006803125 0.41103528906250003 0.7431972796874999 0.43113732968749996 0.704319728125 0.43113732968749996 0.6794897953125 0.420491071875 0.6722789109375 0.403960459375 0.67462585 0.367803996875 0.6877551015625001 0.3195046765625 0.7261904765625 0.307021684375 0.7692176875000001 0.2952189625 0.851938775
0 0 0.9211279640625 0.030695153125000003 0.9521428578125001 0.09130739843749999 0.9455442171874999 0.12491284062500001 0.9215646265625 0.1213073984375 0.8777551015625 0.0685182828125 0.853163265625 0.0229060375 0.8777551015625 0 0.88449396875 0 0.9211279640625
0 1 0.8570957124999999 0.961681546875 0.8777551015625 0.9106951531249999 0.8927551015624999 0.9694706625 0.9521428578125001 1 0.9488192375000001 1 0.8570957124999999
0 0.87042304375 0.037040815625 0.836749575 0.0394557828125 0.8308312078125001 0.056836734374999996 0.837429846875 0.10057823125000001 0.8558312078125001 0.0946598640625 0.8780761046875 0.0665306125 0.87042304375 0.037040815625
0 0.072633928125 0.1105442171875 0.04923256875 0.1081292515625 0.0258312078125 0.1183333328125 0.029436649999999998 0.14595238125 0.0510352890625 0.16214285781249999 0.07685161562500001 0.144727890625 0.072633928125 0.1105442171875
0 1 0.1093667890625 0.9880080781249999 0.1081292515625 0.9646067171875 0.1183333328125 0.968212159375 0.14595238125 0.9898108000000001 0.16214285781249999 1 0.15526951093750002 1 0.1093667890625
0 0.8302869890625001 0.6953741499999999 0.8176679421875 0.6899659859375 0.80926658125 0.7025510203125 0.8158652203125 0.71636054375 0.8278720234374999 0.71037415 0.8302869890625001 0.6953741499999999
0 0 0.4791182890625 0.0095046765625 0.5293537421875001 0.018960459375 0.5670748296875 0.033790390625 0.61326530625 0.055559098437499996 0.6625850343749999 0.094334609375 0.6534013609375 0.1147087578125 0.6143537421875 0.1525318875 0.6108163265625 0.164368621875 0.5729931968749999 0.1608312078125 0.5351700687500001 0.1099808671875 0.45595238125000004 0.06389243125 0.46897959218749996 0.0402529765625 0.43836734687499995 0 0.45890074687500004 0 0.4791182890625
0 1 0.465524703125 0.9790284859374999 0.43836734687499995 0.9352869890625 0.460680271875 0.9482801875 0.5293537421875001 0.95773596875 0.5670748296875 0.9725659015625 0.61326530625 0.994334609375 0.6625850343749999 1 0.6612432312500001 1 0.465524703125
0 0 0.41098180781250004 0.008348214062500001 0.41812925156249997 0.07096726249999999 0.4015986390625 0.074538690625 0.34840136093749996 0.07256590156250001 0.2819727890625 0.0106611390625 0.28401360468750003 0 0.2859717734375 0 0.41098180781250004
0 1 0.28234668125 0.94943665 0.28401360468750003 0.89943665 0.2931972796875 0.9222937921875 0.3968707484375 0.947123725 0.41812925156249997 1 0.404170603125 1 0.28234668125
0 0.9171237250000001 0.16904761875000002 0.924946853125 0.1122448984375 0.8383482140625 0.132789115625 0.7674638609375 0.2292517 0.7868516156250001 0.2428571421875 0.8336203234375 0.23564625781249998 0.8525318875 0.2722789109375 0.8808992343750001 0.2758163265625 0.923586309375 0.2806122453125 0.94001488125 0.204897959375 0.9171237250000001 0.16904761875000002
0 0.160321003125 0.6877551015625001 0.124164540625 0.67462585 0.10763392812499999 0.6722789109375 0.0969876703125 0.6794897953125 0.0969876703125 0.704319728125 0.11708971093750001 0.7431972796874999 0.09933460937500001 0.742006803125 0.0887223640625 0.7361224484375 0.0367155609375 0.7136394562499999 0.014232568749999999 0.7242857140625001 0.01542304375 0.7266666671875 0.0390625 0.7656462578125 0.07096726249999999 0.77748299375 0.1029060375 0.782210884375 0.0953550171875 0.8333333328125001 0.1655590984375 0.8661224484375 0.20453869062500002 0.8709863953125 0.2329060375 0.851938775 0.22110331562500002 0.7692176875000001 0.2086203234375 0.7261904765625 0.160321003125 0.6877551015625001