0 0.726407196875 0.8146060609375001 0.7381647734375 0.786848484375 0.714649621875 0.77293939375 0.6890132578125 0.7975151515625 0.6975587125 0.8220909093750001 0.726407196875 0.8146060609375001
0 0.5191344703125 0.49730302968749995 0.523407196875 0.4524242421875 0.4828314390625 0.42360606093750003 0.46358901562500004 0.42787878749999997 0.44861931874999994 0.4663333328125 0.47534659062499995 0.5015757578125 0.5191344703125 0.49730302968749995
0 0.6217102265625 0.698151515625 0.648407196875 0.6853333328125 0.6388011359375 0.6682424250000001 0.61637689375 0.6714545453125 0.605679925 0.6874848484375 0.6217102265625 0.698151515625
0 0.7563162875 0.9513636359375001 0.7894375 0.9396060609375001 0.77449810625 0.9182424250000001 0.7338920453125 0.9342727265624999 0.7563162875 0.9513636359375001
0 0.48601325781250004 0.136212121875 0.4305587125 0.0784848484375 0.369649621875 0.08181818125 0.3108617421875 0.0806060609375 0.257407196875 0.12872727343749998 0.2680738640625 0.18 0.304407196875 0.2441212125 0.3930738640625 0.2718787875 0.44116477343750005 0.2846969703125 0.5084678031250001 0.23769697031249998 0.5063162875 0.17893939375 0.48601325781250004 0.136212121875
0 0.37034659062499997 0.542848484375 0.372195075 0.521212121875 0.34807386406249996 0.5156363640625 0.3437405296875 0.53418181875 0.35549810625 0.5434545453124999 0.37034659062499997 0.542848484375
0 0.6140738640625 0.8775757578125001 0.608467803125 0.841090909375 0.583589015625 0.8282121218749999 0.5642556812499999 0.846242425 0.579285984375 0.8801515156249999 0.6140738640625 0.8775757578125001
0 0.882225378125 0.77293939375 0.8587102265625 0.786848484375 0.8704678031249999 0.8146060609375001 0.8993162874999999 0.8220909093750001 0.9078617421875 0.7975151515625 0.882225378125 0.77293939375
0 0.9580738640625001 0.6682424250000001 0.948467803125 0.6853333328125 0.9751647734375 0.698151515625 0.991195075 0.6874848484375 0.98049810625 0.6714545453125 0.9580738640625001 0.6682424250000001
0 0.8074375 0.9396060609375001 0.8405587125 0.9513636359375001 0.8629829546875 0.9342727265624999 0.8223768937499999 0.9182424250000001 0.8074375 0.9396060609375001
0 0 0.27612274062500003 0.0159223484375 0.2718787875 0.104589015625 0.2441212125 0.1409223484375 0.18 0.151589015625 0.12872727343749998 0.0981344703125 0.0806060609375 0.039346590625 0.08181818125 0 0.0796648859375 0 0.27612274062500003
0 0.060922348437499996 0.5156363640625 0.0368011359375 0.521212121875 0.038649621875 0.542848484375 0.05349810625 0.5434545453124999 0.06525568125 0.53418181875 0.060922348437499996 0.5156363640625
0 1 0.8350897625 0.988407196875 0.841090909375 0.9828011359375 0.8775757578125001 1 0.8788491921875 1 0.8350897625