0 0.7388661062499999 0.6975889328125 0.758628953125 0.6926482218750001 0.7611190718749999 0.66177865625 0.742581521875 0.6531225296875001 0.72530879375 0.6679446640625 0.726534090625 0.685217390625 0.7388661062499999 0.6975889328125
0 0.29443922968749997 0.535849803125 0.2796170953125 0.517312253125 0.2524629453125 0.5222529640625 0.2487475296875 0.54324110625 0.26728507968750004 0.563003953125 0.29443922968749997 0.535849803125
0 0.16111907187500002 0.1271936765625 0.1821072140625 0.1271936765625 0.20183053437499998 0.1099209484375 0.1870083984375 0.08893280625 0.156178359375 0.0839920953125 0.1462969375 0.09509881406250001 0.16111907187500002 0.1271936765625
0 0.48210721406249996 0.2395652171875 0.4623443671875 0.218577075 0.4364155140625 0.2235177859375 0.43024950625 0.2395652171875 0.44997282656250004 0.2506719375 0.48210721406249996 0.2395652171875
0 0.5870083984375001 0.6802766796874999 0.6079965421875 0.6938735171875 0.6499728265625 0.6963241109375 0.6647949609375 0.66177865625 0.6475222328125 0.6383003953124999 0.614202075 0.6420158109375 0.5894985171875 0.6592885374999999 0.5870083984375001 0.6802766796874999
0 0.62530879375 0.8963241109375 0.6327000984375 0.9543478265625 0.6647949609375 0.9518972328125 0.68455780625 0.9123715421874999 0.6894985171875 0.8716600796874999 0.6598542484375 0.8568379453125001 0.6327000984375 0.8592885375 0.62530879375 0.8963241109375
0 0.6475222328125 0.84324110625 0.6968898218749999 0.8086956515624999 0.701830534375 0.7580632406250001 0.6759016796874999 0.7407905140625 0.6425815218750001 0.7642292484375 0.63024950625 0.8136363640625 0.6475222328125 0.84324110625
0 0.583332509375 0.6173122531249999 0.583332509375 0.644505928125 0.615427371875 0.6395652171874999 0.641356225 0.6049802375 0.656178359375 0.5864822140625 0.6314748031249999 0.572885375 0.5932139328125 0.5827667984375 0.583332509375 0.6173122531249999
0 0.2990637359375 0.6164031624999999 0.2387475296875 0.62466403125 0.247047925 0.6636758890625 0.306138834375 0.6494861656250001 0.2990637359375 0.6164031624999999
0 0.7277593875 0.535849803125 0.7302495062500001 0.517312253125 0.712937253125 0.506205534375 0.7055459484375 0.517312253125 0.7067712453125 0.546956521875 0.7277593875 0.535849803125
0 0.569735671875 0.2494071140625 0.580842390625 0.2975889328125 0.6067712453125 0.31608695625 0.669735671875 0.306205534375 0.6932139328125 0.2839920953125 0.661119071875 0.24079051406250002 0.6277593875 0.2136363640625 0.585783103125 0.2136363640625 0.569735671875 0.2494071140625
0 0 0.1271936765625 0.010051878125 0.1271936765625 0.0248740125 0.09509881406250001 0.0149925890625 0.0839920953125 0 0.086394753125 0 0.1271936765625