0 0.269589371875 0.379044384375 0.2476086953125 0.3801071859375 0.2402898546875 0.405227959375 0.2538888890625 0.4167496984375 0.266449275 0.403126509375 0.269589371875 0.379044384375
0 0.5051932359375 0.685855978125 0.4832125609375 0.6837545296875 0.47272946875 0.7036579109375001 0.47797101406250003 0.7287786828125 0.5041545890625 0.739261775 0.521956521875 0.7267013890625 0.52509661875 0.7046965578125 0.5051932359375 0.685855978125
0 0.3303381640625 0.47853713750000004 0.295772946875 0.47853713750000004 0.29263285 0.5245999390625 0.3083333328125 0.5277400359375 0.3334782609375 0.518319746875 0.3303381640625 0.47853713750000004
0 0.8706521734375 0.686894625 0.8319082124999999 0.655493659375 0.8109661828125001 0.70889945625 0.8339855078125 0.7267013890625 0.869589371875 0.7172810984375 0.8706521734375 0.686894625
0 0.178502415625 0.31728109843749996 0.1554589375 0.2994791671875 0.146038646875 0.312039553125 0.150217390625 0.344503321875 0.16801932343749998 0.3507835140625 0.178502415625 0.31728109843749996
0 0.46231884062499995 0.23462409375 0.43608695624999994 0.2335129828125 0.4339855078125 0.26909269375 0.46123188437499996 0.286894625 0.47483091718750003 0.26491395 0.46231884062499995 0.23462409375
0 0.9083333328125001 0.5905661234374999 0.89263285 0.5738269921875 0.8748309171875001 0.5863873796875 0.8769323671875 0.61571105 0.8968357484375 0.6146482484375 0.9083333328125001 0.5905661234374999
0 0.2525614140625 0 0.2402898546875 0.010397040625 0.2476086953125 0.0355178140625 0.269589371875 0.036580615625 0.266449275 0.012498490625 0.2549258453125 0 0.2525614140625 0
0 0.5041545890625 0.8406144328125 0.47797101406250003 0.8510975234375 0.47272946875 0.8762182968750001 0.4832125609375 0.896121678125 0.5051932359375 0.8940202296875001 0.52509661875 0.87517965 0.521956521875 0.85317481875 0.5041545890625 0.8406144328125
0 0.8109661828125001 0.8709767515625 0.8319082124999999 0.9243825484375 0.8706521734375 0.8929815828125 0.869589371875 0.8625951093750001 0.8339855078125 0.85317481875 0.8109661828125001 0.8709767515625
0 0.146038646875 0.103585446875 0.1554589375 0.11614583281249999 0.178502415625 0.0983439015625 0.16801932343749998 0.0648414859375 0.150217390625 0.071121678125 0.146038646875 0.103585446875
0 0.4339855078125 0.14653230625 0.43608695624999994 0.1821120171875 0.46231884062499995 0.18100090625 0.47483091718750003 0.15071105 0.46123188437499996 0.128730375 0.4339855078125 0.14653230625
0 0.8983067171875 1 0.9083333328125001 0.989310084375 0.8968357484375 0.965227959375 0.8769323671875 0.96416515625 0.8748309171875001 0.9934888281250001 0.88405925 1 0.8983067171875 1