0 0.7698241203125 0.5950738062500001 0.8018592968749999 0.597435615625 0.8133417078124999 0.5893451640625 0.8160301499999999 0.563717021875 0.8038944718750001 0.55258636875 0.77927135625 0.56203360625 0.7698241203125 0.5950738062500001
0 0.8669597984375 0.60080245 0.883140703125 0.6028125 0.8966331656250001 0.5954004390625001 0.8962814078125 0.5876617468750001 0.87673366875 0.5728125000000001 0.8602010046874999 0.5852999375 0.8669597984375 0.60080245
0 0.9155778890624999 0.55655621875 0.922110553125 0.5568577265625 0.924371859375 0.5501240578125 0.9181909546875 0.5450486812500001 0.9135678390624999 0.5487672734375 0.9155778890624999 0.55655621875
0 0.6554773875000001 0.2783150125 0.6716582921875001 0.2693954140625 0.6849999999999999 0.2609029515625 0.6793467343749999 0.24798837968749998 0.648994975 0.2345964203125 0.6360552765625 0.24228486249999998 0.6360552765625 0.264948178125 0.6554773875000001 0.2783150125
0 0.7080653265625 0.44788787656249995 0.7372110546874999 0.4502748109375 0.7420603015625 0.4393451640625 0.7444974875 0.4361290828125 0.7384170859375 0.42236023906250003 0.727889446875 0.3984908921875 0.71374371875 0.39650596718750003 0.699974875 0.4073853640625 0.6874371859374999 0.4276114953125 0.6926884421875 0.44381752499999993 0.7080653265625 0.44788787656249995
0 0.7270854265625 0.38678235 0.737613065625 0.397686871875 0.749346734375 0.3814808421875 0.74125628125 0.3701491828125 0.725879396875 0.3737924 0.7270854265625 0.38678235
0 0.8215829140625001 0.557913003125 0.8462060296875 0.5376366203125 0.8636180906250001 0.46806375625 0.8512814078125001 0.4340185296875 0.8150502515625 0.422410490625 0.781005025 0.4158778265625 0.75924623125 0.42821450937499994 0.7317085421875 0.4557521984375 0.7252010046875 0.48906878125000003 0.7505527640625 0.5173351125 0.7904271359374999 0.5383652640625 0.8215829140625001 0.557913003125
0 0.11582914531249999 0.3510285796875 0.1290703515625 0.35276224843750004 0.133015075 0.3463049625 0.1302010046875 0.338440640625 0.12092964843750001 0.3389934046875 0.11582914531249999 0.3510285796875
0 0.154371859375 0.3392949125 0.163643215625 0.33957129375 0.1675879390625 0.33029993750000003 0.16673366875 0.3288929015625 0.15773869375 0.32467179687500003 0.1526884421875 0.3283150125 0.154371859375 0.3392949125
0 0.648994975 0.1548979265625 0.6793467343749999 0.1415059671875 0.6849999999999999 0.12859139375 0.6716582921875001 0.12009893281249999 0.6554773875000001 0.11117933437500001 0.6360552765625 0.12454616874999999 0.6360552765625 0.147209484375 0.648994975 0.1548979265625
0 0.729703690625 0 0.7270854265625 0.002711996875 0.725879396875 0.015701946875 0.74125628125 0.0193451640625 0.749346734375 0.0080135046875 0.7435447078124999 0 0.729703690625 0
0 0.133015075 0.043189384375 0.1290703515625 0.0367320984375 0.11582914531249999 0.038465765624999995 0.12092964843750001 0.050500942187499995 0.1302010046875 0.05105370625 0.133015075 0.043189384375
0 0.16673366875 0.0606014453125 0.1675879390625 0.059194409375 0.163643215625 0.049923053125 0.154371859375 0.050199434375 0.1526884421875 0.061179334375000005 0.15773869375 0.06482255 0.16673366875 0.0606014453125