0 0.264755434375 0.622292490625 0.33214673906250003 0.6424110671875 0.3357040515625 0.5738339921875 0.287206028125 0.5679446640625 0.264755434375 0.622292490625
0 0.6215933796875001 0.44695652187499996 0.5894985171875 0.46794466406249996 0.6030558296875 0.50252964375 0.6364155140625 0.49138339843749995 0.6462969375000001 0.46177865625000003 0.6215933796875001 0.44695652187499996
0 0.9006052375 0.8272727265625001 0.8944392296875 0.801264821875 0.880842390625 0.801264821875 0.8674036562499999 0.82608695625 0.8771665015625001 0.8531225296875 0.8894985171875 0.8568379453125001 0.9006052375 0.8272727265625001
0 0.8919491109375001 0.9099209484375 0.8623443671875 0.9259683796875 0.8821072140625 0.9518972328125 0.8956645249999999 0.958063240625 0.9142020750000001 0.9235177859375 0.8919491109375001 0.9099209484375
0 0.2364155140625 0.7420158109375 0.2327000984375 0.733359684375 0.2178779640625 0.7321343875 0.21048665937500002 0.74324110625 0.22653409062500002 0.7531225296875 0.2327000984375 0.7531225296875 0.2364155140625 0.7420158109375
0 0.285783103125 0.7420158109375 0.28455780625 0.7271936765625 0.269735671875 0.7222529640625 0.261119071875 0.72968379375 0.2623443671875 0.7494071140624999 0.27222579062499996 0.7531225296875 0.285783103125 0.7420158109375
0 0.44526926875 0.46126482187500006 0.48582262812500004 0.46035573125000007 0.4728186765625 0.43671936718750004 0.45270009843750003 0.43909090937500006 0.44526926875 0.46126482187500006
0 0.3227000984375 0.408379446875 0.3699728265625 0.4000790515625 0.36285820156250004 0.3764426875 0.3250321140625 0.3693675890625 0.3227000984375 0.408379446875
0 0.185585475 0.1022134390625 0.212739625 0.09747035625 0.21040760937499997 0.060830039062499994 0.169024209375 0.07031620625 0.185585475 0.1022134390625
0 0.6406447625 0.19324110625 0.65957756875 0.1731225296875 0.63708745 0.144782609375 0.615822628125 0.183754940625 0.6406447625 0.19324110625
0 0.600447134375 0.19324110625 0.604004446875 0.15893280625 0.5779965421875 0.156600790625 0.56028903125 0.183754940625 0.600447134375 0.19324110625
0 0.877047925 0.0773913046875 0.9006842890625 0.036007904687499995 0.859340415625 0.015928853125 0.8380360671875 0.0395652171875 0.877047925 0.0773913046875
0 0.706850296875 0.3327272734375 0.699735671875 0.36106719374999996 0.7387475296875 0.35162055312499996 0.7541230234375 0.3102371546875 0.7364155140624999 0.29608695625000003 0.706850296875 0.3327272734375
0 0.53309535625 0.5833201578125 0.50708745 0.6364822140624999 0.566178359375 0.62466403125 0.5839253953125 0.5856521734375 0.5791823125 0.5407509875 0.53309535625 0.5833201578125
0 0.44918231249999996 0.7842292484375 0.45032855781250003 0.7286956515624999 0.4077989125 0.7416996046875 0.405427371875 0.7700790515625 0.44918231249999996 0.7842292484375
0 0.43499258906250005 0.8409881421875 0.3947949609375 0.8244268781249999 0.3451506921875 0.8244268781249999 0.3167712453125 0.8575494078125001 0.3191427859375 0.9095256921875 0.3605261859375 0.923715415625 0.417245553125 0.9130830046874999 0.43499258906250005 0.8409881421875
0 0.9368107703125 0.801264821875 0.9306447625000001 0.8272727265625001 0.9417514828125 0.8568379453125001 0.9540834984375 0.8531225296875 0.96384634375 0.82608695625 0.9504076093749999 0.801264821875 0.9368107703125 0.801264821875
0 0.917047925 0.9235177859375 0.9355854750000001 0.958063240625 0.9491427859374999 0.9518972328125 0.9689056328125 0.9259683796875 0.9393008890625 0.9099209484375 0.917047925 0.9235177859375
0 0.9305657109375 0.036007904687499995 0.9542020750000001 0.0773913046875 0.9932139328125 0.0395652171875 0.9719095843750001 0.015928853125 0.9305657109375 0.036007904687499995