0 0.083620178125 0.5559579 0.11486646874999999 0.5588955859375 0.10801186874999999 0.5169371296875 0.06997032656249999 0.5120706609375001 0.083620178125 0.5559579
0 0.21827893125000003 0.27399944375 0.245578634375 0.298391134375 0.26997032656250003 0.2993703640625 0.2641246296875 0.26815374687500004 0.24753709218750003 0.25741190625 0.21827893125000003 0.27399944375
0 0.5614836796875 0.59162555625 0.5754599406249999 0.59162555625 0.574154303125 0.5711211046875 0.558872403125 0.577233865625 0.5614836796875 0.59162555625
0 0.8202670624999999 0.64898460625 0.8359050437500001 0.638806565625 0.8275370921875 0.620260571875 0.8104451031250001 0.62898460625 0.8202670624999999 0.64898460625
0 0.6998219578125 0.623524665625 0.7216617203125 0.6246225890625 0.7191097921875 0.5904089390625 0.6932640953125 0.59951873125 0.6998219578125 0.623524665625
0 0.8729970328125001 0.349192321875 0.8886646890625001 0.3488362390625 0.8879228484375 0.32883623906250004 0.87118694375 0.3335543390625 0.8729970328125001 0.349192321875
0 0.8660830859375 0.590112203125 0.8963204749999999 0.6447412828125 0.9460830859374999 0.629132975 0.9363204749999999 0.59109143125 0.895341246875 0.5647412828125 0.8660830859375 0.590112203125
0 0.110778825 1 0.11486646874999999 0.974978671875 0.083620178125 0.9779163578125001 0.076751703125 1 0.110778825 1
0 0.2641246296875 0.197471253125 0.26997032656250003 0.1662546359375 0.245578634375 0.167233865625 0.21827893125000003 0.19162555625 0.24753709218750003 0.20821309375000002 0.2641246296875 0.197471253125
0 0.5754599406249999 0.9422487015625001 0.5614836796875 0.9422487015625001 0.558872403125 0.9566403937500001 0.574154303125 0.962753153125 0.5754599406249999 0.9422487015625001
0 0.8359050437500001 0.8950676921875 0.8202670624999999 0.8848896515625 0.8104451031250001 0.9048896515625 0.8275370921875 0.9136136875 0.8359050437500001 0.8950676921875
0 0.7216617203125 0.90925166875 0.6998219578125 0.9103495921875 0.6932640953125 0.9343555265625 0.7191097921875 0.9434653187500001 0.7216617203125 0.90925166875
0 0.8886646890625001 0.11678876093749999 0.8729970328125001 0.116432678125 0.87118694375 0.1320706609375 0.8879228484375 0.1367887609375 0.8886646890625001 0.11678876093749999
0 0.9363204749999999 0.9427828265624999 0.9460830859374999 0.9047412828124999 0.8963204749999999 0.8891329750000001 0.8660830859375 0.9437620546875 0.895341246875 0.969132975 0.9363204749999999 0.9427828265624999