0 0.3106150359375 0.756869565625 0.28412228281249996 0.7420579703125 0.272470109375 0.7685217390625 0.286238225 0.7960579703125 0.309542571875 0.790782609375 0.3106150359375 0.756869565625
0 0.3063831515625 0.638231884375 0.3106150359375 0.6498840578125 0.3286150359375 0.6382608703125 0.312730978125 0.6191884062499999 0.3063831515625 0.638231884375
0 0.56904981875 0.91681159375 0.5521222828125001 0.9390724640625001 0.5648179343749999 0.95918840625 0.5807019921875 0.9602608703125 0.6018903984375 0.9401159421875 0.56904981875 0.91681159375
0 0.920730978125 0.4454782609375 0.8794266296875 0.44336231875000004 0.8709338765625001 0.47828985468749996 0.886817934375 0.49843478281250003 0.9238903984375 0.47936231874999996 0.920730978125 0.4454782609375
0 0.7866730078125 0.7058840578125001 0.796817934375 0.72208695625 0.8109918484374999 0.7099420296875001 0.7998614125 0.678492753125 0.7866730078125 0.7058840578125001
0 0.42620923906249997 0.8217391296875001 0.421281703125 0.8536231890625 0.4753106890625 0.8245217390624999 0.5199483703125 0.8032463765625 0.524006340625 0.7616521734374999 0.498644021875 0.714 0.4693976453125 0.68463768125 0.40360054375 0.669855071875 0.388817934375 0.7368115937499999 0.3615715578125 0.762318840625 0.36504981875000003 0.81710145 0.394904890625 0.7979710140625 0.42620923906249997 0.8217391296875001
0 0.2735135875 0.11057970937499999 0.26641213750000003 0.1237391296875 0.25018025312500003 0.1399710140625 0.24815126875 0.1663478265625 0.238006340625 0.1998260875 0.2674266296875 0.245449275 0.2877164859375 0.26371014531250003 0.3242092390625 0.280956521875 0.342470109375 0.2890724640625 0.3627599640625 0.295130434375 0.4114266296875 0.3042608703125 0.4296875 0.2910724640625 0.44287590625 0.26269565156249997 0.46215126875 0.224144928125 0.4682092390625 0.19881159375 0.5180932968749999 0.139420290625 0.475194746875 0.0802898546875 0.40447010937499994 0.0565217390625 0.35432518125 0.0695652171875 0.32522373125000004 0.0781159421875 0.2938034421875 0.0933333328125 0.2735135875 0.11057970937499999
0 0.762904890625 0.4285217390625 0.7342961953125 0.42321739062499997 0.731136775 0.4634782609375 0.7480643109375 0.48043478281249996 0.7734846015625 0.4677101453125 0.762904890625 0.4285217390625
0 0.8253976453125 0.298231884375 0.8179773546875 0.280231884375 0.7999773546875 0.27281159375 0.7915135875 0.29611594218750004 0.8063251812500001 0.304579709375 0.8126730078125 0.304579709375 0.8253976453125 0.298231884375
0 0.8404121375000001 0.528405796875 0.8738903984374999 0.5334782609375 0.8870788046875001 0.5071014500000001 0.8607019921875001 0.4959420296875 0.8404121375000001 0.528405796875
0 0.835455615625 0.0744347828125 0.8121512687499999 0.0722898546875 0.8058034421875 0.108318840625 0.8153396734375 0.1284347828125 0.8375715578125 0.13162318906249998 0.848180253125 0.111507246875 0.87360054375 0.11889855 0.8862961953124999 0.12739130468749998 0.9021802531249999 0.1146666671875 0.9096005437500001 0.10936231874999999 0.9180643109375 0.0786666671875 0.913832428125 0.06278260937499999 0.8958324281250001 0.052173912499999996 0.8640643109375 0.0617101453125 0.835455615625 0.0744347828125
0 0.7055425718749999 0.7433913046875 0.7278324281249999 0.754550725 0.7420353265624999 0.7383188406250001 0.718730978125 0.717043478125 0.7055425718749999 0.7433913046875
0 0.22273097812499998 0.7802898546875 0.20574547031249998 0.7812463765625 0.19939764531249998 0.8098260875 0.211136775 0.819420290625 0.23435416718750002 0.804550725 0.22273097812499998 0.7802898546875
0 0.8847019921875001 0.972956521875 0.886817934375 0.954956521875 0.8709338765625001 0.9433043484375 0.8518903984374999 0.9496521734375 0.8455135874999999 0.9644927531249999 0.8603541671875 0.9803768109375 0.8847019921875001 0.972956521875
0 0.9016585140625001 0.9644927531249999 0.9154266296875001 0.9613043484375 0.9260353265625 0.9507246374999999 0.9260353265625 0.9348405796874999 0.9069628625 0.9231884062500001 0.8921222828125 0.9380000000000001 0.8878903984375001 0.9486086953124999 0.893194746875 0.9570724640625 0.9016585140625001 0.9644927531249999
0 0.780904890625 0.8479710140625001 0.798904890625 0.8744637687499999 0.8137454703125 0.875507246875 0.8307019921875 0.86281159375 0.8275135875 0.836318840625 0.8158614125 0.804550725 0.7936295296875 0.7897101453125 0.7639483703125001 0.790782609375 0.7544411234374999 0.8172463765625 0.780904890625 0.8479710140625001
0 0.5267019921875 0.5270144921875 0.5309338765625 0.5047826093750001 0.5213976453125 0.4846666671875 0.49916576093750004 0.482550725 0.4832527171875 0.5037101453124999 0.4906730078125 0.5259710140625 0.49809329687500004 0.5333913046875 0.5267019921875 0.5270144921875
0 0.23435416718750002 0.5852753625 0.22270199218750003 0.572579709375 0.20681793437499998 0.58 0.20997735468749998 0.6011594203125 0.23858605000000002 0.599043478125 0.23435416718750002 0.5852753625
0 0.972557065625 0.49843478281250003 0.9884411234374999 0.47828985468749996 0.9799483703125 0.44336231875000004 0.938644021875 0.4454782609375 0.9354846015625 0.47936231874999996 0.972557065625 0.49843478281250003
0 1 0.49806521718749996 0.9986730078124999 0.4959420296875 0.9722961953124999 0.5071014500000001 0.9854846015625001 0.5334782609375 1 0.5312789578125 1 0.49806521718749996
0 1 0.0637958671875 0.9953106890625 0.0617101453125 0.9635425718749999 0.052173912499999996 0.945542571875 0.06278260937499999 0.9413106890625 0.0786666671875 0.9497744562499999 0.10936231874999999 0.9571947468750001 0.1146666671875 0.9730788046875001 0.12739130468749998 0.98577445625 0.11889855 1 0.114762275 1 0.0637958671875
0 1 0.9471573062499999 0.9884411234374999 0.9433043484375 0.972557065625 0.954956521875 0.9746730078124999 0.972956521875 0.9990208328125 0.9803768109375 1 0.9793287953125001 1 0.9471573062499999
0 0.9439483703124999 0.9613043484375 0.9577164859374999 0.9644927531249999 0.966180253125 0.9570724640625 0.9714846015624999 0.9486086953124999 0.9672527171875 0.9380000000000001 0.9524121375 0.9231884062500001 0.9333396734375 0.9348405796874999 0.9333396734375 0.9507246374999999 0.9439483703124999 0.9613043484375