0 0.8160301499999999 0.43628297812500005 0.8133417078124999 0.4106548359375 0.8018592968749999 0.40256438437500003 0.7698241203125 0.40492619375 0.77927135625 0.43796639375 0.8038944718750001 0.44741363125 0.8160301499999999 0.43628297812500005
0 0.8962814078125 0.412338253125 0.8966331656250001 0.4045995609375 0.883140703125 0.39718749999999997 0.8669597984375 0.39919755 0.8602010046874999 0.4147000625 0.87673366875 0.42718749999999994 0.8962814078125 0.412338253125
0 0.924371859375 0.44987594218750004 0.922110553125 0.4431422734375 0.9155778890624999 0.44344378124999995 0.9135678390624999 0.4512327265625 0.9181909546875 0.45495131874999994 0.924371859375 0.44987594218750004
0 0.648994975 0.7654035796875001 0.6793467343749999 0.7520116203125 0.6849999999999999 0.7390970484375 0.6716582921875001 0.7306045859375 0.6554773875000001 0.7216849875 0.6360552765625 0.7350518218750001 0.6360552765625 0.7577151375 0.648994975 0.7654035796875001
0 0.699974875 0.5926146359375 0.71374371875 0.6034940328125 0.727889446875 0.6015091078125 0.7384170859375 0.5776397609374999 0.7444974875 0.5638709171875 0.7420603015625 0.5606548359375 0.7372110546874999 0.5497251890625 0.7080653265625 0.5521121234375 0.6926884421875 0.5561824750000001 0.6874371859374999 0.5723885046875 0.699974875 0.5926146359375
0 0.749346734375 0.6185191578125 0.737613065625 0.602313128125 0.7270854265625 0.61321765 0.725879396875 0.6262076000000001 0.74125628125 0.6298508171874999 0.749346734375 0.6185191578125
0 0.7252010046875 0.5109312187499999 0.7317085421875 0.5442478015625001 0.75924623125 0.5717854906250001 0.781005025 0.5841221734375 0.8150502515625 0.577589509375 0.8512814078125001 0.5659814703125 0.8636180906250001 0.5319362437499999 0.8462060296875 0.46236337968749996 0.8215829140625001 0.44208699687499997 0.7904271359374999 0.46163473593750004 0.7505527640625 0.48266488750000003 0.7252010046875 0.5109312187499999
0 0.133015075 0.6536950375 0.1290703515625 0.6472377515625001 0.11582914531249999 0.6489714203125 0.12092964843750001 0.6610065953125 0.1302010046875 0.661559359375 0.133015075 0.6536950375
0 0.16673366875 0.6711070984374999 0.1675879390625 0.6697000625 0.163643215625 0.66042870625 0.154371859375 0.6607050875 0.1526884421875 0.6716849875 0.15773869375 0.6753282031250001 0.16673366875 0.6711070984374999
0 0.6554773875000001 0.8888206656250001 0.6716582921875001 0.8799010671874999 0.6849999999999999 0.8714086062499999 0.6793467343749999 0.8584940328125 0.648994975 0.8451020734375 0.6360552765625 0.852790515625 0.6360552765625 0.87545383125 0.6554773875000001 0.8888206656250001
0 0.7435447078124999 1 0.749346734375 0.9919864953124999 0.74125628125 0.9806548359375 0.725879396875 0.984298053125 0.7270854265625 0.997288003125 0.729703690625 1 0.7435447078124999 1
0 0.11582914531249999 0.961534234375 0.1290703515625 0.9632679015625 0.133015075 0.956810615625 0.1302010046875 0.9489462937500001 0.12092964843750001 0.9494990578125 0.11582914531249999 0.961534234375
0 0.154371859375 0.9498005656249999 0.163643215625 0.9500769468750001 0.1675879390625 0.940805590625 0.16673366875 0.9393985546874999 0.15773869375 0.93517745 0.1526884421875 0.938820665625 0.154371859375 0.9498005656249999