0 0.5373709582040743 0.10155506553656449 0.5358498838871285 0.05415413692278367 0.4680742026459354 0.05632902781763235 0.4695952769628812 0.10372995643141317
0 0.16229175134478252 0.7351753484420318 0.1345630534199747 0.7318400564280154 0.1300859882267621 0.7690611416615003 0.15781468615156993 0.7723964336755167
0 0.286383728120032 0.8457838450473174 0.23066770593371486 0.8318670467639537 0.20917366825212008 0.9179186123580925 0.2648896904384372 0.9318354106414561
0 0.6727217098922933 0.8527326666868562 0.655289539136173 0.8021410128669215 0.6172144807991857 0.8152603886604455 0.634646651555306 0.8658520424803802
0 0.40940505253266374 0.18881128473001746 0.36587749433677963 0.18233124329801745 0.3591591768501864 0.22745934293207443 0.4026867350460705 0.2339393843640744
0 0.8050709573574876 0.15904377721633067 0.7953191811708169 0.1312887193642597 0.7601854416941359 0.14363300507259685 0.7699372178808066 0.17138806292466785
0 0.8227462445426135 0.09759717399715914 0.8118275179005682 0.06484098968181824 0.7840536671704547 0.07409893868465907 0.7949723938125 0.10685512299999997
0 0.6013296334034235 0.5221363778234568 0.43866029249159244 0.4059522625336987 0.3132759794795985 0.5815027971956582 0.47594532039142956 0.6976869124854164
0 0.12241263595272718 0.7693914751350244 0.11877928961288182 0.7322031006002664 0.09123787201681048 0.7348939283137312 0.09487121835665584 0.7720823028484892
0 0.0370925359375001 0.8441176515625 1.0337459800897963e-16 0.8441176515625 1.0819631039464086e-16 0.922862190625 0.03709253593750011 0.922862190625
0 0.9840302593532154 0.14399252657155454 0.9493567854268333 0.13107496032966665 0.9389869201156597 0.15890986728924036 0.9736603940420417 0.17182743353112825
0 0.9576717089767482 0.07104449600979904 0.9309243639898677 0.06545549828638002 0.9236374432281886 0.10032861743044363 0.9503847882150692 0.10591761515386264