0 0.5132795703124999 0.40134408593750004 0.49977192220087596 0.3779133431256899 0.47095471751337586 0.39452624625069 0.4844623656249999 0.4179569890625001
0 0.7001844326942763 0.9445807758712602 0.6987259826514169 0.8870103397568657 0.6209268798561844 0.8889812490023798 0.6223853298990438 0.9465516851167743
0 0.4741683764145079 0.7131184758643461 0.4064214569159799 0.70959563737352 0.40365093050147205 0.7628750115091739 0.47139785000000006 0.7663978499999999
0 0.21270858925344957 0.9363925455231513 0.20879906626031075 0.9002665800970091 0.13177419375000002 0.9086021500000001 0.1356837167431388 0.9447281154261423
0 0.09569892499999999 0.6295161296874999 0.09354838749999998 0.601935484375 0.054704916651070704 0.6049642148395813 0.05685545415107072 0.6325448601520812
0 0.72034788054848 0.47601517954278877 0.6886590747207061 0.4570018979113516 0.6752814665426806 0.4792979137286614 0.7069702723704545 0.4983111953600986
0 0.7611290328125 0.41301075312500013 0.6897792184697076 0.3917903347723365 0.6775931010448113 0.43276394808079777 0.7489429153876037 0.45398436643346135
0 0.4973894511222272 0.24998667768990201 0.42382219586115566 0.2087681441855594 0.3825869143146249 0.28236529152162804 0.45615416957569643 0.3235838250259707
0 0.7420430109375 0.2177419359375 0.7407687665027676 0.14351719205942234 0.6722671039626815 0.1446931861781088 0.673541348397414 0.21891793005618645
0 0.33808530448232627 0.502309048664553 0.298387096875 0.4091397843750001 0.1887000441669054 0.4558760060618975 0.22839825177423162 0.5490452703514503
0 0.6309061755863736 0.5599583507137481 0.5810561557004876 0.5484878866024143 0.5635244792662292 0.624679609134127 0.6133744991521152 0.6361500732454608
0 0.9242740315614555 0.7587563385554802 0.7807985805964293 0.7348823880821916 0.7638172046875 0.8369354843749999 0.9072926556525263 0.8608094348482884
0 0.2395161296875 0.24946236562500004 0.20802697553726443 0.23060963685785088 0.18939133692480598 0.261736191756276 0.22088049107504154 0.28058892052342516
0 0.7569288869674595 0.28498232076286123 0.6912965481181085 0.2139137667664206 0.6438912749882748 0.25769288951963026 0.7095236138376257 0.3287614435160709
0 0.6465821286094328 0.09037612046675077 0.6416393442832236 0.06053857706975148 0.6026106660277766 0.06700393303377779 0.6075534503539858 0.09684147643077708
0 0.6995698921875002 0.9542473125000001 0.6220967734375001 0.9542473125000001 0.6220967734375001 1 0.6995698921875002 1
0 0.2127085892534497 0.9636074544768487 0.13568371674313895 0.9552718845738577 0.13177419375000013 0.99139785 0.2087990662603109 0.9997334199029911
0 0.6465821286094328 0.0139249545332493 0.6075534503539857 0.0074595985692229696 0.6026106660277766 0.03729714196622227 0.6416393442832236 0.0437624979302486