0 0.7000334924566467 0.34183154599532184 0.6467018390625001 0.3009956703125001 0.6175819284070327 0.3390262734519646 0.6709135818011792 0.3798621491347864
0 0.4655330093750001 0.8981385281250001 0.4286498921875001 0.8719480515625 0.4051628468641987 0.905024022630846 0.4420459640516986 0.9312144991933462
0 0.8451628542688967 0.17859233536171704 0.7660761978722695 0.1661082527052507 0.7521462079940686 0.2543547305139461 0.8312328643906957 0.2668388131704124
0 0.7070050535089782 0.1941651773887823 0.7057927484375 0.1323376625 0.6241663764429668 0.133938180730651 0.6253786815144451 0.1957656956194333
0 0.4344074671875001 0.1070995671875 0.43040001515398163 0.06591018643570243 0.37122252609148154 0.07166776143570242 0.375229978125 0.11285714218749998
0 0.2932312643058091 0.027652697489227985 0.1747857362596159 0.011859957882984096 0.16648992599715437 0.07407852487055103 0.2849354540433476 0.08987126447679492
0 0.36352905875418473 0.28225622093375996 0.36217331803829683 0.21845656741561412 0.2858219188554046 0.2200790323488729 0.28717765957129243 0.28387868586701875
0 0.4900884043261239 0.31886498971936583 0.4293524174577901 0.2714419090596708 0.3918565746709094 0.3194638212476029 0.4525925615392432 0.36688690190729795
0 0.6351866890624999 0.2631168828125 0.6002691758111643 0.20290888849933553 0.5183996827744466 0.2503889472623073 0.5533171960257821 0.3105969415754718
0 0.35550995523443335 0.878996755445429 0.3305227176190791 0.8276716195271858 0.2756846719060623 0.8543690895694572 0.3006719095214166 0.9056942254877004
0 0.9409521901830711 0.2425196261731747 0.9088781442578252 0.15784414547077316 0.8385520479971905 0.18448281846673154 0.8706260939224363 0.2691582991691331
0 0.14046677529490284 0.05629435357082815 0.12019013541469739 -0.00198198488257737 0.010733673307288253 0.03610224147093319 0.03101031318749369 0.0943785799243387
0 0.022026515625000027 0.2199659578125 2.693806061564598e-17 0.2199659578125 3.0140052848542165e-17 0.27225845937500004 0.02202651562500003 0.27225845937500004
0 0.019429112500000106 0.8394372296875 1.0280141164219184e-16 0.8394372296875 1.0656974714518346e-16 0.90097881875 0.01942911250000011 0.90097881875