0 0.02438914062500003 0.23686510156249999 2.9007608845822837e-17 0.23686510156249999 3.3280019208625344e-17 0.3066388578125 0.024389140625000034 0.3066388578125
0 0.083600465633075 0.5107738830211884 0.02883316157510125 0.39962053674718373 -0.019773714796812714 0.4235700413442534 0.03499358926116103 0.5347233876182581
0 0.246289702109756 0.44323467732079946 0.22048860667457154 0.4045111304054795 0.17250531594446372 0.4364818965682228 0.1983064113796482 0.47520544348354277
0 0.4157112985926343 0.290885466709277 0.39577264760003483 0.27611937015151317 0.37819651745421323 0.29985240774930566 0.39813516844681274 0.3146185043070695
0 0.9802215395959084 0.44302363873542844 0.9184466162025599 0.4406034655391908 0.9164541527703968 0.4914610967522225 0.9782290761637453 0.49388126994846016
0 0.8017510952107308 0.5530855543344272 0.7653393671875 0.5509827484375001 0.762954787601769 0.5922736081655728 0.7993665156249999 0.5943764140625001
0 0.1291855203125 0.4194442875 0.11216149643030641 0.34389241784474667 0.06177899377616949 0.3552450545477494 0.07880301765836308 0.4307969242030028
0 0.31547511250000004 0.4378605765625 0.3129411765625 0.4081320703124999 0.2941090084522644 0.40973724707968334 0.2966429443897644 0.43946575332968346
0 0.2720814484375 0.3094895359375 0.2432126703125 0.3094895359375 0.2432126703125 0.3494442875 0.2720814484375 0.3494442875
0 0.6216289593750001 0.5501230203125 0.6188542242591987 0.5054299803215488 0.583348415625 0.5076343328125 0.5861231507408015 0.5523273728034513
0 0.43052865432823867 0.4839912032114323 0.3974746471264653 0.48062692764709664 0.39507709408910285 0.5041828860839507 0.4281311012908763 0.5075471616482863
0 0.15303479968808292 0.5977850513541921 0.11649392505856956 0.5246284239690067 0.028373981564043138 0.5686432989391088 0.0649148561935565 0.6417999263242944
0 0.4464118683736407 0.8543898931484252 0.4432778803569857 0.8157727795131331 0.36448835969948346 0.8221669760320811 0.3676223477161385 0.8607840896673732
0 0.024389140625 1.4934041500180463e-18 0 0 2.8225580016057314e-18 0.046095870312499995 0.024389140625000003 0.046095870312499995
0 0.4464118683736407 0.8674851068515753 0.36762234771613855 0.8610909103326272 0.36448835969948357 0.8997080239679193 0.4432778803569857 0.9061022204868674