0 0.8516279062500001 0.47248982500000014 0.8333488375 0.47248982500000014 0.8333488375 0.4853735468750002 0.8516279062500001 0.4853735468750002
0 0.25933513716487294 0.3632648260851705 0.12912320353279794 0.35827452904877544 0.12382219833473433 0.4965937777827484 0.25403413196680935 0.5015840748191435
0 0.3255232821794328 0.5254094564094582 0.2598909248256612 0.501552452427614 0.2511572527268572 0.5255794211381692 0.31678961008062884 0.5494364251200136
0 0.5421317577886746 0.481315902848825 0.47187155339946907 0.4609350795964037 0.4475720532766899 0.5447044064796621 0.5178322576658955 0.5650852297320834
0 0.7798645507658646 0.5857613681943917 0.7772170968589053 0.539202653207692 0.7361960628468365 0.541535219662625 0.7388435167537958 0.5880939346493247
0 0.8082104288190823 0.46396238749540764 0.8059774946776643 0.44602192038121957 0.7834707748460189 0.44882318652460035 0.7857037089874369 0.4667636536387884
0 0.8516279062500001 0.9490014531250001 0.8333488375 0.9490014531250001 0.8333488375 0.9618851749999999 0.8516279062500001 0.9618851749999999
0 0.8516279062500001 0.08388517500000012 0.8333488375 0.08388517500000012 0.8333488375 0.09676889531250012 0.8516279062500001 0.09676889531250012
0 0.2486031859375001 0.9341177328124999 0.16009044062500014 0.9341177328124999 0.16009044062500014 1 0.2486031859375001 1
0 0.25933513716487294 0.20599389422732953 0.2540341320266034 0.06767464705356499 0.12382219839452838 0.07266494408996012 0.12912320353279788 0.21098419126372464
0 0.32552328217943266 0.9089655435905423 0.3167896100806288 0.8849385748799868 0.2511572527268572 0.9087955788618307 0.25989092482566106 0.9328225475723861
0 0.32552328217943266 0.04384926546554185 0.3167896100806287 0.019822296754986514 0.2511572527268572 0.04367930073683076 0.2598909248256612 0.0677062694473861
0 0.5421317577886745 0.9530590971511753 0.5178322576658955 0.8692897702679169 0.4475720532766898 0.8896705935203378 0.4718715533994688 0.9734399204035963
0 0.5421317577886743 0.08794281746367519 0.5178322580839616 0.00417349202164552 0.4475720536947561 0.024554315274066662 0.4718715533994688 0.10832364071609632
0 0.7798645507658647 0.8486136318056087 0.7388435167537961 0.8462810653506756 0.7361960628468367 0.8928397803373752 0.7772170968589054 0.8951723467923083
0 0.7779465828125 9.319257615863154e-17 0.744003684375 9.111417306236815e-17 0.744003684375 0.02904796562500009 0.7779465828125 0.029047965625000095
0 0.8082104288190827 0.9704126125045927 0.785703708987437 0.9676113463612118 0.783470774846019 0.9855518134754 0.8059774946776646 0.9883530796187807
0 0.8082104286275748 0.10529633435575673 0.7857037089874369 0.10249506823621168 0.7834707750375265 0.12043553381173548 0.8059774946776642 0.12323679993128052