0 0.36559220715349167 0.8579556425058827 0.3550071308110446 0.821177697183636 0.3211880479507476 0.8309111820417812 0.33177312429319467 0.8676891273640279
0 0.6218678156250002 0.4785344828125 0.6183045984375001 0.44186781562500005 0.5955323176786848 0.44408079510806714 0.5990955348661847 0.4807474622955671
0 0.7407129002944607 0.2845588441868093 0.7258908046875001 0.248017240625 0.6960372201508114 0.2601265254150014 0.710859315757772 0.2966681289768107
0 0.6124137937499999 0.09554597656250007 0.5060344828125001 0.09554597656250007 0.5060344828125001 0.1617241375000001 0.6124137937499999 0.1617241375000001
0 0.577713418508951 0.7521810385357802 0.4355822707964993 0.6595862172686845 0.33436049572971904 0.8149595617695994 0.4764916434421707 0.907554383036695
0 0.49716107463075065 0.25998384114668927 0.4917349539605082 0.21556023656284057 0.445332628732748 0.2212280480433436 0.45075874940299043 0.26565165262719226
0 0.6949444377353499 0.2701816518172 0.6648886095332567 0.17663469153420533 0.6201459441031814 0.19101012245576493 0.6502017723052745 0.2845570827387596
0 0.6684648337237462 0.33841506634691004 0.616045682994437 0.2976656996239693 0.5781664022438301 0.3463928305431854 0.6305855529731395 0.38714219726612614
0 0.7078397309243718 0.39625840529145495 0.6742296949041563 0.36428543788517154 0.6533980725392705 0.38618367363997164 0.687008108559486 0.4181566410462551
0 0.6677763124159648 0.7291481336497314 0.6406133321645396 0.7063208538505548 0.6176421056250788 0.7336551213730866 0.6448050858765041 0.7564824011722634
0 0.7405648467244552 0.6276032816238453 0.7024804880744157 0.6219593975337482 0.696536360949962 0.6620697657934956 0.7346207196000015 0.6677136498835926
0 0.46515817201404763 0.32855075677155615 0.4471788206620967 0.323860492310322 0.4429035697781982 0.3402489579063799 0.46088292113014917 0.34493922236761404
0 0.3752383123127416 0.19381499018329945 0.3699712640625 0.138218390625 0.3397044946718613 0.14108576985369298 0.34497154292210286 0.1966823694119924
0 0.20561433468463736 0.8315591114212758 0.1720442492828831 0.8206639102660457 0.16019806355130922 0.8571641511544918 0.19376814895306346 0.8680593523097219
0 0.8805438358282386 0.44661434904044733 0.8566954015624999 0.4418678156250001 0.8495399634522975 0.47781952616355267 0.8733883977180362 0.4825660595789999
0 0.777559943224257 0.25703974322620804 0.7468078421675963 0.24728741922274405 0.7348420819282798 0.2850191709537709 0.7655941829849404 0.29477149495723487
0 0.9692009065947784 0.09790751235743085 0.8625862062499999 0.0955459765625001 0.8611413583126414 0.1607755742742561 0.9677560586574199 0.16313711006918682
0 1 0.7010904828125002 0.926005746875 0.7010904828125002 0.926005746875 0.9034482765625 1 0.9034482765625
0 0.13846598398371684 0.9000498274982146 0.13064489925388653 0.6908358118058617 -0.0048954573635357716 0.695902741045321 0.002925627366294531 0.9051167567376739
0 1 0.22455459843750009 0.9810344828125 0.22455459843750009 0.9810344828125 0.2626907046875001 1 0.2626907046875001
0 0.08234855921131021 0.22526168740387437 0.04003409059290684 0.2114814003362499 0.02540556494271503 0.25640051461310925 0.06772003356111839 0.2701808016807337
0 0.8559449018160814 0.19284482201675482 0.8128060497601355 0.1762867699199934 0.7774387583932625 0.26842951358206213 0.8205776104492083 0.28498756567882355
0 0.8966958703419085 0.344950566023865 0.8565546312223757 0.29745225242867585 0.8062697542802593 0.3399484405382726 0.8464109933997921 0.38744675413346175
0 0.820229884375 0.3847413796875001 0.7988004125554011 0.3643556888298707 0.7675473658521577 0.39720894302081755 0.7889768376717565 0.417594633878447
0 0.8570840195117915 0.7332034231020247 0.8336370481388957 0.7063665296112444 0.8070945176005966 0.7295563207064587 0.8305414889734923 0.756393214197239
0 0.7783459558830561 0.6576777987009648 0.765963143335743 0.6191380302788586 0.7309142953051705 0.6303992114672983 0.7432971078524837 0.6689389798894044
0 0.08381785078890627 0.34028616843241777 0.07960411765140114 0.3238526135494596 0.06159426903815365 0.32847052467359444 0.06580800217565878 0.34490407955655256
0 0.18787372300170818 0.14417679063384353 0.15675287343750002 0.13821839062500002 0.14657071044890932 0.19140004377615924 0.1776915600131175 0.19735844378500275