0 0.6105181624999998 0.11183760625000003 0.59085729964992 0.07495684937553752 0.5496481982423732 0.0969251211685123 0.5693090610924532 0.1338058780429748
0 0.566305228903975 0.3704044847062796 0.501543803125 0.32623931562500014 0.47025910665671944 0.3721135099390688 0.5350205324356945 0.4162786790203484
0 0.5672227337710903 0.8123103576530738 0.46246606077182156 0.7671393676838297 0.40850165153929563 0.8922889819698909 0.5132583245385642 0.9374599719391352
0 0.5891933765624999 0.42931623906249994 0.5678685890625 0.42931623906249994 0.5678685890625 0.44944444375000003 0.5891933765624999 0.44944444375000003
0 0.7799626062499999 0.10000000000000005 0.7437745395954153 0.07467814232800815 0.7187455133509244 0.11044771665259723 0.754933580005509 0.1357695743245891
0 0.11756944374999997 0.10000000000000005 0.08138137709541524 0.0746781423280081 0.056352350850924535 0.11044771665259714 0.0925404175055093 0.13576957432458908
0 0.8610586731085158 0.37197150028633796 0.829662432412815 0.326175478738518 0.7649728372631651 0.37052452983906126 0.7963690779588658 0.4163205513868812
0 0.19866551060851584 0.3719715002863381 0.167269269912815 0.32617547873851804 0.1025796747631651 0.37052452983906126 0.13397591545886595 0.4163205513868813
0 0.918513072419232 0.8956568121068447 0.8719507984959257 0.7684500281736109 0.7630076881277063 0.808327138420219 0.8095699620510125 0.9355339223534529
0 0.2561199099192321 0.895656812106845 0.2095576359959262 0.768450028173611 0.10061452562770638 0.808327138420219 0.14717679955101232 0.935533922353453
0 0.7641096346767035 0.4308792751403033 0.7420566234375001 0.42931623906250005 0.7407021837796115 0.4484261453675564 0.7627551950188148 0.4499891814453596
0 0.10171647217670347 0.43087927514030316 0.07966346093750004 0.42931623906249994 0.07830902128742127 0.44842614525736557 0.10036203252662472 0.4499891813351688