0 0.34802241720389343 0.27355852955835025 0.34552569189361404 0.2383627705010778 0.3010196883507589 0.24151994819751593 0.30351641366103826 0.2767157072547884
0 0.4937944664062501 0.7314896242187501 0.46600790468750003 0.7037030625 0.43699604687500004 0.7327149203125002 0.4647826085937501 0.7605014820312501
0 0.9288910673482013 0.8255790842965698 0.887847957682261 0.7965938341809784 0.8629165874636102 0.8318966505419046 0.9039596971295506 0.8608819006574961
0 0.7843214153398139 0.5224443542625161 0.7556258375332733 0.5169764473542094 0.7460906276908307 0.5670172327084425 0.7747862054973713 0.5724851396167493
0 0.3681968786731763 0.4072405009898622 0.35935284202834716 0.33269791196147236 0.29992673770633094 0.33974846723643315 0.30877077435115996 0.414291056264823
0 0.1468618329913004 0.3691899992632222 0.1391787192771466 0.3088755048521707 0.0398220624322622 0.3215319732558507 0.047505176146415994 0.38184646766690217
0 0.26569342133240503 0.31488085373995645 0.2103900412299283 0.2759782397860895 0.15663735069111623 0.3523922689288083 0.211940730793593 0.3912948828826753
0 0.44097965457906046 0.3937160178106461 0.4135177859375 0.34382164062500004 0.3382126627844308 0.38526958559826785 0.36567453142599127 0.43516396278391384
0 0.3880322754036204 0.701884822440437 0.34902913815705766 0.6935436499553362 0.33632411093750003 0.7529520750000002 0.37532724818406277 0.7612932474851009
0 0.4940805090784008 0.29398315055822255 0.4930611698134424 0.2693217254502413 0.4521252573487547 0.27101374376384046 0.4531445966137131 0.2956751688718217
0 0.8069149507547732 0.39748851662498597 0.7262793662216568 0.29842529242469257 0.6528133025663877 0.35822527404261584 0.733448887099504 0.4572884982429093
0 0.9160079046874999 0.9751259875 0.8728063234375 0.9751259875 0.8728063234375 1 0.9160079046874999 1