0 0.4266580338031112 0.08307914759322428 0.3869004836394651 0.06163623471245581 0.3675027658233563 0.09760176530162643 0.4072603159870024 0.11904467818239488
0 0.6544215080591469 0.3071820574787013 0.5872102725965376 0.28959612683105485 0.5693436421267161 0.35788016203457784 0.6365548775893254 0.37546609268222425
0 0.5944139734449129 0.39047425316514606 0.5156582395286193 0.3256399860312281 0.44558121403185835 0.4107642238400489 0.524336947948152 0.4755984909739667
0 0.44947077435743343 0.49445120059325703 0.4426753940104168 0.46047430781250015 0.425116865500185 0.4639860144400272 0.4319122458472018 0.49796290722078407
0 0.5571813234375 0.047509881250000066 0.5065093875 0.047509881250000066 0.5065093875 0.08620553437500007 0.5571813234375 0.08620553437500007
0 0.9968915122588251 0.10262559846155397 0.9886705480933662 0.06570172945371637 0.9408214329643979 0.07635515964383739 0.9490423971298568 0.11327902865167498
0 0.2617136466338251 0.10262559846155392 0.2534926824683661 0.06570172945371636 0.20564356733939787 0.07635515964383735 0.2138645315048569 0.11327902865167494
0 0.7885668842368038 0.2954361174599832 0.720895137874966 0.2885259728447459 0.713099159193044 0.3648727819754825 0.7807709055548819 0.3717829265907198
0 0.051845356250000044 0.2932806328125 3.6433696446380286e-17 0.2932806328125 4.108541809741567e-17 0.3692490125 0.051845356250000044 0.3692490125
0 0.911331521875 0.3519762843750001 0.782438240625 0.3519762843750001 0.782438240625 0.4394466406250002 0.911331521875 0.4394466406250002
0 0.17615365625000004 0.351976284375 0.04726037500000004 0.351976284375 0.04726037500000005 0.43944664062500005 0.17615365625000004 0.43944664062500005
0 0.9409408825268575 0.49590202170427633 0.9400035156514448 0.46121952512992 0.92184564318925 0.4617102795407952 0.9227830100646626 0.49639277611515153
0 0.20576301690185778 0.4959020217042762 0.2048256500264448 0.46121952512992 0.18666777756424985 0.46171027954079535 0.1876051444396628 0.49639277611515153
0 0.8622406125 0.04750988125000011 0.8115686765625 0.0475098812500001 0.8115686765625 0.0862055343750001 0.8622406125 0.08620553437500011
0 0.12706274687500002 0.04750988125000001 0.0763908109375 0.04750988125000001 0.0763908109375 0.08620553437500002 0.12706274687500002 0.08620553437500003