0 0.5938831933235559 0.5822885999179714 0.5817538458675477 0.4796172283655206 0.4858364997293278 0.4909486715982071 0.4979658471853359 0.593620043150658
0 0.7135416671874999 0.54875 0.7096690954534324 0.514591930378334 0.6738357610784325 0.5186544303783339 0.6777083328125 0.5528125
0 0.22453125000000002 0.5944270828125 0.21132519277171308 0.5131879321509165 0.12667539077812906 0.5269484173404677 0.139881448006416 0.6081875680020511
0 0.593883193323556 0.6895864000820288 0.497965847185336 0.6782549568493421 0.4858364997293279 0.780926328401793 0.581753845867548 0.7922577716344795
0 0.5938831933235559 0.14791973289452862 0.4979658473673849 0.13658828968334888 0.48583649991137684 0.23925966123579973 0.5817538458675477 0.25059110444697946
0 0.5927083328125 6.644257383627112e-17 0.49203125 6.027788047558006e-17 0.49203125 0.04791666718750006 0.5927083328125 0.047916667187500074
0 0.7135416671875002 0.7231250000000001 0.6777083328125002 0.7190625 0.6738357610784325 0.7532205696216663 0.7096690954534325 0.7572830696216665
0 0.7135416671875 0.18145833281250007 0.678122271592265 0.17509263498662825 0.6720285215922649 0.2089988849866283 0.7074479171875 0.2153645828125001
0 0.7135416671875001 0.007083332812499998 0.7122940764020145 -0.003921058025524648 0.6764607420270144 0.00014144197447535367 0.6777083328125001 0.011145832812500001
0 0.22453125000000015 0.6774479171875001 0.13988144800641616 0.663687431997949 0.12667539077812917 0.7449265826595325 0.21132519277171316 0.7586870678490836
0 0.22453125000000002 0.13578125000000002 0.13988144660915797 0.1220207665397806 0.12667539119233387 0.20325991760845233 0.21132519458317592 0.21702040106867176
0 0.22453125 0.05276041718750002 0.21400694408679827 -0.011981525125288207 0.12935714069595622 0.001778958334931205 0.1398814466091579 0.06652090064771943