0 0.5254838703125 0.39247311875000007 0.4948493042855251 0.3805165902552778 0.4849030683480251 0.4060004605677777 0.515537634375 0.4179569890625
0 0.37815095632992407 0.9449401039747904 0.37665574847039757 0.8859187004127984 0.29960799090255963 0.8878705755923393 0.30110319876208613 0.9468919791543314
0 0.5970971993694713 0.7152109889346043 0.5314413989267635 0.7117968885938413 0.52860215 0.76639785 0.5942579504427078 0.7698119503407631
0 0.8682258062500002 0.9086021500000001 0.7907526875000002 0.9044086015625001 0.7888204371881458 0.9401056872397218 0.8662935559381459 0.9442992356772217
0 0.9435483874999997 0.627365590625 0.9420480797421277 0.5999849917574177 0.902800767242128 0.6021355308199177 0.904301075 0.6295161296874999
0 0.32059139843750006 0.4724193546875 0.2997682976618408 0.4538173844891068 0.2767236515084902 0.4796136299444445 0.29754675228414945 0.4982156001428377
0 0.3225851282878818 0.43083637339613967 0.3089746111144712 0.389774145939265 0.2388709671875 0.41301075312500013 0.25248148436091056 0.45407298058187473
0 0.6146782319660683 0.2856801187513938 0.5863575914244462 0.2137432999798891 0.5032726352845832 0.24645282505254315 0.5315932758262052 0.31838964382404783
0 0.3274791639056417 0.21654842229560872 0.32623995851731885 0.1443647030236426 0.2567177836741772 0.1455582166655339 0.25795698906250003 0.2177419359375
0 0.8117206161808381 0.458663788292937 0.7016129031250001 0.4091397843750002 0.6605116685202765 0.5005209851679857 0.7706193815761145 0.5500449890859225
0 0.42739898864032977 0.6317248149526173 0.4237870048661373 0.5555207320633851 0.372620771393027 0.5579459512653543 0.37623275516721943 0.6341500341545865
0 0.23618279531250005 0.8369354843749999 0.2303841502480065 0.741317821680478 0.07927311238438967 0.7504818113577592 0.08507175744888323 0.8460994740522813
0 0.8099409766100371 0.2622844428331387 0.7927767081661317 0.2309319706142862 0.7601252830872098 0.24880736561403616 0.777289551531115 0.28015983783288867
0 0.35769263319270894 0.26349912936319225 0.31328013520451 0.21540801960347444 0.24280641684050605 0.28049102331664544 0.28721891482870504 0.32858213307636325
0 0.3958064515625 0.06435483906250004 0.356989246875 0.06435483906250004 0.356989246875 0.09537634375000005 0.3958064515625 0.09537634375000005
0 0.3779032265625001 0.9542473125000001 0.3004301078125001 0.9542473125000001 0.3004301078125001 1 0.3779032265625001 1
0 0.8682258062500002 0.99139785 0.8662935559381459 0.9557007643227786 0.7888204371881458 0.9598943127602786 0.7907526875 0.9955913984375
0 0.3958064515625 0.008924731250000047 0.356989246875 0.008924731250000045 0.356989246875 0.039946235937500046 0.3958064515625 0.039946235937500046