0 0.7573667937636971 0.4807358542382868 0.6843196326761589 0.47292847098881347 0.6768431814809946 0.542879377376446 0.7498903425685328 0.5506867606259195
0 0.25039999999999996 0.7076875 0.24862823340702445 0.690395058052559 0.23031941207759182 0.692270961877296 0.23209117867056736 0.709563403824737
0 0.3229288118306987 0.5054339558898523 0.2925427842937277 0.5019809982151964 0.2900802651708312 0.5236511664966854 0.32046629270780225 0.5271041241713413
0 0.25042256532359547 0.46096415498778665 0.24810732808606187 0.440831657270103 0.23147849441140914 0.442743973142688 0.23379373164894274 0.46287647086037165
0 0.17083714456995752 0.5179593976643588 0.14497941473793094 0.4961600559225605 0.12942648255028028 0.5146084808047207 0.15528421238230683 0.5364078225465189
0 0.1441630024360536 0.69315178136419 0.13721237367086941 0.6783899697962275 0.11801251193337066 0.6874302634394444 0.12496314069855485 0.7021920750074069
0 0.2376709739546501 0.7400448479183283 0.23107765305968914 0.7254275798964807 0.21653516949790105 0.7319871682264787 0.22312849039286195 0.7466044362483262
0 0.2134932642487047 0.3931830958549224 0.1919582901554405 0.3875159974093264 0.18734041450777206 0.40506392487046644 0.20887538860103624 0.4107310233160623
0 0.9068088235294118 0.5853022058823528 0.8972352941176471 0.5693463235294116 0.8815735294117646 0.5787433823529412 0.8911470588235293 0.5946992647058824
0 0.9262023076923075 0.6502559615384617 0.9109284615384616 0.6448651923076925 0.9063869230769231 0.6577328846153847 0.921660769230769 0.663123653846154
0 0.25040000000000007 0.9066875 0.23209117867056733 0.9048115961752631 0.23031941207759193 0.9221040381227039 0.24862823340702472 0.9239799419474408
0 0.1441630024360537 0.92122321863581 0.12496314069855496 0.912182924992593 0.11801251193337073 0.9269447365605556 0.13721237367086947 0.9359850302037727
0 0.23767097395465017 0.874330152081672 0.2231284903928621 0.8677705637516739 0.2165351694979011 0.8823878317735214 0.2310776530596892 0.8889474201035196
0 0.9262023076923075 0.9641190384615387 0.9216607692307692 0.9512513461538463 0.906386923076923 0.9566421153846154 0.9109284615384613 0.9695098076923078