0 0.17882230281636416 0.6449928691889553 0.1420443574941174 0.6344077928465082 0.13231087263597205 0.6682268757068053 0.1690888179582188 0.6788119520492523
0 0.558132184375 0.3816954015625001 0.5214655171875001 0.37813218437500007 0.519252537704433 0.40090446513381534 0.5559192048919329 0.40446768232131536
0 0.7519827593749999 0.2741091953125001 0.7154411558131908 0.25928709970553954 0.7033318710231893 0.2891406842422283 0.7398734745849985 0.30396277984918885
0 0.9044540234375 0.3875862062500001 0.839224425725744 0.3861413583126416 0.8368628899308133 0.49275605865741995 0.9020924876425693 0.49420090659477844
0 0.33090662740895416 0.5030690415377419 0.13642111197539067 0.42344745227689023 0.07764148934857082 0.5670239032079972 0.27212700478213436 0.6466454924688488
0 0.7878425364917493 0.5121466887846029 0.7427332847747208 0.49941994126993344 0.7304861084676282 0.5428293794019206 0.7755953601846566 0.5555561269165901
0 0.8237119222499155 0.33778820390277564 0.7315580131582136 0.3024553285367263 0.715013730084675 0.3456055206043451 0.8071676391763768 0.3809383959703944
0 0.7025477475713242 0.3815546312223758 0.6600515594617274 0.33126975428025923 0.6125532458665383 0.3714109933997919 0.655049433976135 0.4216958703419085
0 0.6352170368330963 0.3210742063032767 0.601534675595464 0.2932444516186097 0.5815762590748677 0.3174001296903331 0.6152586203125 0.34522988437500013
0 0.29363347038875565 0.35863704813889563 0.27044367929354113 0.3320945176005965 0.24360678580276093 0.35554148897349236 0.2667965768979754 0.3820840195117915
0 0.38086196972114145 0.290963143335743 0.36960078853270173 0.25591429530517046 0.3310610201105957 0.26829710785248356 0.3423222012990354 0.30334595588305613
0 0.676139507689678 0.5528211793379035 0.6714492432284439 0.5348418279859524 0.655060777632386 0.5391170788698508 0.65975104209362 0.557096430221802
0 0.8617816093750001 0.6300287359375002 0.8061850098167008 0.6247616876872586 0.8033176305880078 0.6550284570778973 0.8589142301463071 0.6602955053281387
0 0.17882230234650853 0.8282829937143612 0.16908881904665565 0.7944639090569446 0.13231087291217342 0.8050489833760499 0.14204435621202632 0.8388680680334666
0 0.558132184375 0.1433045984375 0.5559192048919328 0.12053231767868469 0.5192525377044329 0.1240955348661847 0.5214655171875 0.146867815625
0 0.7519827593749999 0.25089080468750014 0.7398734745849984 0.22103722015081134 0.7033318710231891 0.23585931575777197 0.7154411558131907 0.26571290029446076
0 0.9044540234375 0.13741379375 0.9020924876425693 0.030799093405221634 0.8368628899308131 0.03224394134258013 0.8392244257257439 0.13885864168735848
0 0.2989095171875 2.4359593473514433e-17 0.0965517234375 1.1968752253591543e-17 0.0965517234375 0.07399425312500002 0.2989095171875 0.07399425312500003
0 0.3091641881941384 0.8693551007461133 0.09995017250178555 0.861534016016283 0.09488324326232629 0.9970743726337054 0.3040972589546791 1.0048954573635356
0 0.7754454015625 9.262950987115466e-17 0.7373092953125 9.029434684860438e-17 0.7373092953125 0.018965517187500093 0.7754454015625 0.018965517187500093
0 0.7878425364917493 0.9611291737153973 0.7755953601846566 0.9177197355834099 0.7304861084676282 0.9304464830980794 0.7427332847747208 0.9738559212300668
0 0.8237119222499156 0.18721179609722438 0.807167639176377 0.1440616040296056 0.715013730084675 0.17939447939565495 0.7315580131582136 0.22254467146327372
0 0.7025477475713242 0.14344536877762426 0.655049433976135 0.10330412965809162 0.6125532458665381 0.1535890066002082 0.6600515594617273 0.19373024571974082
0 0.6352170368330963 0.20392579369672342 0.6152586203125 0.179770115625 0.5815762590748677 0.2075998703096671 0.6015346755954638 0.2317555483813905
0 0.29363347038875554 0.16636295186110453 0.26679657689797537 0.14291598048820864 0.2436067858027609 0.16945851102650772 0.2704436792935411 0.19290548239940358
0 0.38086196972114134 0.234036856664257 0.34232220129903534 0.2216540441169439 0.33106102011059557 0.2567028921475164 0.3696007885327016 0.2690857046948295
0 0.6761395076896782 0.9204546831620968 0.6597510417119834 0.916179432178641 0.6550607772507491 0.9341587835305919 0.671449243228444 0.9384340345140479
0 0.8617816093749999 0.8432471265625002 0.8589142319436087 0.8129803578572078 0.8033176312220875 0.8182474030354754 0.8061850086534788 0.8485141717407678