0 0.5159445323947711 0.6190434912783976 0.45051591864682194 0.5915033886438983 0.4349013755923618 0.6285997611563665 0.500329989340311 0.6561398637908658
0 0.5904930562499999 0.9862222218750002 0.5777705244426339 0.9677269129498939 0.5555111170791509 0.983038688456958 0.568233648886517 1.0015339973820643
0 0.6552930562500002 0.7118666671875001 0.6136205839914848 0.7103132356136916 0.6115761386789849 0.7651576793636916 0.6532486109375002 0.7667111109375001
0 0.6728930562500001 0.5141777781249999 0.6636041671874999 0.431377778125 0.6050147412845834 0.43795061239369276 0.6143036303470836 0.5207506123936927
0 0.7522872255801584 0.8814903349664502 0.7513714644926234 0.854610022328773 0.7149817254179613 0.8558497514747584 0.7158974865054964 0.8827300641124356
0 0.9321856500153997 0.7820171093270347 0.821573304513527 0.7799094048958602 0.8193510987399115 0.8965307817700635 0.9299634442417842 0.8986384862012381
0 0.8265930120733467 0.6562831700075188 0.8217310920218216 0.6289915881072066 0.7876961188744279 0.6350548247126502 0.7925580389259531 0.6623464066129624
0 0.8819377188805632 0.4431844508259827 0.861940091854863 0.3029698788239858 0.7263919803417667 0.322301967774329 0.7463896073674668 0.46251653977632595
0 0.6924643169143144 0.15342956410195824 0.6338053904775603 0.1464356155848618 0.626958662513045 0.2038597889286066 0.6856175889497991 0.21085373744570304
0 0.49336622484859083 0.11659000251873056 0.45373779410297466 0.07807223391571083 0.42433129112938384 0.10832667514698038 0.46395972187499995 0.1468444437500001
0 0.4038046051100837 0.7251816722732316 0.37313791429081267 0.45289862591449986 0.07557613686440488 0.48641240927340174 0.10624282768367585 0.7586954556321335
0 0.4120486109375001 0.6049777781250001 0.4073305087617521 0.5586598145633472 0.3699329335954006 0.5624692562397975 0.37465103577114867 0.6087872198014503
0 1 0.7817333328125001 0.9413819437500001 0.7817333328125001 0.9413819437500001 0.89835555625 1 0.89835555625