0 0.34802241720389343 0.7264414704416498 0.30351641366103826 0.7232842927452118 0.301019688350759 0.7584800518024841 0.34552569189361415 0.7616372294989222
0 0.49379446640625 0.2685103757812501 0.46478260859375 0.2394985179687501 0.43699604687500004 0.2672850796875001 0.46600790468750003 0.2962969375000001
0 0.9288910673482015 0.1744209157034302 0.9039596971295506 0.139118099342504 0.8629165874636104 0.1681033494580954 0.8878479576822613 0.20340616581902166
0 0.7843214153398138 0.47755564573748394 0.7747862054973712 0.4275148603832508 0.7460906276908303 0.43298276729155755 0.7556258375332731 0.48302355264579067
0 0.3681968786731763 0.5927594990101379 0.30877077435116007 0.5857089437351772 0.299926737706331 0.660251532763567 0.3593528420283472 0.6673020880385276
0 0.14686183299130046 0.6308100007367777 0.04750517614641606 0.6181535323330978 0.03982206243226227 0.6784680267441493 0.13917871927714667 0.6911244951478293
0 0.26569342133240503 0.6851191462600434 0.21194073079359285 0.6087051171173247 0.15663735069111612 0.6476077310711917 0.21039004122992827 0.7240217602139105
0 0.4409796545790606 0.6062839821893541 0.36567453142599127 0.5648360372160864 0.33821266278443074 0.6147304144017325 0.4135177859375001 0.6561783593750002
0 0.38803227540362045 0.29811517755956307 0.37532724818406277 0.2387067525148992 0.33632411093750003 0.24704792500000003 0.3490291381570577 0.3064563500446639
0 0.4940805090784008 0.7060168494417774 0.4531445966137131 0.7043248311281782 0.4521252573487546 0.7289862562361595 0.4930611698134423 0.7306782745497589
0 0.8069149507547729 0.6025114833750143 0.733448887099504 0.5427115017570909 0.6528133025663875 0.6417747259573842 0.7262793662216567 0.7015747075753074
0 0.9160079046874999 1.0953328093712623e-16 0.8728063234375 1.0688794702733038e-16 0.8728063234375 0.024874012500000108 0.9160079046874999 0.02487401250000011