0 0.7159076026717464 0.14961169627893392 0.6854269009470587 0.14525731056268393 0.6798116967128125 0.18456374240875012 0.7102923984375 0.1889181281250001
0 0.41958814886334495 0.22948961421761843 0.24250476855314834 0.1243373279490558 0.17493602887487697 0.23812753879590515 0.3520194091850735 0.34327982506446775
0 0.8667498103932966 0.5854563590493325 0.8150292390625001 0.5765789468750002 0.8056257485416507 0.6313644961647221 0.8573463198724471 0.6402419083390545
0 0.6137982268239087 0.6676560671733854 0.5514856156679885 0.6282827151265202 0.4856501660612425 0.7324744732155285 0.5479627772171629 0.7718478252623937
0 0.6689228413479058 0.14782147504036117 0.5885617395333462 0.12403956543639458 0.5667080982839877 0.19788488394545342 0.6470692000985473 0.22166679354942
0 0.5430641841789278 0.5692153447571341 0.4411706085321054 0.5480910679097591 0.4215139565055182 0.6429055117226944 0.5234075321523406 0.6640297885700693
0 0.3606965430523714 0.7865553867473133 0.27837883887255294 0.7627634056402963 0.25921796360332433 0.829057980066197 0.3415356677831428 0.8528499611732141
0 0.21777810294585692 0.6939720329287495 0.14556762736450263 0.6836706780230808 0.13563175154359425 0.7533192169691807 0.20784222712494854 0.7636205718748494
0 0.13042821833435805 0.708722576650531 0.05935822672562465 0.6700261026917606 0.022029424016266664 0.7385842276037297 0.09309941562500006 0.7772807015625001
0 0.1461269850743466 0.3549222065134462 0.1180458446241727 0.28182865439408733 0.0849534401593808 0.2945421213233223 0.11303458060955474 0.36763567344268117
0 0.14689611345359124 0.11134654770530253 0.09117111044196921 0.08338161026050792 0.05941055949023011 0.14667003352018082 0.11513556250185213 0.17463497096497543
0 1.0103652975431667 0.29654049441668395 0.990177841854201 0.2521280944392348 0.9662136501130828 0.2630209094895663 0.9864011058020484 0.3074333094670155
0 0.055301274530751135 0.46217195270469763 0.02345029218750001 0.4029532156250001 -0.012479813827179331 0.42227833515135077 0.01937116851607179 0.4814970722310483
0 0.661074628024656 0.03151537168864691 0.6282402485808485 0.021665057855504655 0.6176334564936925 0.057021031479357866 0.6504678359375 0.06687134531250012
0 0.659239765625 7.888422144216727e-17 0.6223976609374999 7.662829316319733e-17 0.6223976609374999 0.02763157968750008 0.659239765625 0.02763157968750008