0 0.5361895563584101 0.6555124040542804 0.5088735934402552 0.6545423045799581 0.5074067732507171 0.6958448791772855 0.5347227361688722 0.6968149786516078
0 0.5555916623547583 0.7970116240752942 0.52331811875 0.785112359375 0.5144207322202713 0.8092441187204731 0.5466942758250297 0.8211433834207675
0 0.3842314345355657 0.46242040624815745 0.37468418163983336 0.40502521904936256 0.33250544666841353 0.41204133083935374 0.34205269956414586 0.4694365180381486
0 0.44906911765392177 0.9084119903215161 0.4243293546875 0.8724438203125 0.4056850964085782 0.8852677846784841 0.43042485937499997 0.9212359546875
0 0.474469803125 0.34331460625000004 0.45685744375 0.3046910109375 0.39200059624589495 0.33426573325244163 0.40961295562089495 0.37288932856494167
0 0.5589080062499999 0.14589887656250006 0.5375316015624999 0.13612359531250004 0.5255152332296344 0.1624007678856565 0.5468916379171345 0.17217604913565648
0 0.6341301505736208 0.21698768349880587 0.6129885685975763 0.19491679940547035 0.5856367335575008 0.2211169760839214 0.6067783155335452 0.24318786017725688
0 0.5909394101585811 0.7770240228401892 0.5556462757620804 0.7431539964672426 0.5303052915889965 0.7695597261325318 0.5655984259854974 0.8034297525054784
0 0.5196228578305842 0.955757569361932 0.48930126406249996 0.9406179781250001 0.47070282161940735 0.9778669637583028 0.5010244153874914 0.9930065549952347
0 0.13381474685216727 0.6938134837210161 0.12797486023139387 0.6529342703645863 0.10111530924744602 0.6567713484184983 0.10695519586821944 0.697650561774928
0 0.8472978938950272 0.6938134824032284 0.8414580050039749 0.652934269513885 0.8145984544200721 0.6567713490461692 0.8204383433111241 0.6976505619355126
0 0.12650096575073716 0.8084535695345263 0.11712489112650819 0.7846503373303862 0.08476812205265236 0.797395643465015 0.09414419667688134 0.8211988756691551
0 0.8399841126257371 0.8084535695345265 0.8306080380015082 0.7846503373303865 0.7982512689276524 0.7973956434650151 0.8076273435518813 0.8211988756691552
0 0.3100203942989951 0.41584259104518145 0.2678161315732888 0.40381437751823207 0.2517415909347319 0.46021628082537747 0.29394585366043813 0.47224449435232685
0 1 0.40747190937500016 0.972475421875 0.40747190937500016 0.972475421875 0.46572382031250015 1 0.46572382031250015
0 0.23432981317488513 0.8841904001986112 0.2157403256343539 0.8720821120811335 0.19161065308446884 0.9091276665700224 0.21020014062500003 0.9212359546875002
0 0.9478129589528231 0.8841903994840383 0.9292234725093538 0.8720821120811333 0.9050937994940306 0.9091276672845952 0.9236832859374999 0.9212359546875002
0 0.24707303742368728 0.33957750422161154 0.18376755625 0.3046910109375 0.16333827346754423 0.34176225126092036 0.22664375464123152 0.3766487445450319
0 0.9605561839347075 0.3395775048820943 0.8972507015625 0.3046910109375002 0.8768214187800443 0.34176225126092047 0.9401269011522517 0.3766487452055146
0 0.11737722873480241 0.15716809542957214 0.10089371914501674 0.13288278733840025 0.08171699375 0.1458988765625 0.09820050333978565 0.17018418465367188
0 0.8308603746060135 0.15716809677821794 0.8143768670349889 0.1328827883983342 0.7952001406249998 0.14589887656249995 0.8116836481960246 0.1701841849423837
0 0.05393047750000002 0.22504494406250003 0.03859901687499999 0.1943820228125 0.008509128749999994 0.209426966875 0.02384058937500002 0.24008988812500004
0 0.7674136229144919 0.22504494499107136 0.7520821631413119 0.19438202310182007 0.721992275715831 0.20942696566500696 0.737323735489011 0.24008988755425825
0 0.1102773305276001 0.7701177272566675 0.08594395159265096 0.7429364433186241 0.04946534491048147 0.7755930228032242 0.0737987238454306 0.8027743067412676
0 0.8237604774025999 0.7701177272566674 0.7994270984676508 0.742936443318624 0.7629484917854813 0.7755930228032241 0.7872818707204305 0.8027743067412674
0 0.16593336280823745 0.9830818168736425 0.15132373593749998 0.9406179781249998 0.12271262074514153 0.9504615940022717 0.137322247615879 0.9929254327509142
0 0.8794165098124201 0.9830818158258546 0.86480688125 0.9406179781250004 0.8361957652709137 0.9504615956556496 0.850805393833334 0.9929254333565039