0 0.570646534375 0.16278991562500006 0.542163914400392 0.15539603233227056 0.531021056587892 0.19832040264477052 0.5595036765625 0.20571428593750002
0 0.49339709683410343 0.7469362458563357 0.4059498373735818 0.7027993493988458 0.355815361795834 0.8021294529095682 0.4432626212563557 0.8462663493670581
0 0.6227269249797069 0.8274287772606194 0.5255593592317482 0.8157792575742906 0.5149254374052286 0.90447581554909 0.6120930031531873 0.9161253352354185
0 0.5743091737240754 0.5499172422912317 0.5467925668713958 0.3784887751012486 0.3754874429793287 0.40598558367250914 0.40300404983200827 0.5774140508624923
0 0.5620892814263861 0.2798977813583853 0.5030114792796259 0.26850242382156375 0.49138602968750006 0.3287731093750001 0.5504638318342603 0.3401684669118216
0 0.4271402626395548 0.2863207717409993 0.3921464355267815 0.27891284803005434 0.38261931971933516 0.3239173940348379 0.4176131468321084 0.3313253177457828
0 0.12212053557307742 0.19793592952612543 0.11044478349953564 0.1551570032866841 0.08194557136395822 0.1629353596980586 0.09362132343749999 0.20571428593749994
0 0.8145575105730775 0.19793592952612554 0.8028817584995356 0.1551570032866841 0.7743825463639582 0.16293535969805858 0.7860582984375 0.20571428593750002
0 0.29843922214490876 0.7897016095160955 0.22791825249602157 0.7012761980923095 0.1493342047575455 0.7639484905500977 0.21985517440643268 0.8523739019738837
0 0.9908761971449088 0.7897016095160954 0.9203552274960215 0.7012761980923095 0.8417711797575456 0.7639484905500978 0.9122921494064327 0.8523739019738837
0 0.13845799664323258 0.9042642862922484 0.1269242427131252 0.8152253350551073 0.030121452520949766 0.8277647860067558 0.04165520645105715 0.9168037372438971
0 0.830894969959628 0.9042642866138866 0.8193612165468419 0.8152253355679859 0.7225584276775818 0.8277647858127721 0.7340921810903678 0.9168037368586729
0 0.273996300099499 0.4050243108038162 0.09792661530893754 0.38708789536202365 0.08058261740137088 0.5573422170520786 0.25665230219193236 0.5752786324938712
0 0.9664332750994988 0.40502431080381623 0.7903635903089374 0.3870878953620237 0.7730195924013709 0.5573422170520788 0.9490892771919321 0.5752786324938713
0 0.1617389703125 0.32877310937500004 0.14968996882274266 0.2682408203875881 0.09071177876406837 0.27998047721814245 0.10276078025382573 0.3405127662055544
0 0.8541759453125 0.32877310937500015 0.8421269438227427 0.2682408203875883 0.7831487537640683 0.27998047721814256 0.7951977552538256 0.3405127662055544
0 0.2719073841249536 0.32324155197923155 0.25901208574246043 0.2780970992340621 0.22435900604836606 0.28799558676363957 0.23725430443085913 0.333140039508809
0 0.9643443591249536 0.32324155197923166 0.9514490607424604 0.2780970992340621 0.9167959810483662 0.28799558676363957 0.9296912794308593 0.3331400395088091