0 0.43031275605501734 0.723489558814506 0.3176773519196567 0.695956459711406 0.29507559638677083 0.7884181858353854 0.4077110005221315 0.8159512849384853
0 0.46679602378279406 0.5304316991000496 0.4506860120484303 0.44147333936638916 0.3847025438415448 0.45342268791856044 0.40081255557590856 0.5423810476522208
0 0.4092334700663498 0.49453436907186454 0.3748076647132085 0.3078758079012147 0.2975859031437199 0.32211796918299745 0.3320117084968611 0.5087765303536472
0 0.6728971916677075 0.13882106905639197 0.6510985058873946 0.02418676291169104 0.5910636902621399 0.03560289239078447 0.6128623760424528 0.1502371985354854
0 0.23345163281250003 0.25185929687499997 0.19602246612299662 0.12366782755122896 0.10217290833726325 0.1510698907355303 0.13960207502676666 0.2792613600593013
0 0.505138257186938 0.9184092809768949 0.4802487774522987 0.8275739586502343 0.38717990455004203 0.8530754460308383 0.4120693842846813 0.9439107683574989
0 0.2530803423725057 0.9598354908731862 0.23608123699022868 0.8701179969331448 0.15431423593682356 0.8856106930245952 0.1713133413191006 0.9753281869646365
0 0.5060646984375002 0.94201005 0.42661746250000016 0.94201005 0.42661746250000016 1 0.5060646984375002 1
0 0.5413655539095075 0.9531829117349606 0.5259957543982313 0.9230344587767615 0.4939703551558889 0.9393611328620237 0.509340154667165 0.9695095858202227
0 0.37683551514561753 0.6734176657697929 0.36708907977273325 0.5413172086507579 0.27383427874774513 0.5481975928009977 0.28358071412062946 0.6802980499200326
0 0.13290688264997128 0.1415032439317719 0.029906011063219017 0.12920463250094696 0.014336399379828352 0.2596001314299631 0.11733727096658061 0.271898742860788
0 0.09273978972500721 0.8841073802448685 0.011098676963363086 0.8720467625926138 -0.0023224651749962797 0.9628975805441315 0.07931864758664783 0.9749581981963862