0 0.2115442052644963 0.9381443129930643 0.17967384247812127 0.8693043303305096 0.09966343603834246 0.9063461856781594 0.13153379882471747 0.9751861683407139
0 0.27635909375 0.3711037765625001 0.21226957693539683 0.26800324125336894 0.13669110504000687 0.31498444974892376 0.20078062185461007 0.4180849850580549
0 0.5392803581115704 0.5137036586416892 0.5075705757283263 0.4439421136185853 0.46094776602625487 0.4651342926229131 0.4926575484094989 0.5348958376460169
0 0.64306243125 0.6067106734375001 0.6338097575543332 0.5576715063198715 0.5779725890625 0.5682068218749999 0.5872252627581668 0.6172459889926285
0 0.6945969088053335 0.3695211903768696 0.6668897587504106 0.32723132636559404 0.6020836378992863 0.3696905055774454 0.6297907879542093 0.41198036958872103
0 0.8421245373605737 0.40533039817607996 0.7771047666523617 0.38620693275199436 0.7558937792917881 0.4583242767634145 0.82091355 0.47744774218749997
0 0.8926322603519473 0.7743364040094924 0.8559619214096399 0.7193309060126977 0.7893206446807199 0.7637584322454389 0.8259909836230273 0.8187639302422337
0 0.9686946372235031 0.1418314849537332 0.7718942507417025 0.1341138334423358 0.7644644713750925 0.32357347005122017 0.961264857856893 0.3312911215626176
0 0.5458860453125001 6.685175980911602e-17 0.511049228125 6.471861997605834e-17 0.511049228125 0.019068575000000063 0.5458860453125001 0.019068575000000067
0 0.8065386065090946 0.526722433660037 0.7779410386247154 0.5060138479911649 0.748432432060868 0.5467638244925308 0.7770299999452472 0.567472410161403
0 0.5147162625 0.6699669953124999 0.5038914661103921 0.6158429949149411 0.45523275185373535 0.6255747344489644 0.4660575482433432 0.6796987348465233
0 0.401954984375 0.4481114796875 0.3707852031250001 0.4481114796875 0.3707852031250001 0.4893656046875 0.401954984375 0.4893656046875