0 0.8349891582450273 0.30100006525876194 0.7224716796458923 0.2954396113149652 0.7174363550939401 0.39733093677878756 0.829953833693075 0.4028913907225843
0 0.47625662971721194 0.3190644838676839 0.42597970116126965 0.3149933171749519 0.42071305921928487 0.380033783614121 0.47098998777522716 0.384104950306853
0 0.42396161433665036 0.19360919657169187 0.4230738167703196 0.1162164395584367 0.38092808055866934 0.11669990704924482 0.381815878125 0.19409266406249998
0 0.29855968713557846 0.26475564868104734 0.2972855059030348 0.20858090044993696 0.2410906237388093 0.2098555383695245 0.24236480497135293 0.2660302866006349
0 0.4735026020978941 0.8788564850826364 0.4542961357396658 0.810802812588876 0.3635946541947012 0.8364010630594079 0.3828011205529295 0.9044547355531682
0 0.46823237962233133 0.05525702747574639 0.4131098180280072 0.03522041287543827 0.39592771176833946 0.08248996062649364 0.45105027336266357 0.10252657522680175
0 0.771546797127107 0.8088488254551004 0.6220698103681462 0.733690242483507 0.5645996331350375 0.8479881520722939 0.7140766198939984 0.9231467350438873
0 0.691839679436276 0.09039124150831057 0.6568352497874511 0.04922531504424858 0.6102091328511753 0.088872682910938 0.6452135625000001 0.13003860937499997
0 0.7751186255459757 0.5595439835402714 0.7562527684714695 0.5201153392190815 0.7182102209384004 0.5383179753194376 0.7370760780129066 0.5777466196406273
0 0.5393998501678515 0.9190659232407208 0.5222146449269756 0.8770021347012126 0.478847876830281 0.8947196736165477 0.49603308207115704 0.936783462156056
0 0.4908392742828787 0.574105147434366 0.4787993254393045 0.5086233641447158 0.4224513145671483 0.5189839122888765 0.43449126341072253 0.5844656955785268
0 0.345252171875 0.47671814687499997 0.2967624466711361 0.46820341819977473 0.28687379375000005 0.5245173750000001 0.33536351895386396 0.5330321036752252
0 0.32729850312500003 0.17138996093750006 0.2910050671875 0.17138996093750006 0.2910050671875 0.21930501875 0.32729850312500003 0.21930501875
0 1 0.2988416984375001 0.9215069984375001 0.2988416984375001 0.9215069984375001 0.40239382187500017 1 0.40239382187500017
0 1 0.5347522562500002 0.9828583500000001 0.5347522562500002 0.9828583500000001 0.5702868953125002 1 0.5702868953125002