0 0.49434355008697717 0.28075736359996073 0.48204921125577477 0.2671991216024442 0.4689116796875 0.2791119687500001 0.48120601851870226 0.29267021074751665
0 0.2845808063589823 0.7866342725106985 0.27641512343129604 0.7751870537129634 0.2643626368640429 0.783784494326037 0.27252831979172915 0.7952317131237722
0 0.40680238526693174 0.9236915725219292 0.40337883161621946 0.911067215323033 0.3806726673014733 0.9172248176871532 0.3840962209521856 0.9298491748860493
0 0.5004174703125 0.6115057921875 0.49688013747696236 0.5960852311935458 0.4771363396170882 0.6006142742351921 0.4806736724526258 0.6160348352291463
0 0.5965564671875001 0.5717374515625 0.5839217203388901 0.5671332629397512 0.5791274354650591 0.5802896691307748 0.591762182313669 0.5848938577535238
0 0.5569817717382071 0.534229997904551 0.554750424485479 0.5175208504933962 0.5351450132100423 0.5201389661585226 0.5373763604627703 0.5368481135696773
0 0.44785027610019823 0.4672129180222628 0.4465142777578226 0.4467276126804155 0.43002072369302835 0.4478032793850476 0.431356722035404 0.4682885847268949
0 0.5215001834762597 0.05234576377279745 0.5018158944708276 0.04443525722919215 0.49619772575962057 0.05841535521445622 0.5158820147650526 0.06632586175806152
0 0.2988628252031673 0.07311233149784291 0.2940624795020287 0.056366938571547044 0.27734253609768456 0.06115998874347152 0.2821428817988232 0.07790538166976738
0 0.6610058035858731 0.816284432192812 0.6458324526080697 0.8146334455697151 0.6446310584044449 0.8256748287397997 0.6598044093822484 0.8273258153628966
0 0.7047268372627055 0.6355190999753372 0.6978482386864407 0.6256597767102694 0.685885391182496 0.6340059505394869 0.6927639897587607 0.6438652738045547
0 0.5493747470649468 0.45819049130955836 0.5277828117095498 0.45806495387759527 0.5277105596047819 0.47049202643312793 0.5493024949601789 0.470617563865091
0 0.48632480625 0.6297297296875 0.4672514484375 0.6297297296875 0.4672514484375 0.6396911203125 0.48632480625 0.6396911203125
0 0.22937500000000002 0.76069498125 0.22849330383257346 0.7486317667074729 0.2163683353495475 0.7495179764489944 0.21725003151697403 0.7615811909915216
0 0.34377654375 0.21034749062500002 0.33049469062500003 0.21034749062500002 0.33049469062500003 0.2227799234375 0.34377654375 0.2227799234375
0 0.42862581692927354 0.32413862431437074 0.41586148593749994 0.32305019375000005 0.41469856258560983 0.3366881225876301 0.42746289357738343 0.3377765531520008
0 0.5716916015625 0.704324325 0.560108590625 0.704324325 0.560108590625 0.71675675625 0.5716916015625 0.71675675625
0 0.6579078187500003 0.9239768343750001 0.6471356171875001 0.9239768343750001 0.6471356171875001 0.9372586875 0.6579078187500003 0.9372586875
0 0.054387362786486995 0.7837844929932234 0.04233487476474647 0.7751870536621335 0.03416919338323776 0.7866342733806941 0.04622168140497829 0.7952317127117842
0 0.04195189325150792 0.06443890499627415 0.026322879037306353 0.055980192128259734 0.018473871775330858 0.07048266407392141 0.03410288598953243 0.07894137694193581
0 0.9918543988172017 0.6337009464069173 0.9798124244580702 0.6256521651335872 0.9730473115783683 0.63577361247667 0.9850892859374998 0.64382239375
0 0.10317405607811996 0.7503461697167684 0.09181667632160984 0.7481377900832397 0.08937500000000013 0.7606949812500001 0.10073237975651025 0.7629033608835287