0 0.3818150084073658 0.44592995716983663 0.345297109375 0.425524625 0.3283342266924604 0.4558818292808754 0.36485212572482617 0.4762871614507119
0 0.4677969340396662 0.16967149225593828 0.43548327020294264 0.15225612911808648 0.42351980781250004 0.17445396093750004 0.45583347164922355 0.19186932407535184
0 0.5387642392837448 0.13618743609036876 0.5232914349082466 0.13583214774097457 0.5227579237495019 0.15906655383810592 0.5382307281250001 0.15942184218750008
0 0.6310051528288902 0.31718789679190973 0.6225657659760545 0.30973455339306205 0.6138431379466549 0.31961114546379266 0.6222825247994906 0.32706448886264033
0 0.8356734603337976 0.6327601944297684 0.8266164255403222 0.609968859881683 0.7701319001636127 0.632415211610252 0.7791889349570882 0.6552065461583374
0 0.814076553125 0.5904282656250002 0.8019112994354194 0.5770536846803513 0.7699648369178898 0.6061115536796731 0.7821300906074703 0.6194861346243219
0 0.7907823487675456 0.8302741413000201 0.7755915919142597 0.814279492803872 0.7464236684873968 0.8419814352879126 0.7616144253406827 0.8579760837840607
0 0.2725431525976819 0.9668186295546075 0.27109069709835876 0.9511269256597006 0.2549622234745011 0.9526198094387694 0.2564146789738243 0.9683115133336765
0 0.481333825875495 0.34289828036391334 0.4785410977644723 0.32835966937096916 0.46139505948341764 0.33165325932419176 0.46418778759444035 0.34619187031713594
0 0.6643918673603603 0.7002397009575729 0.651190557996715 0.6979636125635539 0.6481343437613549 0.715689650668481 0.6613356531250001 0.7179657390625002
0 0.3471386515625 0.3589721625000001 0.34399270299230206 0.32666920531906485 0.3260238783196889 0.32841916888959233 0.32916982688988683 0.3607221260705275
0 0.2916354390625 0.7619057812500001 0.2904785335382541 0.7327847945683243 0.27022658239717556 0.7335893550184212 0.2713834879214215 0.7627103417000969
0 0.295267376881838 0.26414753920032996 0.26524188883017896 0.26163970506502926 0.26051787444834107 0.3181988033646994 0.2905433625000001 0.3207066375000001
0 0.8898527677707534 0.6279609472720116 0.8330183291456988 0.6146211771151199 0.8268352613749453 0.6409642985931084 0.8836696999999999 0.6543040687500001
0 0.8924783844418787 0.6060272383636203 0.8600052531127685 0.5773248932756465 0.848169754095602 0.590715287431664 0.8806428854247121 0.6194176325196379
0 0.915758683742608 0.8405002394489653 0.8842610160799671 0.8159981060237724 0.87052147579248 0.833660383275425 0.902019143455121 0.8581625167006178
0 0.08426034897212337 0.9526765832877798 0.06808679296841634 0.9510668923231593 0.0665304488746024 0.9667044394769846 0.08270400487830942 0.9683141304416051
0 0.01199946406250004 0.327516059375 4.01387837259725e-17 0.327516059375 4.210949482703801e-17 0.35970021406249997 0.011999464062500043 0.35970021406249997
0 0.069643831512559 0.7353897373151781 0.05008905371784633 0.7321345383652509 0.045197632244064076 0.7615185058251306 0.06475241003877674 0.7647737047750579
0 0.07943924657159421 0.31453895278691 0.06893736562500001 0.26205567499999993 0.038114286240905806 0.26822335971308997 0.04861616718749999 0.3207066375