0 0.818489898227004 0.6063301915332029 0.7354368174761151 0.5580201453359233 0.6780926998381815 0.6566043117290399 0.7611457805890703 0.7049143579263195
0 0.542080426122589 0.6000879981318349 0.5316661803009398 0.5334946857422913 0.44234730555505664 0.547462885922446 0.4527615513767058 0.6140561983119895
0 0.5083632705142288 0.6695219297480749 0.4956992211052317 0.5919194391398592 0.30886989363937045 0.6224083553529025 0.3215339430483676 0.7000108459611183
0 0.1476884421875 0.37373429687500004 0.12502357564233152 0.31705062403716133 0.018474096348910108 0.3596542452871683 0.04113896289407857 0.416337918125007
0 0.2748322748770075 0.863820028381826 0.2518592968750001 0.7665483671875002 0.12459661965545983 0.7966044251219937 0.1475695976574673 0.8938760863163194
0 0.9425336953297487 0.5886520303500457 0.9204671639236022 0.495335856430198 0.8292178560650216 0.5169136347838197 0.8512843874711681 0.6102298087036674
0 0.974958198577812 0.8306063334648386 0.9628975780074983 0.7489652204773225 0.8720467606713884 0.7623863657348748 0.8841073812417021 0.8440274787223909
0 1 0.49393530156250015 0.94201005 0.49393530156250015 0.94201005 0.5733825375000002 1 0.5733825375000002
0 0.9695095858202226 0.49065984533283497 0.9531829117349604 0.45863444609049253 0.9230344587767612 0.4740042456017687 0.9393611328620235 0.5060296448441111
0 0.6825847629222709 0.6255834773652793 0.5523944249643915 0.6159779715044098 0.5452697267110438 0.7125441375019683 0.6754600646689232 0.7221496433628378
0 0.27483227522653275 0.8874676592007227 0.14756959765746736 0.8574116011836805 0.12459661930593469 0.9546832638579581 0.2518592968750001 0.9847393218750001
0 0.9749581981963859 0.9206813524133521 0.8841073802448683 0.9072602102749929 0.8720467625926138 0.9889013230366371 0.9628975805441314 1.0023224651749962