0 0.24576320850288985 0.2601717558683415 0.2332386140972325 0.1921523344492115 0.16531887546824361 0.2046585740013624 0.17784346987390096 0.2726779954204924
0 0.9429853915559008 0.889823403108081 0.9265557664981718 0.6715978319678617 0.6860870142231781 0.6897020871994334 0.702516639280907 0.9079276583396527
0 0.47620966885361093 0.2250868560963078 0.45838346321296514 0.20838889116110368 0.4375506787343542 0.23062929600229592 0.455376884375 0.24732726093750004
0 0.4128391953125001 0.13340766406250004 0.3953952707865555 0.13009103991772383 0.38839195937499993 0.16692525156250002 0.40583588390094444 0.17024187570727625
0 0.31467336718749994 0.2763473625 0.29956816935987046 0.21010389762584486 0.25698719927883595 0.21981344373712233 0.27209239710646543 0.2860569086112775
0 0.42635678437499996 0.04687500000000005 0.388391959375 0.04687500000000004 0.388391959375 0.06642273906250004 0.42635678437499996 0.06642273906250004
0 0.15759374007306678 0.2369688305386993 0.1201761161664225 0.2230588348379201 0.08421942903005084 0.31978163944110666 0.1216370529366951 0.3336916351418858
0 0.6605999939416302 0.192991703432978 0.6252466464640424 0.19046240405402146 0.6209591754607229 0.25039064087783724 0.6563125229383107 0.25291994025679376
0 0.1472785535359093 0.48840465864657867 0.10449824857357741 0.45759975894794847 0.07242530326550685 0.5021410622712137 0.11520560822783872 0.5329459619698438
0 0.19469804315274064 0.337880553795234 0.17309320873515904 0.3086623150172135 0.12807884340354897 0.341947275031078 0.1496836778211306 0.3711655138090986
0 0.48917212340760396 0.3854308810163537 0.46469762395524083 0.37962983181086385 0.45297201242516094 0.429099929857952 0.47744651187752407 0.4349009790634417
0 0.549247812082816 0.7153613538853566 0.523391959375 0.6984579140625 0.4986667597921842 0.7362780929896436 0.5245226125000002 0.7531815328125002
0 1.0019065916664862 0.2831445831051308 0.9698492468749998 0.2639101765625 0.9458860489715681 0.3038488404247991 0.9779433937630545 0.3230832469674299
0 0.9564119813360892 0.517391555925216 0.923087716286196 0.5080582558784534 0.9061683280558481 0.5684684189553095 0.9394925931057413 0.5778017190020722
0 0.70896985 0.5557945984375 0.649095478125 0.5557945984375 0.649095478125 0.5942870609375001 0.70896985 0.5942870609375001
0 0.5839156235754963 0.35016313354757345 0.5550672638663163 0.3223943915421081 0.5464782731033202 0.3313173126820348 0.5753266328125 0.35908605468750016
0 0.6438328437202879 0.37388117459057424 0.5942462081122397 0.3540092036037231 0.5730460794756145 0.40690999810687883 0.6226327150836627 0.42678196909372995
0 0.591482399196464 0.18975278280609026 0.5900374813778123 0.15751736130667493 0.5774623109375 0.15808102968749999 0.5789072287561516 0.19031645118691531
0 0.7478956875903066 0.27274080671609224 0.7409431490788482 0.1562994698534977 0.7043300881226372 0.15848558110212427 0.7112826266340957 0.2749269179647188
0 0.359346734375 0.090719221875 0.3159910321230187 0.03108522018682671 0.26895585556051876 0.0652811998743267 0.3123115578125 0.1249152015625
0 0.1522199363728596 0.16068792953094171 0.1237461714599575 0.15514568124887518 0.11489306946209792 0.20062923453043355 0.14336683437500003 0.20617148281250003
0 0.42635678437499996 0.02732726093750005 0.388391959375 0.027327260937500042 0.388391959375 0.04687500000000005 0.42635678437499996 0.046875000000000056
0 0.359346734375 4.057489413274983e-17 0.2877135671875 3.618862768730188e-17 0.2877135671875 0.046875000000000035 0.359346734375 0.04687500000000004