0 0.6635696828125001 0.4159229828125001 0.6421452045870251 0.3978312006815123 0.6134474328125 0.43181540312500005 0.634871911037975 0.44990718525598783
0 1 0.7281234718750003 0.9727139359375 0.7281234718750003 0.9727139359375 0.7633312953125002 1 0.7633312953125002
0 0.8598593652467604 0.26710641167446564 0.8250770826965755 0.21212229832183477 0.786167372224652 0.23673610876742185 0.820949654774837 0.2917202221200527
0 0.1712896471764218 0.5409498018515634 0.13490468447951018 0.5311225056318281 0.12531535505015698 0.5666264108539715 0.1617003177470686 0.5764537070737068
0 0.49194177945424444 0.33219086988608726 0.4741138540980045 0.3195063587221062 0.45496138500761196 0.3464249198646742 0.4727893103638519 0.3591094310286553
0 0.11523227343750002 0.32570293437500003 0.08432762669336646 0.31025061189417874 0.06021515885593416 0.358475550350519 0.09111980560006772 0.37392787283134027
0 0.3393579457878923 0.5464996107598111 0.2813373633552074 0.5329911098996809 0.2661938392703421 0.5980343072599844 0.324214421703027 0.6115428081201146
0 0.9378221215758572 0.473513547382929 0.9066180289594049 0.46920015547842037 0.9012713937499999 0.5078789734375001 0.9324754863664522 0.5121923653420086
0 0.9737823169661913 0.623573234180665 0.9688957466809056 0.5886619653423452 0.9241598844022143 0.5949236952241803 0.9290464546875 0.6298349640625002
0 0.8340795646545432 0.5397689856643484 0.8118337406249999 0.5295660140625001 0.8010833034439513 0.5530054925892212 0.8233291274734945 0.5632084641910695
0 0.17895824726989357 0.6194310467468868 0.17498495221328353 0.5793724062269356 0.14215190391623844 0.5826290167059438 0.14612519897284848 0.6226876572258948
0 0.8745110023437499 0.45992053828125 0.8429217601562501 0.4283312960937501 0.814352078125 0.4569009781250001 0.8459413203124999 0.48849022031250017
0 0.22238278502042083 0.23278703458449734 0.20731611495749097 0.20690214394653822 0.19097799531249998 0.2164119796875 0.20604466537542981 0.24229687032545916
0 0.5490005899551621 0.24495497929594928 0.5383618578124999 0.2221577015625001 0.515659610976819 0.23275208594230845 0.5262983431194812 0.2555493636757577
0 0.5424449875 0.6523777500000001 0.5016925069754206 0.6518226273708299 0.5013180601506749 0.6793113949531351 0.5420705406752544 0.6798665175823053
0 0.8876858655623666 0.2848832839270846 0.8421331104120725 0.2821322030512835 0.8385473804020197 0.3415051871826339 0.8841001355523138 0.344256268058435
0 0.6635696828125 7.857538149723601e-17 0.6196636796874999 7.588691418771675e-17 0.6196636796874999 0.015433985937500078 0.6635696828125 0.01543398593750008
0 1 0.8059229828125 0.9727139359375 0.8059229828125 0.9727139359375 0.84113080625 1 0.84113080625
0 0.8598593652467608 0.15789358832553452 0.8209496547748373 0.13327977787994744 0.7861673722246524 0.18826389123257833 0.8250770826965759 0.21287770167816542
0 0.4919417794542443 0.09280913011391298 0.47278931036385174 0.06589056897134489 0.4549613850076118 0.07857508013532585 0.47411385409800444 0.10549364127789396
0 0.1152322734375 0.09929706562500003 0.09111980560006769 0.05107212716865976 0.06021515885593411 0.06652444964948101 0.08432762669336642 0.11474938810582128
0 0.33464663827575863 0.9985694016964463 0.29220048906249996 0.9651650359374997 0.26800648834223006 0.9959077889072436 0.31045263755548874 1.02931215466619
0 0.9737823167516891 0.945681045476811 0.9290464546875002 0.9394193156249999 0.9241598846167168 0.9743305829308442 0.9688957466809057 0.9805923127826551
0 0.1789582481805473 0.94982323340287 0.14612520050088085 0.9465666195733304 0.14215190112246773 0.9866252616983855 0.1749849488021342 0.9898818755279251
0 0.2223827850204208 0.19221296541550273 0.20604466537542984 0.18270312967454092 0.19097799531250004 0.20858802031250004 0.20731611495749097 0.21809785605346182
0 0.5490005899551621 0.1800450207040508 0.5262983431194812 0.16945063632424243 0.5156596109768191 0.19224791405769168 0.5383618578125 0.20284229843750007
0 0.5424449875 0.916876528125 0.5420705406752544 0.889387760542695 0.5013180601506748 0.8899428831718652 0.5016925069754203 0.9174316507541702
0 0.8876858655623667 0.14011671607291548 0.8841001355523138 0.08074373194156513 0.8385473804020194 0.08349481281736623 0.8421331104120723 0.1428677969487166