0 0.4894493777341225 0.838592233306146 0.47788517499999994 0.8333488375 0.4707804762334066 0.849018106031178 0.4823446789675291 0.8542615018373241
0 0.5021915442300544 0.2523568883750648 0.49549352875238684 0.12219208067366563 0.35699942590012895 0.12931870468864604 0.36369744137779647 0.25948351239004525
0 0.5480749982007834 0.31744266311856323 0.5273544317175519 0.25119963165811166 0.5023279158542671 0.25902782995091533 0.5230484823374988 0.32527086141136674
0 0.5650852297320832 0.5178322576658955 0.544704406479662 0.44757205327669 0.4609350795964037 0.47187155339946907 0.48131590284882486 0.5421317577886746
0 0.5952992938964213 0.7727682861142784 0.584480339136535 0.7357504898212387 0.5373028451620294 0.7495387544968147 0.5481217999219158 0.7865565507898544
0 0.46651292302578523 0.7854954903860717 0.4485848351430731 0.7836185442369538 0.44621521690774346 0.8062525041890984 0.4641433047904555 0.8081294503382164
0 0.9622898257564211 0.8501441847093325 0.9566712199610446 0.8332883724944349 0.9454805223343324 0.8370186061810786 0.9510991281297088 0.8538744183959761
0 0.09717354626241441 0.850144185848459 0.09155494259760269 0.8332883722684077 0.0803642451609589 0.8370186041750858 0.08598284882577063 0.8538744177551371
0 1 0.16009044062500014 0.9341177328124999 0.16009044062500014 0.9341177328124999 0.2486031859375001 1 0.2486031859375001
0 0.2109841912637246 0.12912320353279788 0.07266494408996013 0.12382219839452832 0.06767464705356499 0.2540341320266033 0.20599389422732947 0.2593351371648729
0 0.932822547572386 0.25989092482566123 0.9087955788618307 0.25115725272685735 0.8849385748799866 0.3167896100806289 0.9089655435905419 0.3255232821794328
0 0.06770626944738614 0.2598909248256611 0.04367930073683083 0.2511572527268572 0.019822296754986545 0.3167896100806287 0.04384926546554187 0.32552328217943266
0 0.967821282695082 0.46131118242739255 0.8784532865990691 0.455442236885535 0.8737611098468946 0.5268912613618164 0.9631291059429076 0.5327602069036741
0 0.10270500300758208 0.46131118242739244 0.013337008467359473 0.45544223698770614 0.008644831715184797 0.5268912614639876 0.0980128262554074 0.532760206903674
0 0.8966353111683455 0.749002677595383 0.8488131181643255 0.7377328598937763 0.84020222950511 0.774272189126974 0.8880244225091302 0.7855420068285808
0 0.02904796562500009 0.744003684375 9.111417306236815e-17 0.744003684375 9.319257615863154e-17 0.7779465828125 0.029047965625000095 0.7779465828125
0 0.9883530796187806 0.8059774946776646 0.9855518134753997 0.7834707748460187 0.9676113463612115 0.7857037089874368 0.9704126125045924 0.8082104288190826
0 0.12323679993128041 0.8059774946776642 0.12043553381173537 0.7834707750375264 0.1024950682362116 0.7857037089874368 0.10529633435575662 0.8082104286275748