0 0.37182324346434764 0.4811689178482369 0.3704336678588828 0.44531787817883606 0.3254678949963511 0.4470607381245122 0.32685747060181586 0.48291177779391303
0 0.20450182918236254 0.5468379637681308 0.18185567031250002 0.540855025 0.17529334874495167 0.5656942190036947 0.19793950761481416 0.5716771577718254
0 0.12032989687500009 0.6210612109375 0.08014432968750007 0.6210612109375 0.08014432968750008 0.67963853125 0.12032989687500009 0.67963853125
0 0.0622467863844773 0.2229756722756952 0.03911340156250002 0.21594780937500008 0.03108292689810216 0.24238145831489027 0.054216311720079444 0.24940932121558546
0 0.06975709526455812 0.24160325784529352 0.05043662815481065 0.24070463166605816 0.04934065144256602 0.26426813617022155 0.06866111855231348 0.2651667623494569
0 0.49618556718750007 0.6369168812500001 0.4867835046875001 0.617267396875 0.4698191888656895 0.6253846357084695 0.4792212513656894 0.6450341200834695
0 0.5606515460936363 0.4201911093956818 0.54936907207 0.4051478089702272 0.5377237115277274 0.41388182837409077 0.5490061855513636 0.4289251287995454
0 0.7453271763535453 0.8317655402373034 0.6957133098133452 0.8110999282220313 0.6835960612575978 0.8401909395230757 0.7332099277977978 0.8608565515383478
0 0.7042722957619597 0.8713162191359232 0.6952635447546494 0.8483633001025097 0.6539156802923684 0.864591851036814 0.6629244312996787 0.8875447700702275
0 0.8498018420670546 0.8761925992775804 0.8484678931613743 0.8310555163798934 0.8137128864148728 0.8320826408691187 0.8150468353205529 0.8772197237668056
0 0.8968516813856157 0.5693107510553433 0.8736411088516141 0.5619672909871307 0.864979118098016 0.5893453611077157 0.8881896906320176 0.5966888211759285
0 1.000412370216346 0.445782860144231 0.9897795390170119 0.4444537575033287 0.9882981764197487 0.45630466950739645 0.9989310076190829 0.45763377214829887
0 0.8634498731163767 0.29373513835134046 0.8352980723738253 0.291784022751277 0.833259598418343 0.321196279314523 0.8614113991608944 0.32314739491458644
0 0.6654959252648973 0.5522588915039833 0.61417799103922 0.5454489293409482 0.6108153802519933 0.5707886059902741 0.6621333144776707 0.5775985681533092
0 0.5599323175425678 0.7614428051841194 0.5490698980975459 0.7268439891981334 0.5104624596105541 0.7389649297156773 0.521324879055576 0.7735637457016634
0 0.8248129777902877 0.7143053577440155 0.8230021129335423 0.63052903614558 0.7609285390782137 0.6318707858343047 0.7627394039349591 0.7156471074327403
0 0.7370737113120717 0.29219731363160395 0.7176678918123833 0.28882814524204575 0.7114395414378117 0.3247023519229419 0.7308453609375001 0.3280715203125001
0 0.33590658854867006 0.20002041311042743 0.32661912560509554 0.15729164121495326 0.27738920542673473 0.16799218417673412 0.2866766683703092 0.2107209560722083
0 0.7453271769081498 0.9406249235941878 0.733209928352402 0.9115339122931431 0.6835960612575975 0.9321995245394245 0.6957133098133452 0.9612905358404692
0 0.70427229576196 0.9010742449265772 0.6629244307682771 0.8848456937837035 0.6539156797609664 0.9077986128171169 0.6952635447546494 0.9240271639599907
0 0.8498018420670546 0.8961978647849197 0.8150468352744165 0.8951707402943312 0.813712886414873 0.9403078216308816 0.8484678932075111 0.9413349461214701
0 0.3359065885486701 0.021854586889572668 0.2866766683703093 0.011154043927791757 0.2773892054267348 0.05388281582326589 0.3266191256050956 0.0645833587850468