0 0.241180441240001 0.3832498567991237 0.11280098536302244 0.3663311435142263 0.09831575311749544 0.47624530794376446 0.22669520899447398 0.4931640212286618
0 0.8132163691259267 0.5142059536166501 0.7667606481641706 0.5110440423615257 0.7643186256822717 0.5469229478233963 0.8107743466440278 0.5500848590785207
0 0.9276296296875 0.5871180562500001 0.9117062968562072 0.5677719508529409 0.8929961891173216 0.5831718086910413 0.9089195219486141 0.6025179140881006
0 0.5596812127215491 0.6895331684231307 0.556641975 0.6706489203125001 0.5384192685606901 0.6735816892781805 0.5414585062822393 0.6924659373888111
0 0.46122760551209013 0.6817175805399285 0.44642623026921385 0.6806266913420328 0.44500770662742584 0.6998734679656323 0.4598090818703021 0.700964357163528
0 0.4517803182079911 0.5554464890420834 0.4436885969085602 0.5385607437123732 0.4221333509510986 0.5488901096611521 0.43022507225052947 0.5657758549908624
0 0.3042716046875 0.6881304015625 0.3001318044904422 0.6700971811574854 0.2859342732404421 0.6733564405324854 0.29007407343749997 0.6913896609375
0 0.22619753124999997 0.34000694375000007 0.21006644370197708 0.33224532182120203 0.20361388400693708 0.34565576699675726 0.21974497155495998 0.35341738892555535
0 0.6325432094044114 0.5482291648676473 0.62 0.5419575625 0.612839507904412 0.5562785520220587 0.6253827173088233 0.5625501543897058
0 0.23483950625000008 0.9132415125 0.10646913593750014 0.9132415125 0.10646913593750014 1 0.23483950625000008 1
0 0.24118044124000093 0.21493687132587636 0.2266952089944739 0.10502270689633819 0.09831575311749538 0.12194142018123558 0.11280098536302238 0.2318555846107737
0 0.8132163691259267 0.8889190463833503 0.8107743466440278 0.8530401409214795 0.7643186256822715 0.8562020521766038 0.7667606481641704 0.8920809576384746
0 0.8132163691259267 0.08398077450835022 0.8107743466440279 0.048101869046479596 0.7643186256822716 0.0512637803016038 0.7667606481641704 0.08714268576347442
0 0.9276296296875 0.8160069437500003 0.9089195219486144 0.8006070859118998 0.8929961891173216 0.8199531913089588 0.9117062968562072 0.8353530491470595
0 0.9276296296874997 0.01106867343750002 0.9089195211819424 -0.00433118503163028 0.8929961891173214 0.015014919433958784 0.9117062976228787 0.030414777903089087
0 0.5596812127215494 0.7135918315768695 0.5414585062822395 0.710659062611189 0.5384192685606902 0.7295433107218197 0.5566419750000001 0.7324760796875001
0 0.46122760551209013 0.7214074194600715 0.4598090818703021 0.702160642836472 0.44500770662742584 0.7032515320343677 0.4464262302692138 0.7224983086579673
0 0.45178031820799125 0.8476785109579168 0.43022507225052947 0.8373491450091377 0.4221333509510986 0.8542348903388479 0.4436885969085604 0.864564256287627
0 0.4517803182079912 0.0427402390829168 0.43022507225052947 0.03241087313413769 0.4221333509510986 0.04929661846384796 0.44368859690856033 0.05962598441262708
0 0.3042716046875 0.7149945984375 0.29007407343750014 0.7117353390625001 0.2859342732404423 0.7297685594675147 0.3001318044904422 0.7330278188425146
0 0.22619753125000006 0.258179784375 0.21974496906801502 0.2447693391430211 0.20361388345326156 0.25253096310043543 0.2100664456352465 0.2659414083324144
0 0.6325432094044114 0.8548958351323528 0.6253827173088233 0.8405748456102943 0.6128395079044119 0.8468464479779415 0.6199999999999999 0.8611674375
0 0.6325432106250001 0.04995756187500002 0.6253827168750001 0.035636574374999966 0.61283950625 0.04190817968749996 0.6200000000000001 0.05622916718750002