0 0.6068782239590989 0.5036896815117876 0.57827445625 0.4251449281250002 0.4874880061489472 0.45820677398803705 0.516091773858046 0.5367515273748245
0 0.3265900099779986 0.9346577368381286 0.2882793594086459 0.8996534443665031 0.26248028104694515 0.9278893950553406 0.30079093161629783 0.9628936875269662
0 0.4284531876123593 0.49338901903613774 0.42011186002765755 0.4556862227274774 0.36965174078394447 0.46684996721818084 0.37799306836864627 0.5045527635268412
0 0.7457996886827734 0.20399927716903896 0.7265310076681268 0.1572639648767229 0.6788522226283333 0.1769216338862168 0.6981209036429797 0.22365694617853285
0 0.6012097180497918 0.29472421591441833 0.557389554950432 0.19143382503822426 0.45783592477301216 0.23366869581857416 0.5016560878723721 0.3369590866947683
0 0.3081295296875 0.09224637656250004 0.2557001757736234 0.0650518724368066 0.21184914784980952 0.14959399359035055 0.26427850176368606 0.176788497716044
0 0.4530570656250001 0.9471014500000001 0.44193387656250005 0.88753623125 0.38917139769645537 0.8973890789377823 0.40029458675895546 0.9569542976877823
0 0.6326190816388331 0.7194775754620711 0.5509298904733606 0.7184517977775778 0.5489274222332405 0.877921060311548 0.6306166133987129 0.8789468379960415
0 0.2964852583823162 0.7138853409109743 0.2594272715635886 0.674449006773866 0.2165867535395304 0.7147058761553723 0.253644740358258 0.7541422102924807
0 0.07194322582572625 0.9314246193274893 0.05070308755179531 0.8985155176652662 0.0077499580964230045 0.9262382558394726 0.028990096370353945 0.9591473575016959
0 0.9752299177717598 0.17073480428520735 0.9219700567755676 0.1663802261966615 0.9179083403231848 0.21605816267203992 0.971168201319377 0.22041274076058576
0 0.12156603413458544 0.15143980740817314 0.08130809490653013 0.0662312824619623 0.026245470312499998 0.09224637656250001 0.06650340954055532 0.17745490150871085
0 0.11369620159478684 0.7220632500719218 0.08103700931516937 0.6748640052621317 0.03628009564386612 0.7058332433362575 0.06893928792348358 0.7530324881460475