0 0.7631348984375002 0.9756108593749999 0.6933611421875001 0.9756108593749999 0.6933611421875001 1 0.7631348984375002 1
0 0.6003794632528162 0.9711668384248988 0.48922611697881163 0.9163995343669249 0.4652766123817419 0.965006410738839 0.5764299586557465 1.019773714796813
0 0.595935444316164 0.7814306957106355 0.5583818683089927 0.7530349209212984 0.5243596021178287 0.7980295642731632 0.561913178125 0.8264253390625003
0 0.7237135678460784 0.6035438380939894 0.7076823261112379 0.5838805183394318 0.6848875903501138 0.6024647616833716 0.7009188320849544 0.6221280814379292
0 0.5641012041439237 0.07693499782064475 0.5553595616477336 0.017299206932680833 0.5045627677585136 0.02474519541577872 0.5133044102547036 0.08438098630374263
0 0.4490172515625 0.2346606328125 0.44746612302835465 0.19839778931986896 0.4056045476904767 0.20018840135513458 0.4071556762246222 0.23645124484776564
0 0.6561075821552534 0.8878385035696935 0.5805557125000002 0.8708144796875003 0.5692030757969975 0.9211969823416373 0.6447549454522508 0.9382210062238308
0 0.5918679296875 0.6870588234375 0.5621394234375 0.6845248875000001 0.5605342466703165 0.7033570556102355 0.5902627529203166 0.7058909915477355
0 0.6905104640625 0.75425339375 0.6886903806204122 0.725554569649741 0.6487356290579124 0.7280885055872409 0.6505557125000001 0.7567873296875
0 0.49457001967845127 0.38114577574080144 0.4498769796875 0.378371040625 0.44767262719654877 0.41387684925919854 0.4923656671875 0.416651584375
0 0.525435278490532 0.5879846916684978 0.51083272795803 0.5666248812562441 0.4869033885299981 0.5829840802127464 0.5015059390625 0.604343890625
0 0.47537157603099356 0.8835060749414307 0.40221494864580815 0.8469652003119172 0.3582000736757057 0.9350851438064435 0.431356701060891 0.9716260184359571
0 0.18646711810693328 0.5606615111620763 0.14696177443248332 0.5536830233366027 0.133506398333559 0.629854146701845 0.17301174200800898 0.6368326345273186
0 1 0.9756108593749999 0.9539041296875 0.9756108593749999 0.9539041296875 1 1 1
0 0.13890908966737311 0.6323776522838614 0.13251489314842482 0.5535881316263593 0.09389777951313263 0.5567221196430145 0.10029197603208093 0.6355116403005167