0 0.4522384940347582 0.6341494542310434 0.39467017478253735 0.6289056075007023 0.3903617899452893 0.6762041817204706 0.4479301091975101 0.6814480284508116
0 0.821896551634054 0.7736817546334699 0.784137933931075 0.7610955455344628 0.7730517244448014 0.7943541655426403 0.8108103421477804 0.8069403746416473
0 0.7354299498143033 0.6092330861951106 0.7082355456919197 0.5425393726882024 0.6258916553871379 0.5761151463587677 0.6530860595095215 0.6428088598656758
0 0.8824358766750178 0.2918723838342561 0.8204681772262299 0.26907350762072585 0.7853074445098799 0.36464092493372896 0.8472751439586679 0.3874398011472593
0 0.09752306124732706 0.5456927071085733 0.06164842607494223 0.494077162961445 -0.00579419345077734 0.5409521772722214 0.03008044172160749 0.5925677214193497
0 0.7965930466716784 0.23834157600802638 0.7194151453463674 0.18879834308972251 0.6410763823049708 0.3108336033628187 0.7182542836302818 0.36037683628112255
0 0.947356321875 0.6522449718750002 0.9161494250000001 0.6522449718750002 0.9161494250000001 0.6674173843750002 0.947356321875 0.6674173843750002
0 0.25827586249999995 0.18391163749999997 0.24168472606321387 0.13957407046549997 0.18777667918821392 0.15974648452799994 0.204367815625 0.20408405156249992
0 0.8218965516340537 0.9359806016165301 0.8108103421477804 0.9027219816083528 0.7730517244448014 0.9153081907073599 0.784137933931075 0.9485668107155372
0 0.79028735625 8.954528130094853e-17 0.6715517234374999 8.227482066752034e-17 0.6715517234374999 0.06701508593750008 0.79028735625 0.06701508593750008
0 0.2582758625 0.10046336250000006 0.204367815625 0.08029094843750004 0.1877766791882139 0.12462851547200007 0.24168472606321392 0.14480092953450008