0 0.8329178903369601 0.7088529491927702 0.806052984360206 0.6808286451049999 0.7674027734968684 0.7178798517138519 0.7942676794736223 0.7459041558016223
0 0.5056687947809441 0.5183379998924738 0.4987374467702749 0.44553425504497757 0.4207619311756853 0.45295798628338596 0.42769327918635447 0.5257617311308822
0 0.7024079984826685 0.6128450700774464 0.6786315139365728 0.6014291183052809 0.6615568482664044 0.6369912451028347 0.6853333328125 0.6484071968750001
0 0.9565203890945604 0.7417896595920314 0.9328378363095788 0.7333826790033564 0.9159235081525188 0.7810305194113252 0.9396060609375002 0.7894375
0 0.3355918946693214 0.36828429248153804 0.1372375158881543 0.22976666785153826 0.01661552097147063 0.4024948743375602 0.21496989975263775 0.54101249896756
0 0.5447095292893752 0.3701875938229547 0.5423901342249831 0.3430392591804739 0.5154032142378552 0.34534486391997576 0.5177226093022472 0.37249319856245655
0 0.8810734363306842 0.5668346326077203 0.82973409886649 0.5630333747917838 0.8262364203483058 0.6102726062465637 0.8775757578125001 0.6140738640625002
0 0.8329178903369601 0.8880220508072301 0.7942676794736224 0.8509708441983779 0.7674027734968684 0.8789951482861482 0.806052984360206 0.9160463548950004
0 0.7024079984826684 0.9840299299225539 0.6853333328125001 0.9484678031250005 0.6615568482664044 0.959883754897166 0.6786315139365727 0.9954458816947195
0 0.9565203890945602 0.8550853404079686 0.9396060609375001 0.8074374999999998 0.9159235081525186 0.8158444805886749 0.9328378363095787 0.8634923209966436
0 0.27612274062500003 2.178570890229997e-17 0.0796648859375 9.756134756779835e-18 0.07966488593750001 0.151589015625 0.27612274062500003 0.15158901562500002
0 0.5447095303311111 0.03880861890044334 0.517722611206842 0.03650301228576118 0.515403214289748 0.06365134566583472 0.5423901334140171 0.06595695228051687
0 0.8788491921875 0.9828011359375 0.8350897625 0.9828011359375 0.8350897625 1 0.8788491921875 1