0 0.06751885019291846 0.41052698156367934 0.018187371236312887 0.40177462306269796 0.009779405734829804 0.44916497769199787 0.059110884691435384 0.45791733619297925
0 0.25537931093749994 0.4017586203125 0.23488294020332798 0.3862817703601188 0.22145288495732177 0.40406752082933517 0.24194925569149373 0.4195443707817163
0 0.5004306850942167 0.6520628412068443 0.45378228724646535 0.6446461549422159 0.4485314512230497 0.6776721019910725 0.49517984907080104 0.6850887882557009
0 0.9887646077081416 0.4498754797250868 0.9775317203263665 0.37817147036186854 0.8814911066196757 0.3932168410102385 0.8927239940014507 0.4649208503734569
0 0.2765537373285068 0.24170474524410795 0.25530843148889865 0.22181552311912922 0.22920382670970274 0.24969998782424177 0.2504491325493109 0.2695892099492205
0 0.1938965515625001 0.6061034484375002 0.1780486705093725 0.5898385191262346 0.16631034531250005 0.6012758625000001 0.18215822636562767 0.6175407918112656
0 0.9198965515624998 0.28137931093750007 0.8638950069378133 0.265870421881677 0.8531024719387252 0.3048415324615156 0.9091040165634118 0.3203504215173386
0 0.5814482765625 0.58941379375 0.5647862267673504 0.5220394042498108 0.5041517423416095 0.5370346391795772 0.520813792136759 0.6044090286797663
0 0.7333793109375 0.3910344828125001 0.6952413796875 0.3910344828125001 0.6952413796875 0.4327241375 0.7333793109375 0.43272413750000005
0 0.6478275859375 0.6443103453125001 0.5922758625 0.6443103453125001 0.5922758625 0.6915517234374999 0.6478275859375 0.6915517234374999
0 0.988795518608463 0.6200723353555412 0.9402339730038148 0.6056368310515919 0.9276618441144381 0.6479299160421842 0.9762233897190862 0.6623654203461334
0 0.06751885019291837 0.03947301843632068 0.05935978955566743 -0.006514417760115088 0.010028310599061844 0.002237940740866294 0.018187371236312776 0.04822537693730206
0 0.25537931093749994 0.048241379687500044 0.24194925569149373 0.03045562921828371 0.22145288495732177 0.04593247917066491 0.23488294020332798 0.06371822963988125
0 0.5004306848519178 0.8944888822691792 0.49517984907080104 0.8614629367442992 0.4485314512230497 0.8688796230089274 0.4537822870041664 0.9019055685338074
0 0.9814482765625 1.155448496285306e-16 0.8851034484375001 1.0964543035964643e-16 0.8851034484375001 0.06568965468750011 0.9814482765625 0.06568965468750011
0 0.2765537373285068 0.2082952547558922 0.2504491325493109 0.18041079005077965 0.22920382670970274 0.20030001217575838 0.25530843148889865 0.2281844768808709
0 0.19389655156250002 0.9404482765625002 0.18215822636562756 0.9290109331887347 0.16631034531250005 0.9452758625000002 0.1780486705093725 0.9567132058737655
0 0.9198965515624998 0.16862068906250002 0.9091040165634116 0.12964957848266137 0.853102471938725 0.14515846753848444 0.8638950069378133 0.18412957811832312
0 0.5814482765625001 0.9571379312499999 0.5128456117522482 0.9487408379307338 0.5065713953125 1 0.575174060122752 1.008397093319266
0 0.7333793109375 0.01727586250000009 0.6952413796875 0.017275862500000086 0.6952413796875 0.058965517187500094 0.7333793109375 0.058965517187500094
0 0.6478275859375001 0.8550000000000001 0.5922758625000002 0.8550000000000001 0.5922758625000002 0.9022413796875 0.6478275859375001 0.9022413796875
0 0.9887955186044592 0.9264793875471774 0.9762233894580247 0.884186304190407 0.927661844284177 0.8986218092191102 0.9402339734306114 0.9409148925758807