0 0.048801370312500016 0.2743621578125 0.016952054687500027 0.272341609375 0.014193685120600619 0.3158209842398128 0.04604300074560061 0.3178415326773128
0 0.05089009512258691 0.6543374852900441 0.028630192248371045 0.647607137846952 0.016804932587860977 0.6867179168566617 0.03906483546207684 0.6934482642997537
0 0.5006849312499999 0.7181292812500001 0.4928167032861922 0.7046164514015952 0.4809769517289572 0.7115104821362581 0.4888451796927649 0.725023311984663
0 0.514246575 0.6924101031250001 0.5034246578125 0.6924101031250001 0.5034246578125 0.7079922937500001 0.514246575 0.7079922937500001
0 0.6003082187500001 0.6693621578125 0.571849315625 0.6693621578125 0.571849315625 0.6951155828125 0.6003082187500001 0.6951155828125
0 0.7129732810058458 0.7263311476619061 0.7000796489730666 0.692424158854591 0.6572839437394343 0.7086978562625628 0.6701775757722134 0.7426048450698779
0 0.8360616437499999 0.2926840750000001 0.7920205484375 0.2926840750000001 0.7920205484375 0.31569777343750005 0.8360616437499999 0.31569777343750005
0 0.2808561640625001 0.423779965625 0.2090410953125001 0.423779965625 0.2090410953125001 0.501690925 0.2808561640625001 0.501690925
0 0.2219178078125 0.32350599375 0.19818493125000006 0.32350599375 0.19818493125000006 0.3553553078125 0.2219178078125 0.3553553078125
0 0.9513779533159885 0.3698759614105632 0.9440603696570384 0.34385331856727647 0.9037731196506588 0.35518211880044614 0.9110907033096088 0.38120476164373285
0 0.6270383326852468 0.6249955240389131 0.599965753125 0.5992251718750002 0.5747478754686813 0.6257173592866756 0.6018204550289281 0.6514877114505885
0 0.9766295303761195 0.6293030015128014 0.9183619087154813 0.60766314628799 0.9045141090238191 0.6449498261148006 0.9627817306844573 0.6665896813396119
0 0.39723921709284327 0.3673190950899653 0.3246111088108936 0.34383922277013423 0.2862768583637054 0.4624149992676189 0.3589049666456551 0.48589487158745
0 0.565080831991754 0.3293670312351746 0.5622334482263024 0.3026188800749964 0.5242827039959405 0.30665879791310163 0.5271300877613921 0.3334069490732799
0 0.5965442790681377 0.4750857427038735 0.5798240756069252 0.4701034605353751 0.5690858954576788 0.5061400700300689 0.5858060989188913 0.5111223521985672
0 0.27114134639657106 0.24806588905997798 0.27073240868678206 0.23551149689158643 0.22817214898195476 0.23689782407479618 0.22858108669174376 0.24945221624318772
0 0.048801370312499995 0.19751284218749998 0.04604300074560059 0.1540334673226872 0.014193685120600597 0.15605401576018715 0.0169520546875 0.19953339062499995
0 0.05089009512258682 0.8723320350224559 0.03906483546207682 0.8332212560127464 0.016804932587860977 0.8399516034558385 0.02863019224837098 0.879062382465548
0 0.5006849312499999 0.8085402390625 0.4888451796927649 0.8016462083278372 0.4809769517289572 0.8151590381762419 0.4928167032861922 0.8220530689109047
0 0.5142465750000003 0.8186772265625001 0.5034246578125001 0.8186772265625001 0.5034246578125001 0.8342594171875 0.5142465750000003 0.8342594171875
0 0.6003082187500002 0.8315539390625 0.5718493156250002 0.8315539390625 0.5718493156250002 0.8573073625 0.6003082187500002 0.8573073625
0 0.7129732810058456 0.8003383726505937 0.6701775757722133 0.7840646752426221 0.6572839437394343 0.8179716640499374 0.7000796489730666 0.8342453614579088
0 0.8360616437499999 0.15617722656250008 0.7920205484375 0.15617722656250008 0.7920205484375 0.17919092500000008 0.8360616437499999 0.17919092500000008
0 0.28085616406249997 3.0301596677546405e-17 0.2090410953125 2.5904191973784678e-17 0.2090410953125 0.048095034375000026 0.28085616406249997 0.04809503437500003
0 0.2219178078125 0.11651969218750005 0.19818493125 0.11651969218750005 0.19818493125 0.14836900625000005 0.2219178078125 0.14836900625000005
0 0.9513779533159885 0.1019990385894369 0.9110907033096088 0.09067023835626727 0.9037731196506588 0.11669288119955393 0.9440603696570384 0.12802168143272358
0 0.6270383319859043 0.9016739953747361 0.6018204537482118 0.8751818105669527 0.5747478748873076 0.9009521651922168 0.599965753125 0.9274443500000003
0 0.9766295303761193 0.8973665187996989 0.9627817306844569 0.860079838972888 0.9045141090238191 0.8817196941976995 0.9183619087154815 0.9190063740245102
0 0.39723921709284327 0.10455590491003472 0.3589049666456551 -0.014019871587449906 0.2862768583637053 0.009460000732381114 0.3246111088108935 0.12803577722986575
0 0.5650808319917541 0.1425079687648255 0.5271300877613923 0.13846805092672015 0.5242827039959405 0.1652162020868984 0.5622334482263024 0.16925611992500372
0 0.2711413463965711 0.22380911094002207 0.22858108669174385 0.22242278375681232 0.22817214898195487 0.2349771759252038 0.2707324086867821 0.23636350310841356