0 0.6408823162814531 0.7706381691085838 0.6234163004353402 0.7540038709999567 0.6089216825913872 0.7692232222038727 0.6263876984375001 0.7858575203125
0 0.37636131251459826 0.4419788922932912 0.36753696204925 0.37803027898649183 0.311770284375 0.38572559375000004 0.32059463484034817 0.44967420705679945
0 0.5127993078125 0.28883905 0.4888415234375 0.2867546171875 0.4859773062611642 0.3196749862693531 0.5099350906361643 0.32175941908185307
0 0.5555773852343174 0.6707706738113395 0.5430103890625 0.6180211078125 0.5046308925113641 0.6271645951019502 0.5171978886831814 0.6799141611007896
0 0.7644179736150164 0.7913966577633063 0.703432553125 0.7211609500000001 0.6424735170099837 0.7740914687991941 0.7034589375 0.8443271765625002
0 0.5598603656932016 0.05752289823578206 0.35316264755425764 -0.002422472933741604 0.2924686272517795 0.20685666332722522 0.49916634539072346 0.2668020344967489
0 0.5691706213404736 0.7860042979212117 0.5527194591185473 0.7664195796648812 0.534619838652929 0.781623259827037 0.5510710008748553 0.8012079780833675
0 0.6244757971221919 0.7084063468151436 0.6135053156246756 0.6909955263243599 0.5499698214457271 0.7310289620659247 0.5609403029432434 0.7484397825567084
0 0.7035117078125 0.8650395781250001 0.6792843752581124 0.8506403158841556 0.6658155696070105 0.8733021181460832 0.6900429021613983 0.8877013803869277
0 0.07592711353849162 0.6216840378697442 0.07421495235038574 0.6041343660469286 0.05743662501387199 0.6057712741986564 0.059148786201977874 0.6233209460214721
0 0.05773805800007431 0.6056567700470489 0.04087290931999701 0.6047368515917106 0.03992298777908799 0.622152056090405 0.05678813645916529 0.6230719745457434