0 0.7159076026717464 0.8503883037210661 0.7102923984375 0.811081871875 0.6798116967128124 0.81543625759125 0.6854269009470587 0.8547426894373162
0 0.41958814886334483 0.7705103857823816 0.3520194091850736 0.6567201749355324 0.174936028874877 0.7618724612040947 0.24250476855314823 0.8756626720509442
0 0.8667498103932963 0.4145436409506676 0.857346319872447 0.35975809166094574 0.8056257485416506 0.3686355038352781 0.8150292390625001 0.42342105312499995
0 0.6137982268239087 0.33234393282661456 0.5479627772171629 0.2281521747376063 0.48565016606124267 0.2675255267844715 0.5514856156679884 0.3717172848734797
0 0.6689228413479059 0.8521785249596391 0.6470692000985474 0.7783332064505802 0.5667080982839876 0.8021151160545468 0.5885617395333462 0.8759604345636056
0 0.5430641841789278 0.43078465524286597 0.5234075321523406 0.3359702114299307 0.4215139565055181 0.3570944882773057 0.4411706085321052 0.45190893209024097
0 0.3606965430523714 0.21344461325268682 0.34153566778314276 0.14715003882678598 0.25921796360332416 0.17094201993380298 0.2783788388725528 0.23723659435970382
0 0.21777810294585684 0.3060279670712506 0.2078422271249485 0.23637942812515048 0.13563175154359414 0.24668078303081925 0.14556762736450254 0.3163293219769193
0 0.130428218334358 0.29127742334946904 0.093099415625 0.2227192984375 0.02202942401626662 0.26141577239627034 0.05935822672562463 0.3299738973082394
0 0.14612698507434663 0.645077793486554 0.11303458060955476 0.632364326557319 0.08495344015938086 0.7054578786766778 0.11804584462417274 0.7181713456059127
0 0.1468961134535914 0.8886534522946974 0.11513556250185206 0.8253650290350247 0.05941055949023002 0.8533299664798195 0.09117111044196938 0.9166183897394923
0 1.010365297543167 0.7034595055833165 0.9864011058020488 0.6925666905329849 0.9662136501130831 0.7369790905104339 0.9901778418542013 0.7478719055607655
0 0.055301274530751156 0.5378280472953024 0.019371168516071836 0.5185029277689518 -0.012479813827179286 0.5777216648486492 0.023450292187500034 0.597046784375
0 0.6610746280246559 0.9684846283113533 0.6504678359374999 0.9331286546875001 0.6176334564936926 0.9429789685206422 0.6282402485808486 0.9783349421444955
0 0.6592397656250002 0.9723684203125 0.6223976609375002 0.9723684203125 0.6223976609375002 1 0.6592397656250002 1