0 0.7049143579263193 0.7611457805890705 0.6566043117290397 0.6780926998381817 0.558020145335923 0.7354368174761152 0.6063301915332027 0.818489898227004
0 0.6083079771383271 0.45059613936851395 0.5399367059444763 0.44717401018341435 0.5354482479685359 0.536849636355397 0.6038195191623867 0.5402717655404966
0 0.7000108459611184 0.32153394304836774 0.6224083553529026 0.30886989363937056 0.5919194391398592 0.49569922110523174 0.669521929748075 0.5083632705142289
0 0.416337918125007 0.04113896289407861 0.35965424528716816 0.01847409634891013 0.3170506240371612 0.12502357564233155 0.37373429687500004 0.14768844218750005
0 0.8841945701499714 0.14150324393177208 0.7811937001037557 0.1292046326848916 0.7656240884423283 0.2596001314299631 0.8686249584885439 0.2718987426768435
0 0.6102298087036676 0.8512843874711684 0.5169136347838198 0.829217856065022 0.49533585643019806 0.9204671639236024 0.5886520303500459 0.9425336953297488
0 0.8440274787223909 0.8841073812417022 0.7623863657348748 0.8720467606713885 0.7489652204773225 0.9628975780074983 0.8306063334648387 0.974958198577812
0 0.5733825375000002 0.94201005 0.49393530156250015 0.94201005 0.49393530156250015 1 0.5733825375000002 1
0 0.5058631660163815 0.9442663975785839 0.47935297771696883 0.9218984257984634 0.45566924238415946 0.9499680375396691 0.48217943068357216 0.9723360093197897
0 0.7260290896226153 0.6695935395739784 0.6995131906250001 0.5462311562500001 0.6036645925703624 0.5668331556326254 0.6301804915679776 0.6901955389566037
0 0.9847393218750001 0.25185929687499997 0.9473101550627551 0.12366782713085031 0.8534605958372634 0.15106989073553026 0.8908897626495085 0.2792613604796799
0 1.0043680295892845 0.9598354913368388 0.9873689247818286 0.8701179974940979 0.9056019237264351 0.885610693078845 0.922601028533891 0.9753281869215857