0 0.48210094719575664 0.3705736219811084 0.48035827282167903 0.3256126368643571 0.4449349452550829 0.326985634476277 0.4466776196291605 0.37194661959302827
0 0.5686761016454578 0.20086743335725785 0.5680752313989103 0.17704460175635567 0.5407510609258914 0.17773378435747883 0.541351931172439 0.20155661595838098
0 0.67963853125 0.08014432968750008 0.6210612109375 0.08014432968750007 0.6210612109375 0.12032989687500009 0.67963853125 0.12032989687500009
0 0.2457741546377763 0.05750391193278932 0.24463214348907095 0.03390237062993887 0.21576325365897153 0.035299253723872215 0.21690526480767688 0.058900795026722665
0 0.26511107616192797 0.05083438617503945 0.2412671434434368 0.04950972200691821 0.2402325350199063 0.06813265620739153 0.26407646773839744 0.06945732037551278
0 0.6443908048594692 0.4787997036129443 0.6243947996139172 0.47020371900401636 0.616920876004448 0.48758958257857216 0.63691688125 0.49618556718750007
0 0.42887564375 0.5490721656249999 0.41393973659381544 0.5377208759146529 0.40511537099901923 0.5493318829983648 0.4200512781552038 0.5606831727087118
0 0.8578556889952441 0.7365164483886912 0.8426685251407626 0.6842398091636259 0.8120139359064507 0.6931454365431706 0.8272010997609321 0.7454220757682359
0 0.8875447700702276 0.6629244312996789 0.864591851036814 0.6539156802923685 0.8483633001025097 0.6952635447546495 0.8713162191359233 0.70427229576196
0 0.8772197237668056 0.8150468353205531 0.8320826408691187 0.813712886414873 0.8310555163798936 0.8484678931613743 0.8761925992775806 0.8498018420670546
0 0.596926855056253 0.8878758844724945 0.5891816873389322 0.8648184261126843 0.5616918946084921 0.8740524471348261 0.569437062325813 0.8971099054946363
0 0.45763377214829876 0.9989310076190829 0.45630466950739634 0.9882981764197487 0.44445375750332855 0.9897795390170121 0.44578286014423096 1.0004123702163463
0 0.32314739491458633 0.8614113991608943 0.3211962793145229 0.8332595984183427 0.2917840227512769 0.835298072373825 0.29373513835134035 0.8634498731163764
0 0.5736647685515582 0.6637148973260144 0.5715267791791374 0.6113342468122713 0.5459350774509079 0.612378807843501 0.5480730668233287 0.664759458357244
0 0.7724146414511409 0.5198331293206275 0.7340180361233253 0.5148308503399786 0.729134897072546 0.5523129587187672 0.7675315024003616 0.557315237699416
0 0.7165015333602811 0.8240467664589483 0.7151365968399447 0.7609004966182145 0.6311562491677459 0.762715771595144 0.6325211856880824 0.825862041435878
0 0.32807152031250003 0.7308453609375001 0.32470235192294183 0.7114395414378119 0.28882814524204575 0.7176678918123834 0.29219731363160395 0.7370737113120717
0 0.2107209560722083 0.2866766683703093 0.16799218417673414 0.2773892054267348 0.15729164121495326 0.32661912560509565 0.20002041311042743 0.33590658854867017
0 0.9612905358404692 0.6957133098133456 0.9321995245394247 0.6835960612575978 0.9115339122931433 0.7332099283524023 0.9406249235941878 0.74532717690815
0 0.9277594085563375 0.6870616433190069 0.8940302828125002 0.6593195875 0.8785122990587488 0.6781865391324204 0.9122414248025862 0.7059285949514273
0 0.9403601796875 0.8154845359375003 0.8965028259461725 0.8141884072275019 0.8954611995337662 0.8494341183075914 0.9393185532750937 0.8507302470175897
0 0.06302867308979569 0.32801009563203126 0.055003208270751294 0.27855839670063737 0.011675077212978474 0.2855900740543622 0.01970054203202288 0.3350417729857561