0 0.7291672953953943 0.8429843508774942 0.6855119244867018 0.7745075850988106 0.6131046661588483 0.820668727244457 0.6567600370675407 0.8891454930231408
0 0.3974406363193903 0.16340082791544652 0.3716198984375 0.14675324687500008 0.35340583868060965 0.17500362520955362 0.3792265765624999 0.19165120625000007
0 0.7338419212624155 0.6229717927284869 0.6726819493094435 0.4334603190305247 0.40233194666990546 0.520708854732761 0.4634919186228775 0.7102203284307232
0 0.3047793094395134 0.22858512767155661 0.2641199686429569 0.20535122040968118 0.2288797822164695 0.26702155134019556 0.26953912301302607 0.29025545860207097
0 0.3478163306500592 0.21195216250085808 0.3175880453072055 0.2102728122436842 0.31571426076007536 0.24400091257279657 0.345942546102929 0.2456802628299704
0 0.20248851017926292 0.38054097629761846 0.18823853634426832 0.37719453064344705 0.18460554491500547 0.3926646855958286 0.19885551875000007 0.39601113125000004
0 0.332486324024108 0.6089707162067491 0.3235018573706069 0.49494778525082683 0.15951633325823183 0.50786906749373 0.16850079991173292 0.6218919984496523
0 1 0.7996469734375002 0.9595976343749999 0.7996469734375002 0.9595976343749999 0.8634391703125001 1 0.8634391703125001
0 0.08884623576535182 0.2685015689601833 0.055468241716313794 0.205672403838782 0.014235359174081608 0.22757737274072457 0.047613353223119624 0.2904065378621259
0 0.1348129920624807 0.38963749600598396 0.1290922752740975 0.37624724507457674 0.11417376446161676 0.3826208803185928 0.11989448124999998 0.39601113125
0 0.16074546990078364 0.5106044281194413 0.004781160466163631 0.4952292042201896 -0.006359842171173469 0.6082421134387761 0.14960446726344653 0.6236173373380277