0 0.9034352613924648 0.36497264831810444 0.9003269032822494 0.3130489433320832 0.8661731776276577 0.31509352027745147 0.869281535737873 0.36701722526347264
0 0.24808299103917078 0.6177686241314138 0.23607808275163453 0.5533944733685148 0.17666732608746377 0.564473775799601 0.18867223437500003 0.6288479265625
0 0.2943865203125 0.1815207375 0.263235627366131 0.0983403401976394 0.2037519494293763 0.1206168589876206 0.23490284237574532 0.2037972562899812
0 0.4641100234375 0.6364516124999999 0.41503168125 0.6364516124999999 0.41503168125 0.6843778796875 0.4641100234375 0.6843778796875
0 0.7065063359375002 0.7986175109375 0.6413450453125001 0.7986175109375 0.6413450453125001 0.8584331796875 0.7065063359375002 0.8584331796875
0 0.8268297441227368 0.7604247464361136 0.7980094187332101 0.6966925225104423 0.7182390058604733 0.7327654713868288 0.74705933125 0.7964976953125001
0 0.10753414671608082 0.8504523851792234 0.0677588884220079 0.8367863819944799 0.05469389033734977 0.8748123992874497 0.09446914863142268 0.8884784024721935
0 0.5982205850366135 0.19664467205117353 0.5758466911702358 0.17993416986228888 0.5593150102768619 0.20206863772928108 0.5816889041432396 0.21877913991816572
0 0.613855920492559 0.23781183963188784 0.6117413679897219 0.21525662249449354 0.5821811859796898 0.21802789073247494 0.5842957384825269 0.24058310786986925
0 0.5698221605968969 0.21070151182727562 0.5466719011840999 0.20920794605043466 0.5449010735186398 0.2366557628566472 0.568051332931437 0.2381493286334882
0 0.5747095869873873 0.14919085342689897 0.5508954833982518 0.14417288176397342 0.5461441183508798 0.16672173357672887 0.5699582219400153 0.17173970523965446
0 0.03626203401793351 0.8656045531264699 0.009477589733568336 0.8368792091806163 -0.016648146877208968 0.8612396950971087 0.010136297407156204 0.8899650390429621