0 0.7295999380926915 0.15851258104658209 0.6992029734695864 0.11621579042048488 0.6344487932581273 0.16275195772655526 0.6648457578812323 0.20504874835265247
0 0.47772189374999996 0.15456915625 0.47589758874070726 0.1275864170986356 0.4113600185124716 0.13194980704190587 0.4131843235217644 0.1589325461932703
0 0.16215976406250007 0.500604659375 0.1382463898525695 0.5000874481654505 0.13753020662504206 0.5332003374581216 0.16144358083497262 0.533717548667671
0 0.9632524455676987 0.8006504489564723 0.9592910853405565 0.7802723012116347 0.9394117033156126 0.7841367050956302 0.943373063542755 0.8045148528404678
0 0.6973018630167425 0.4108513861564127 0.5937272602016075 0.39541981593114606 0.5803574628855548 0.4851560790926013 0.6839320657006899 0.5005876493178679
0 0.25911242656250005 0.33424371250000007 0.2262828990304556 0.2904298702595269 0.19688314392295053 0.3124589829869565 0.229712671454995 0.3562728252274297
0 0.8034667241531073 0.591666928193199 0.7521819778879577 0.5713798435577815 0.7400347956909032 0.6020873191762791 0.7913195419560528 0.6223744038116967
0 0.4260690969987433 0.6360107151149558 0.423373902793139 0.6122295820879854 0.37105400775167824 0.6181591682769042 0.3737492019572824 0.6419403013038746
0 0.2570092299372437 0.8600493957839657 0.25165680468749996 0.8340366124999999 0.2314666108928368 0.8381909739108524 0.23681903614258054 0.8642037571948181
0 0.5517604316532811 0.1619266522519169 0.4673795473369461 0.15502203349572669 0.46229959118432057 0.2171038380939098 0.5466804755006556 0.2240084568501
0 0.7295999380926915 0.10086241895341792 0.6648457578812325 0.05432625164734763 0.6344487932581275 0.09662304227344479 0.6992029734695865 0.14315920957951506
0 0.47772189375000007 0.10480584375000006 0.4131843235217644 0.10044245380672978 0.4113600185124716 0.12742519295809418 0.47589758874070737 0.13178858290136447
0 0.963252445567699 0.9380144916685282 0.9433730635427551 0.9341500877845327 0.9394117033156126 0.95452823552937 0.9592910853405565 0.9583926394133655
0 0.25700922993724384 0.8786155448410344 0.23681903614258068 0.874461183430182 0.23146661089283693 0.9004739667141474 0.2516568046875001 0.9046283281249998
0 0.5517604316532811 0.09744834774808313 0.5466804755006556 0.035366543149900086 0.46229959118432057 0.04227116190609029 0.4673795473369461 0.10435296650427332