0 0.3776872641810956 0.3238585280283738 0.3370056101843826 0.29757082187102585 0.3009956703125 0.35329816093750005 0.34167732430921305 0.379585867094848
0 0.92926406875 0.5607007578125001 0.8981385281250001 0.5344669906250001 0.869085526242414 0.5689374646484759 0.900211066867414 0.595171231835976
0 0.2690389610019792 0.18106439325697926 0.18877922038375003 0.14093452415489588 0.15342857204177088 0.21163582296541666 0.23368831266000006 0.25176569206750005
0 0.19611842156167267 0.2939859930664339 0.13236651147793402 0.2927359547291343 0.1307698863626588 0.37416377798002054 0.19452179644639747 0.3754138163173202
0 0.11285714218750001 0.6247700218750001 0.1070995671875 0.5655925328124999 0.06591018643570243 0.5695999848460183 0.07166776143570243 0.6287774739085185
0 0.09437857935465947 0.7225416987168767 0.03610224120386363 0.7022650593237346 -0.001981984503838241 0.8117215216359221 0.056294353646957604 0.8319981610290643
0 0.2838786858670188 0.7128223404287076 0.28225622093375996 0.6364709412458154 0.21845656741561412 0.6378266819617032 0.22007903234887297 0.7141780811445955
0 0.36485767111983547 0.5435924258918992 0.31369423921969053 0.5099322712656216 0.2713310912011825 0.5743242523122161 0.3224945231013274 0.6079844069384935
0 0.3105969415754718 0.4466828039742179 0.2631168828125 0.3648133109375001 0.20290888849933547 0.39973082418883565 0.2503889472623072 0.48160031722555346
0 0.910620083171086 0.6736936138978507 0.85152371638268 0.6421361526506517 0.8274394942515733 0.6872376902466033 0.8865358610399792 0.7187951514938022
0 0.2690389610019791 0.12518560674302087 0.23368831265999992 0.054484307932500045 0.15342857204177082 0.09461417703458337 0.18877922038375 0.16531547584510417
0 0.0943785799243387 0.9689896868125064 0.056294353570828105 0.8595332247050971 -0.0019819848825774144 0.8798098645853025 0.036102241470933195 0.9892663266927118
0 0.2722584593750001 0.9779734843749999 0.21996595781250008 0.9779734843749999 0.21996595781250008 1 0.2722584593750001 1
0 0.90097881875 0.9805708875000001 0.8394372296875 0.9805708875000001 0.8394372296875 1 0.90097881875 1