0 0.7719033709697944 0.5691972375969993 0.6563933306376888 0.44130682858588344 0.5007400678471778 0.5818921531757284 0.6162501081792835 0.7097825621868442
0 0.8842384966931514 0.4095999944040377 0.8594006307321844 0.2482141666048116 0.6821122154071773 0.2754994986337982 0.706950081368144 0.43688532643302436
0 0.4967341486520306 0.5736368381911415 0.370396925981326 0.517426321907021 0.3248763108293019 0.6197372144720366 0.4512135335000066 0.6759477307561571
0 0.41129979062500005 0.5270269921875 0.3601257859375001 0.5270269921875 0.3601257859375001 0.5530647281250001 0.41129979062500005 0.5530647281250001
0 0.2667394896277767 0.6414467691980179 0.2524209843060048 0.5918277262384607 0.1878251834442392 0.6104680559029643 0.20214368876601113 0.6600870988625215
0 0.17596036228645687 0.6042004149543067 0.04364432692405046 0.5835135378780654 0.02228803838018103 0.7201112186089949 0.15460407374258742 0.7407980956852361
0 0.16061653953697727 0.26983078534470234 0.13268106322689627 0.2495936021979226 0.10890714189275612 0.28241120390714486 0.13684261820283714 0.3026483870539246
0 0.33706498906250004 0.2749095906250001 0.3207608661816236 0.2590471136210117 0.30092243125000007 0.27943789375000005 0.3172265541308765 0.29530037075398846
0 0.7209433968750002 0.8430856921875 0.5331446546875002 0.8430856921875 0.5331446546875002 1 0.7209433968750002 1
0 0.8842384962189902 0.07770346428146939 0.7069500811986538 0.050418133059032734 0.682112215893032 0.21180396109330366 0.8594006309133684 0.2390892923157403
0 0.4967341486520304 0.9451131618088588 0.45121353350000665 0.842802269243843 0.32487631082930185 0.8990127855279632 0.3703969259813255 1.0013236780929788
0 0.4112997906250002 0.9656852718750001 0.3601257859375001 0.9656852718750001 0.3601257859375001 0.9917230078125 0.4112997906250002 0.9917230078125
0 0.26673948962777677 0.8773032308019821 0.20214368876601124 0.8586629011374786 0.18782518344423926 0.9082819440970354 0.2524209843060048 0.9269222737615392
0 0.1759603622864568 0.9145495850456935 0.1546040737425874 0.777951904314764 0.022288038380180987 0.7986387813910051 0.0436443269240504 0.9352364621219348
0 0.16061654027931777 0.21747267349252697 0.13684261894517763 0.1846550717833047 0.10890714189275608 0.2048922554678551 0.13268106322689624 0.2377098571770774
0 0.33706498906250004 0.21239386718750008 0.317226554911832 0.19200308786121068 0.30092243125 0.20786556562500005 0.32076086540066806 0.22825634495128946