0 0.2982966734375 0.732274678125 0.27726663125 0.700515021875 0.24055977395386882 0.7248209133314978 0.26158981614136884 0.7565805695814978
0 0.5470345184400318 0.3542465859480385 0.4202781478440686 0.23837766842858957 0.33417737316970786 0.33256877624998504 0.4609337437656711 0.44843769376943393
0 0.8199990955016696 0.7900442969227778 0.6870805559297646 0.7762437174844578 0.6774103083003404 0.8693814873836467 0.8103288478722455 0.8831820668219669
0 0.4448631968749998 0.20493562187499997 0.44083128477634903 0.1577232242812426 0.3987177265522478 0.161319698376501 0.4027496386508986 0.20853209597025843
0 0.20656888483095445 0.31513775275766626 0.20053179194472595 0.23212773037988388 0.13430385968717207 0.2369443075503138 0.14034095257340057 0.31995432992809614
0 0.6977560737743305 0.6041731168781872 0.6400563312499999 0.5285836906250001 0.5772604314614129 0.576517739459408 0.6349601739857436 0.652107165712595
0 0.8654190617880857 0.39660026794258474 0.8366371090339587 0.36498635545781355 0.7982380700897694 0.39994562616585777 0.8270200228438964 0.4315595386506289
0 0.9193267171875 0.1108154500000001 0.8755498921875 0.11081545000000008 0.8755498921875 0.17454935625000012 0.9193267171875 0.17454935625000015
0 0.01932671718750003 0.23894635156250002 2.926248846089538e-17 0.23894635156250002 3.399037127907186e-17 0.3161585375 0.019326717187500037 0.3161585375
0 1 0.3684120171875001 0.9775241421875001 0.3684120171875001 0.9775241421875001 0.4140524500000001 1 0.4140524500000001
0 0.9631035406249999 0.11081545000000012 0.9193267171875 0.11081545000000012 0.9193267171875 0.17454935625000015 0.9631035406249999 0.17454935625000015