0 0.47515406256640114 0.7341132702416896 0.46266456517546695 0.6841552870439581 0.42393907503821343 0.6938366608119415 0.43642857242914773 0.7437946440096731
0 0.811297423340427 0.39760277451855763 0.7915186116411518 0.3295796934349426 0.7570960922396149 0.3395885980392599 0.77687490393889 0.4076116791228749
0 0.34675452240285426 0.15003529844503935 0.26404306508168895 0.13965705344808713 0.2582036913300647 0.1861950868999511 0.34091514865123 0.19657333189690335
0 0.8316683873666465 0.5783306683348811 0.7567058046612516 0.5691733084990306 0.7507140369840953 0.6182222033881348 0.8256766196894902 0.6273795632239854
0 0.4677134054502255 0.6364990283365527 0.3901458402200745 0.6096286493095258 0.37041463002039077 0.6665873521508354 0.4479821952505418 0.6934577311778624
0 0.4830091755337157 0.5915115738374942 0.41625897695204583 0.4953539448543947 0.36349856616691245 0.5319788901073305 0.43024876474858226 0.62813651909043
0 0.3474388721559919 0.5780615247409713 0.31000000000000005 0.5659970234375 0.30263630891758836 0.5888482198604562 0.34007518107358015 0.6009127211639275
0 0.5513762217463097 0.6243084548007692 0.4906102052489777 0.621534904057232 0.48858831058909846 0.6658328079424868 0.5493543270864306 0.6686063586860239
0 0.29159135313630163 0.7028816857621626 0.2604166671875001 0.6658184531250001 0.22990068908071257 0.6914861017948501 0.2610753750295141 0.7285493344320126
0 0.652202363817292 0.7479894145179675 0.6435414382313096 0.7249326289568463 0.5939443012075479 0.7435630278865608 0.6026052267935302 0.766619813447682
0 0.4011904765625001 0.7137946421875 0.3660119046875 0.6765922625 0.3503251873337361 0.6914256231222942 0.38550375920873614 0.728628002809794
0 0.3258928578125001 0.8477232140625002 0.3128769344214427 0.83856558241804 0.3010986200353498 0.855306334140448 0.31411454342640716 0.864463965784908
0 0.1831547625000001 0.786116071875 0.15898109472440589 0.7800726538964946 0.14988095312500008 0.8164732140625002 0.17405462090059426 0.8225166320410053
0 0.46285714218749996 0.31081845312499995 0.4561942002708806 0.2554958373636844 0.38640168714043566 0.2639015039216316 0.3930646290570551 0.31922411968294717
0 0.13751889328547012 0.36867362703013823 0.06288442057396391 0.36760455636297606 0.06218475504722367 0.41644994073900926 0.13681922775872984 0.41751901140617137
0 0.48684808032184057 0.11385771641547107 0.45106418239085794 0.07253774332377835 0.4062260580609379 0.11136842844736439 0.44200995599192067 0.1526884015390571
0 0.345476190625 3.7304402811951846e-17 0.26232142812500003 3.2212642125477675e-17 0.26232142812500003 0.03022321406250003 0.345476190625 0.030223214062500038
0 0.32589285781250005 0.978913690625 0.31411454342640727 0.9621729389025921 0.3010986200353499 0.9713305705470521 0.31287693442144265 0.98807132226946
0 0.4868480803218406 0.058017283584529046 0.44200995599192067 0.01918659846094304 0.4062260580609379 0.060506571552635745 0.45106418239085794 0.09933725667622176