0 0.5254838703125 0.6075268812500001 0.515537634375 0.5820430109375001 0.484903068348025 0.5939995394322224 0.494849304285525 0.6194834097447224
0 0.37815095632992407 0.055059896025209706 0.3011031987620862 0.05310802084566847 0.2996079909025595 0.11212942440766065 0.3766557484703974 0.1140812995872019
0 0.5970971993694711 0.2847890110653957 0.5942579504427077 0.23018804965923692 0.52860215 0.23360214999999998 0.5314413989267635 0.2882031114061588
0 0.8682258062500001 0.09139785000000002 0.8662935559381457 0.05570076432277865 0.7888204371881457 0.05989431276027864 0.7907526875 0.0955913984375
0 0.9435483874999999 0.37263440937500014 0.904301075 0.3704838703125002 0.902800767242128 0.3978644691800825 0.9420480797421279 0.4000150082425825
0 0.32059139843750006 0.5275806453125 0.2975467522841494 0.5017843998571623 0.27672365150849015 0.5203863700555555 0.2997682976618409 0.5461826155108932
0 0.3225851282878818 0.5691636266038604 0.2524814843609106 0.5459270194181254 0.23887096718749995 0.586989246875 0.3089746111144712 0.610225854060735
0 0.6146782319660685 0.7143198812486066 0.5315932758262054 0.6816103561759524 0.5032726352845832 0.753547174947457 0.5863575914244463 0.7862567000201113
0 0.3274791639056418 0.7834515777043913 0.25795698906250014 0.7822580640625 0.2567177836741773 0.8544417833344662 0.3262399585173189 0.8556352969763574
0 0.8117206161808379 0.541336211707063 0.7706193815761144 0.44995501091407764 0.6605116685202764 0.49947901483201457 0.7016129031249999 0.5908602156249998
0 0.42739898864032977 0.36827518504738277 0.3762327551672195 0.3658499658454136 0.3726207713930271 0.4420540487346458 0.4237870048661373 0.4444792679366151
0 0.23618279531250003 0.163064515625 0.0850717574488832 0.15390052594771886 0.07927311238438972 0.24951818864224098 0.23038415024800654 0.2586821783195221
0 0.8099409766100371 0.7377155571668617 0.7772895515311152 0.7198401621671117 0.76012528308721 0.7511926343859642 0.7927767081661318 0.7690680293857141
0 0.3576926331927091 0.736500870636808 0.28721891482870504 0.6714178669236368 0.24280641684050605 0.7195089766833547 0.31328013520451015 0.7845919803965258
0 0.39580645156250005 0.9046236562500001 0.3569892468750001 0.9046236562500001 0.3569892468750001 0.9356451609375 0.39580645156250005 0.9356451609375
0 0.3779032265625 4.217847018773405e-17 0.3004301078125 3.7434609842876535e-17 0.3004301078125 0.04575268750000004 0.3779032265625 0.04575268750000004
0 0.8682258062500001 0.008602150000000109 0.7907526875 0.0044086015625000976 0.7888204371881457 0.04010568723972143 0.8662935559381457 0.044299235677221445
0 0.39580645156250005 0.9600537640625 0.3569892468750001 0.9600537640625 0.3569892468750001 0.9910752687500001 0.39580645156250005 0.9910752687500001