0 0.519961390625 0.17135014531249998 0.45626189020914304 0.12886360922681378 0.4273265899783117 0.17224592134022126 0.4910260903941686 0.21473245742590746
0 0.1160128727839683 0.2415558716148256 0.08443792473677383 0.19134720030275193 0.009839780122974772 0.23826006373937902 0.041414728170169245 0.28846873505145265
0 0.42851899838512353 0.6925392530984124 0.30006772614767235 0.6585306861678392 0.28370646517251263 0.7203276090419661 0.41215773740996386 0.7543361759725394
0 0.29665688158309694 0.5562750285772773 0.29428028020056196 0.4738173269242236 0.2257382117701623 0.47579285099690394 0.22811481315269724 0.5582505526499576
0 0.6444387089652679 0.7794137520287192 0.6193610210693284 0.7453979862096947 0.5794980687499999 0.7747864375000001 0.6045757566459393 0.8088022033190245
0 0.38640148677863284 0.6077334135985125 0.38289238890354155 0.5761013893926209 0.34810810781249996 0.5799601828125 0.3516172056875912 0.6115922070183916
0 0.28282631455154916 0.2684623253843216 0.26093997672782837 0.2616350352058089 0.24776617155127925 0.30386648325898735 0.26965250937500007 0.31069377343750004
0 0.9124240834959272 0.6030342385908595 0.9088384846283477 0.5294270261920377 0.8416512330359694 0.5326998920617588 0.8452368319035489 0.6063071044605806
0 0.7254728259018461 0.19876618605285207 0.6620766682650229 0.18566265026910664 0.653248518474308 0.22837408213071927 0.7166446761111313 0.24147761791446473
0 0.519961390625 0.08177485468749998 0.49102609039416867 0.038392542574092525 0.4273265899783116 0.0808790786597788 0.456261890209143 0.12426139077318625
0 0.112702703125 8.61936229735424e-18 0.028062165625000003 3.4366241309799137e-18 0.028062165625000003 0.039844353125 0.112702703125 0.03984435312500001
0 0.6444387089652681 0.964058738596281 0.6045757558996363 0.9346702867557729 0.57949806875 0.9686860515625002 0.6193610218156318 0.9980745034030083
0 0.7254728259018459 0.05435881394714805 0.7166446761111311 0.011647382085535441 0.6532485184743079 0.024750917869280853 0.6620766682650226 0.06746234973089346