0 0.11486646875000006 0.4411044140625 0.07858815984015195 0.4351777590213379 0.06997032656250006 0.4879293390625 0.10624863547234817 0.49385599410366215
0 0.282485717585174 0.7199558878493569 0.26321032386545334 0.6901908478236276 0.21521621490500964 0.721271113317645 0.23449160862473034 0.7510361533433743
0 0.5754599406250002 0.4083744437500001 0.5598520893641569 0.40738060122568465 0.5585464518641569 0.4278850527881846 0.5741543031250002 0.42887889531250006
0 0.8370754916827833 0.35859935625636313 0.8196040743078891 0.35071625350694396 0.8100656748126059 0.37185632537558094 0.8275370921875002 0.3797394281250001
0 0.7216617203125 0.37537741093750004 0.6952832951300552 0.3734098966525206 0.6927313670050552 0.40762354665252054 0.7191097921875 0.40959106093750003
0 0.8886646890625001 0.6511637609375001 0.871777014841741 0.6505373627975638 0.8710351742167409 0.6705373627975638 0.8879228484375 0.6711637609375001
0 0.9480581059007216 0.3714865005247171 0.8843913689918572 0.3515170895880784 0.8614587138648684 0.4246312803483532 0.9251254507737328 0.4446006912849919
0 0.11486646874999999 1.1733229042259306e-17 0.076751703125 9.399372756113916e-18 0.076751703125 0.02502132812500001 0.11486646874999999 0.02502132812500001
0 0.282485717585174 0.8144191121506432 0.23449160862473012 0.7833388466566259 0.21521621490500956 0.8131038866823553 0.2632103238654534 0.8441841521763728
0 0.575459940625 0.05775129843750001 0.574154303125 0.037246846875 0.5585464519632486 0.03824068939300569 0.5598520894632486 0.05874514095550569
0 0.8370754918403822 0.10752638649897714 0.8275370921875 0.08638631250000009 0.8100656740044361 0.094269414949914 0.8196040736573182 0.11540948894889107
0 0.7216617203124999 0.09074833125000001 0.7191097921874999 0.056534681249999996 0.6927313670050552 0.05850219553497945 0.6952832951300552 0.09271584553497945
0 0.8886646890624998 0.8832112390625 0.8879228484374998 0.8632112390625 0.8710351742167409 0.8638376372024362 0.871777014841741 0.8838376372024361
0 0.9480581059007214 0.09463924166278304 0.9251254507737325 0.021525050902508315 0.8614587138648684 0.041494461839146936 0.8843913689918572 0.11460865259942166