0 0.8194730266343047 0.8713793857556675 0.792917471008516 0.838895149206086 0.7680427109503125 0.8592300298918468 0.7945982665761013 0.8917142664414284
0 0.5599061437499999 0.5581911265625 0.5563412123729665 0.5093961431087355 0.5172440265625 0.5122525593749998 0.5208089579395334 0.5610475428287643
0 0.38105495005743995 0.10437576813069602 0.33942225842349394 0.06786185129084696 0.3038441579963215 0.10842753725936874 0.3454768496302675 0.1449414540992178
0 0.7365955625 0.05085324218750009 0.6893941984375 0.05085324218750009 0.6893941984375 0.0972696250000001 0.7365955625 0.0972696250000001
0 0.6807898976327176 0.6691145365118577 0.6281880646240938 0.66779398865581 0.6264361202367782 0.737579786784921 0.6790379532454021 0.7389003346409686
0 0.7828996626382151 0.8442569463605677 0.7752621131216589 0.8155861485066469 0.7501915825585443 0.8222646308969072 0.7578291320751006 0.8509354287508281
0 0.3538530268052283 0.3475183232951885 0.31353900562166304 0.33277490760395234 0.30206490088015236 0.3641494080113898 0.3423789220637176 0.37889282370262595
0 0.5526918878387591 0.7190301712861678 0.5507054173778088 0.6251280420478051 0.4964497839621784 0.62627580316882 0.49843625442312883 0.7201779324071825
0 0.722007280324726 0.4062313056302279 0.6507222611092406 0.3887278514903027 0.6388108521180161 0.43723856326382304 0.7100958713335016 0.4547420174037482
0 0.4491582457626235 0.2736244890273987 0.3766611757382389 0.25986782987412715 0.3640623385030931 0.3262632224680455 0.4365594085274778 0.3400198816213171
0 0.3342184155033791 0.8569208638558112 0.25376279843750005 0.8358703078125 0.2378020345098822 0.8968726446627588 0.31825765157576125 0.9179232007060701
0 0.42543515312500013 0.7003071671875001 0.39021599045541516 0.694243565684527 0.3827730375000001 0.737474403125 0.417992200169585 0.743538004627973
0 0.19475255937500002 0.2454948812500001 0.16391147933828712 0.24443254065229397 0.1628193293382871 0.2761390250272939 0.193660409375 0.27720136562500003
0 0.1316581557682277 0.19970359382933353 0.06682473095466869 0.1810528794996321 0.053413427602514704 0.22767311678185892 0.11824685241607372 0.2463238311115603