0 0.5738508182057604 0.6793139745665951 0.5110469785291742 0.6308964072762723 0.44470408505702663 0.71695171072268 0.5075079247336128 0.7653692780130029
0 0.7219789675556535 0.19221992603041654 0.710957823760194 0.08893327754022481 0.6223883809345382 0.09838403017412384 0.6334095247299977 0.20167067866431557
0 0.48806677427511713 0.19209851835157188 0.4548554316364847 0.17587173331727543 0.4346636573613675 0.21719821496570363 0.467875 0.23342500000000008
0 0.42793383750420544 0.31916271201573465 0.4214441221759272 0.18966339251054584 0.29204869892083546 0.19614790119303332 0.2985384142491137 0.3256472206982221
0 0.6710876571701382 0.4039268740068526 0.6626430969462069 0.330763757968366 0.5928986754427263 0.3388137290406693 0.6013432356666576 0.411976845079156
0 0.5343115798478719 0.8552646757386796 0.47373274431209406 0.8279677064731606 0.45376887832176627 0.8722725427618562 0.5143477138575442 0.8995695120273753
0 0.7542090468041404 0.6119299271079063 0.6824241533978499 0.5518857696482982 0.6267928997294601 0.6183948820016539 0.6985777931357505 0.6784390394612622
0 0.707336549080428 0.7407247063191351 0.6512714420817547 0.7093171286732777 0.6228920815255258 0.7599766193248518 0.6789571885241991 0.7913841969707093
0 0.9702249999999999 0.09780000000000008 0.8813960344827587 0.09039758620689667 0.8728013793103448 0.19353344827586222 0.9616303448275861 0.20093586206896563
0 0.11287500000000003 0.19325 2.4165268815638483e-17 0.19325 3.219435939254831e-17 0.32437499999999997 0.11287500000000003 0.32437499999999997
0 1.002828941763026 0.41012021675015226 0.993903206270818 0.3327882297397921 0.9271658392388528 0.340491123569404 0.9360915747310609 0.4178231105797641
0 0.9619480089746103 0.6066014661606433 0.893022190820058 0.5533540529940363 0.8361794599084084 0.6269338102296718 0.9051052780629607 0.6801812233962787
0 0.9680354017057311 0.762781736884778 0.9442884612028571 0.7109893590538264 0.8862117855734295 0.7376176665101513 0.9099587260763033 0.7894100443411028