0 0.31232693278446166 0.5747661393492237 0.31149220195029015 0.5580715409189873 0.27985104841141 0.5596536003256888 0.2806857792455816 0.5763481987559251
0 0.8465886250000002 0.32379421250000007 0.8045805428775747 0.320960335744237 0.8013854097195585 0.3683235161722741 0.8433934918419841 0.37115739292803723
0 0.7151927766359116 0.5035760012056322 0.6117342182572275 0.4493922446555686 0.5832798926589987 0.5037229831179426 0.6867384510376828 0.5579067396680061
0 0.3438495055280363 0.7267830501786868 0.3103431235440076 0.7232746713060474 0.30239377707704285 0.799194020074993 0.3359001590610715 0.8027023989476323
0 0.52006129375 0.23440514531250006 0.5064162735469129 0.19224764748501869 0.4652259556906187 0.20557962277493572 0.4788709758937058 0.2477371206024171
0 0.3853563642177405 0.1670205968897101 0.35302443729112404 0.13692547028717017 0.3235974745130107 0.16853957255627053 0.35592940143962715 0.19863469915881046
0 0.2546876695714036 0.42292676010927915 0.2363997414860452 0.36564128070549007 0.20145182347714163 0.376798122158711 0.2197397515625 0.43408360156250014
0 0.5624058213792243 0.7206716218631904 0.5593566631193557 0.6310481838774843 0.4909294609375 0.63337620625 0.49397861919736863 0.7229996442357062
0 0.5535339625000001 0.9067202578125 0.5208973078125002 0.86967845625 0.49447683253981933 0.8929569117187277 0.5271134872273192 0.9299987132812279
0 0.7093800109448373 0.3220685994804085 0.6954953781250001 0.28508038593749996 0.6575166445001164 0.29933684011126516 0.6714012773199536 0.3363250536541737
0 0.6937268890625 0.1369453375 0.6883255774943826 0.09797716872568292 0.6310265415568825 0.1059192906006829 0.636427853125 0.14488745937499997
0 0.94449859375 0.32379421250000007 0.900286375 0.32379421250000007 0.900286375 0.3690996781250001 0.94449859375 0.3690996781250001
0 0.039695053918143895 0.36755028884092034 0.004225670640701304 0.3651399944741223 -0.00029554890244253284 0.4316733071957019 0.03517383437500006 0.4340836015624999