0 0.5567433768992605 0.6334694404753625 0.5214534314115873 0.6260399790082392 0.5123729542231882 0.6691722499539482 0.5476628997108612 0.6766017114210715
0 0.45914497499999996 0.8181443296875001 0.4538532381017372 0.7957016923878353 0.42859333853983284 0.8016577099794102 0.43388507543809557 0.824100347279075
0 0.3789387890625001 0.879670103125 0.3203614687500001 0.879670103125 0.3203614687500001 0.9198556703125 0.3789387890625001 0.9198556703125
0 0.784052190625 0.9608865984375001 0.778896210527896 0.9383877667772467 0.7514460665029399 0.944678422149603 0.756602046600044 0.9671772538098564
0 0.7592953683339418 0.9495633718451894 0.7583967421547064 0.9302429047354419 0.7348332376505431 0.9313388814476866 0.7357318638297785 0.9506593485574341
0 0.382732603125 0.5132164953125 0.36308311875 0.5038144328125 0.3549658799165306 0.5207787486343106 0.3746153642915306 0.5301808111343105
0 0.5948521910297726 0.45063092793000015 0.579808890604318 0.4393484539063639 0.5710748712004544 0.4509938144486366 0.586118171625909 0.46227628847227287
0 0.188900071777969 0.3042866901866549 0.16823445976269674 0.2546728236464548 0.13914344846165203 0.26679007220220236 0.15980906047692428 0.3164039387424024
0 0.15536894454302475 0.3129383560782982 0.1398509600313994 0.29407140478082616 0.10612183580087464 0.32181346120252796 0.12163982031249998 0.3406804125
0 0.16796971718750003 0.18451546406250002 0.16692809077373041 0.14926975293627398 0.12307073547126626 0.1505658816924089 0.12411236188503587 0.18581159281863494
0 0.4379910318930971 0.12677597908687405 0.43117178580253224 0.10338946482727682 0.40363337693070855 0.11141935696746601 0.4104526230212734 0.13480587122706322
0 0.5553843773316113 0.010409677740951934 0.5545225260436705 -0.00021980188336918617 0.5423761330635027 0.0007650426060863303 0.5432379843514437 0.01139452223040745
0 0.7088544999946422 0.16337303925047325 0.704711784114026 0.1347883138015221 0.6759128229408644 0.13896207835316604 0.6800555388214807 0.16754680380211723
0 0.454551070659052 0.3858220089607802 0.4477411084960169 0.33450407473510285 0.42240143184669093 0.3378666855223295 0.429211394009726 0.3891846197480069
0 0.2726298450834208 0.45045999384400304 0.23789197311330784 0.4402370398917676 0.22652971140058353 0.47884631021732005 0.2612675833706965 0.4890692641695555
0 0.36947096385442013 0.17699788706645792 0.2856946422559845 0.17518702220971244 0.2843528925672597 0.23726059606504085 0.3681292141656954 0.23907146092178633
0 0.7109387890625001 0.28098969062499995 0.706477352116714 0.2613188115340039 0.6719284796875 0.2691546390625 0.676389916633286 0.28882551815349605
0 0.8411536730897955 0.6719899043679689 0.7978255420320228 0.6649582270142442 0.7898000772129785 0.714409925945638 0.8331282082707514 0.7214416032993627
0 0.08546522505435418 0.2634835511927081 0.0548106358200419 0.25457792381316335 0.03962347184395053 0.3068545634568293 0.07027806107826282 0.3157601908363741
0 0.11515430621629648 0.33707556923172316 0.09892575507342291 0.29572770423804007 0.07597283604000951 0.30473645524535065 0.09220138718288308 0.34608432023903374
0 0.10482925970566907 0.18495316472558385 0.10380213521508057 0.1501981579329456 0.05866505387853012 0.1515321067924888 0.05969217836911863 0.18628711358512706
0 0.9888459560722082 0.7133233316296909 0.9781454131104275 0.66409341145133 0.9354166412149534 0.6733808743949045 0.9461171841767341 0.7226107945732652