0 0.2587642000080797 0.3101206346703468 0.25754747092497415 0.27164569824117685 0.2035345733681461 0.2733537988754996 0.20475130245125164 0.31182873530466954
0 0.38081159374999995 0.31273097812500006 0.3671999243952765 0.2963870389588824 0.34812746033277653 0.3122710967713823 0.3617391296875 0.3286150359375
0 0.08424539463747105 0.5698535702953469 0.054298632177832526 0.547081554168796 0.029937295352861604 0.5791183823109491 0.05988405781250013 0.6018903984375001
0 0.5569801889075047 0.8727406929394868 0.5024295252944617 0.8699461675478173 0.4997209583626295 0.9228188750251747 0.5542716219756725 0.9256134004168441
0 0.321507246875 0.7998614125000002 0.3143101708211339 0.7795259255046704 0.2765258663480611 0.7928984359834009 0.2837229424019272 0.8132339229787309
0 0.34268016690359476 0.40929837957770915 0.18450466520606285 0.3374004240176555 0.11783402745930294 0.48407582656480824 0.27600952915683485 0.5559737821248618
0 1.0046661841844793 0.34345011029173694 0.789728675711387 0.2048468259497142 0.6635916242324661 0.400452461845902 0.8785291327055585 0.5390557461879247
0 0.5836210926321977 0.7596266851151087 0.5732525683108725 0.7212205371855966 0.5164576357901638 0.736553489614197 0.526826160111489 0.774959637543709
0 0.72718840625 0.7999773546875001 0.7022714992300026 0.7897056496005843 0.6896220049477176 0.8203905524686752 0.714538911967715 0.830662257555591
0 0.5064102698051942 0.8551420113887541 0.471594203125 0.8404121375000001 0.45808248331980594 0.8723489307987462 0.49289855000000005 0.8870788046875002
0 0.9514311223226961 0.9108291650781378 0.924299319392963 0.7979624296336038 0.8553581804957521 0.8145350485451317 0.8824899834254852 0.9274017839896658
0 0.282956521875 0.7187309781250001 0.25660691101113464 0.7055416787428388 0.243016460435563 0.732692710329494 0.26936607129942836 0.7458820097116551
0 0.22555067308854176 0.21993282794772714 0.21094488704733752 0.18944643741821068 0.17779655136719894 0.20532754010556778 0.19240233740840318 0.23581393063508424
0 0.060295651281107254 0.8817338774905823 0.04695072600199777 0.8416990950836187 0.016133334887129046 0.8519715571028824 0.029478260166238536 0.8920063395098458
0 0.08053311119471482 0.910691662866045 0.05301864289429918 0.8831233494040645 0.029687395951711614 0.9064090268284852 0.057201864252127255 0.9339773402904659
0 0.22436795337189244 0.8052543779142649 0.20300566152197125 0.747012911621209 0.11222860125114494 0.7803088805967443 0.13359089310106612 0.8385503468898001
0 0.5225075710934465 0.5257391348805037 0.5137862325387588 0.47992224586969473 0.464920398392656 0.4892239573683702 0.47364173694734363 0.5350408463791793
0 0.42959675280431037 0.22978294982878253 0.42137974560045477 0.20304952872837437 0.39273951467114426 0.2118526288995918 0.40095652187499997 0.23858605000000005
0 0.5569801889075046 0.9866343070605135 0.5542716219756724 0.9337615995831561 0.49972095836262936 0.9365561249748255 0.5024295252944616 0.9894288324521829
0 0.5042118148340398 0.9990366403297071 0.49289855000000005 0.9722961953125001 0.462450264675096 0.9851781617644939 0.47376352950913575 1.0119186067817008
0 0.9478260875 0.9413106890625 0.8726086953125 0.9413106890625 0.8726086953125 1 0.9478260875 1
0 0.056695651562500116 0.972557065625 0.01962318906250012 0.972557065625 0.019623189062500122 1 0.05669565156250013 1
0 0.08053311119471473 0.9486833371339554 0.057201864252127255 0.9253976597095346 0.029687395951711614 0.952965973171515 0.0530186428942991 0.9762516505959358