0 0.5203827716344795 0.4182461541324523 0.41771140008202856 0.40611680667644423 0.4063799568493421 0.5020341528146643 0.509051328401793 0.5141635002706724
0 0.48515625 0.2925520828125 0.45125000000000004 0.28645833281250005 0.44488430217412833 0.3218777284077351 0.47879055217412836 0.3279714784077351
0 0.49162200334517314 0.8011798022495217 0.4055729171875 0.77546875 0.38302987370692154 0.8509152261648394 0.4690789598645947 0.876626278414361
0 0.3213742990375631 0.5027250001996879 0.3112195156845986 0.4061611028728057 0.2086262286136548 0.4169499445881235 0.21878101196661928 0.5135138419150056
0 0.8630409662079724 0.5027250000371705 0.8528861828720984 0.4061611028728057 0.7502928958011548 0.4169499445881235 0.7604476791370287 0.5135138417524883
0 1 0.4072916671875002 0.9520833328125 0.4072916671875002 0.9520833328125 0.5079687500000002 1 0.5079687500000002
0 0.28093750000000006 0.32229166718750013 0.27687500000000004 0.28645833281250005 0.2427169303783338 0.29033090454656774 0.24677943037833386 0.32616423892156776
0 0.8226041671875001 0.32229166718750013 0.8185416671875 0.2864583328125 0.784383597565834 0.2903309045465677 0.788446097565834 0.32616423892156776
0 1 0.2864583328125001 0.9888541671875 0.2864583328125001 0.9888541671875 0.32229166718750013 1 0.32229166718750013
0 0.33631256800205117 0.8601185519935841 0.32255208281250003 0.77546875 0.24131293215091648 0.788674807228287 0.2550734173404677 0.873324609221871
0 0.8779792334602196 0.8601185533908421 0.8642187500000003 0.77546875 0.7829795989313284 0.788674805416824 0.7967400823915478 0.8733246088076662
0 1.018780606574513 0.7968448623429649 0.9472395828125 0.7754687500000002 0.924696539917219 0.8509152269628778 0.996237563679232 0.8722913393058427