0 0.757703164380872 0.2655073075297075 0.72768681166744 0.24222932116756452 0.7005150218749999 0.2772666312500002 0.730531374588432 0.3005446176121432
0 0.44902977095453256 0.45434354951159606 0.32498564888311887 0.33807832553666517 0.2348263946684971 0.4342698190315524 0.35887051673991077 0.5505350430064833
0 0.8878974659447749 0.8035827241352729 0.8521110156324682 0.6710638546926647 0.7603652267017654 0.6958396178027922 0.7961516770140722 0.8283584872454004
0 0.20646517057974023 0.4017033470809988 0.15964432518413485 0.40004405577735663 0.15811477647939465 0.44320390557135775 0.20493562187500003 0.4448631968749999
0 0.32118006943371574 0.1453335210084349 0.23994057554484688 0.13116384096200218 0.22835326777441756 0.1975977347210375 0.3095927616632864 0.21176741476747024
0 0.6529643893316008 0.63969709122487 0.5884057952795089 0.5777312107319188 0.5285836906250001 0.6400563312499999 0.5931422846770922 0.7020222117429512
0 0.42804013952199915 0.8206231707216354 0.39139449214502386 0.7996326544212371 0.36499352037813504 0.8457239790905847 0.40163916775511027 0.866714495390983
0 0.17454935625000012 0.8755498921875 0.11081545000000008 0.8755498921875 0.1108154500000001 0.9193267171875 0.17454935625000015 0.9193267171875
0 0.3161585375 3.399037127907186e-17 0.23894635156250002 2.926248846089538e-17 0.23894635156250002 0.01932671718750003 0.3161585375 0.019326717187500037
0 0.4140524500000001 0.9775241421875001 0.3684120171875001 0.9775241421875001 0.3684120171875001 1 0.4140524500000001 1
0 0.17454935625000015 0.9193267171875 0.11081545000000012 0.9193267171875 0.11081545000000012 0.9631035406249999 0.17454935625000015 0.9631035406249999