0 0.188918128125 0.7102923984375 0.18456374240875 0.6798116967128125 0.14525731056268382 0.6854269009470587 0.1496116962789338 0.7159076026717462
0 0.35451230082248586 0.33091051440898467 0.21092588260677142 0.17749625631394655 0.11656043732762704 0.2658165758149511 0.2601468555433415 0.41923083390998916
0 0.6314327484375001 0.8060233921875002 0.5819454165114344 0.79361925841053 0.5677028627659845 0.8504411209725504 0.6171901946920502 0.8628452547495206
0 0.7718478252623937 0.5479627772171629 0.7324744732155285 0.4856501660612425 0.62828271512652 0.5514856156679884 0.6676560671733854 0.6137982268239088
0 0.20845427849510947 0.6561082567966678 0.19839181250000001 0.568421053125 0.12415324181573277 0.5769402333674568 0.1342157078108422 0.6646274370391246
0 0.6634139958443825 0.524543878763106 0.6438125752160148 0.4223859007546614 0.548745334401689 0.440626795998554 0.5683467550300567 0.5427847740069988
0 0.853006030747164 0.33768475421806304 0.8240376232289494 0.25839084349807584 0.7599232325523604 0.28181372401988736 0.7888916400705748 0.36110763473987456
0 0.7636205718748494 0.2078422271249485 0.7533192169691807 0.13563175154359414 0.6836706780230807 0.14556762736450252 0.6939720329287494 0.21777810294585684
0 0.7772807015625001 0.09309941562500006 0.7376025152856212 0.022016025695020813 0.6700007513361943 0.05975079587513128 0.7096789376130731 0.13083418580511053
0 0.36114035156249996 0.12994152031250003 0.3033445624701554 0.08154149623456183 0.27821898969543796 0.11154462810436287 0.3360147787877825 0.15994465218230106
0 0.17375538828985593 0.11720319027740962 0.1484550418115461 0.0591612230726015 0.08325847310419682 0.08758024222252836 0.10855881958250664 0.14562220942733647
0 0.30725573299653103 0.9848164000045292 0.26083838061930187 0.9687851242544628 0.25265479957036774 0.9924800672632508 0.29907215194759695 1.0085113430133172
0 0.475472858162282 0.009043801562552634 0.40771797449760855 -0.0031107016029213617 0.3997289308454414 0.04142396311148544 0.46748381451011484 0.05357846627695943
0 0.06687134531249998 0.6504678359375 0.057021031479357755 0.6176334564936925 0.021665057855504564 0.6282402485808485 0.0315153716886468 0.661074628024656
0 0.02763157968750008 0.6223976609374999 7.662829316319733e-17 0.6223976609374999 7.888422144216727e-17 0.659239765625 0.02763157968750008 0.659239765625