0 0.2892462985301737 0.4300615883511833 0.2797577028226213 0.3254099918417623 0.16228938069074111 0.3360606599092446 0.17177797639829345 0.4407122564186657
0 0.8504027136180419 0.663637321255584 0.776439621023294 0.6618424621345187 0.7751064569699009 0.7167798860068593 0.8490695495646488 0.7185747451279245
0 0.9728150221824098 0.644365409346707 0.9579874159304309 0.596086725480437 0.9080524708185344 0.6114230114981816 0.9228800770705134 0.6597016953644517
0 0.9811532816705869 0.7127459364515853 0.9207691918706752 0.6785507935693748 0.8587140933250346 0.7881318722632059 0.9190981831249463 0.8223270151454166
0 0.7406494284932122 0.47093134556910216 0.7103212709999469 0.4695657259989736 0.708363602933416 0.5130423037663069 0.7386917604266814 0.5144079233364354
0 0.7758046965593072 0.4387393054830292 0.7479744776760073 0.38759742828841537 0.6831777542749193 0.42285829656492896 0.7110079731582193 0.4740001737595428
0 0.6115879829576503 0.36912553590334707 0.5965665234374999 0.3510997859375 0.5708998811675569 0.37248865622620475 0.5859213406877071 0.3905144061920518
0 0.08194034153905982 0.2363970887316751 0.041903787857528 0.22984446171346473 0.03371254516368967 0.27989295782333257 0.07374909884522149 0.2864455848415429
0 0.408382741795745 0.21979477345253814 0.4011086306325244 0.18375789954853752 0.3486177778148892 0.19435327747906728 0.3558918889781098 0.2303901513830679
0 0.8870848543255516 0.649291583990493 0.8725321890625001 0.5931598718750001 0.7820222978278677 0.6166253978761082 0.7965749630909194 0.6727571099916011
0 0.9764462876952672 0.9914421360950799 0.9190981831249463 0.8901729848545834 0.8587140933250346 0.9243681277367942 0.9160621978953556 1.0256372789772907
0 0.08194034186114041 0.05121020793608187 0.07374909869802344 0.0011617119410460314 0.03371254484747223 0.007714339377355403 0.04190378801058918 0.057762835372391255
0 0.40838274130312413 0.06781252122430473 0.35589188781338105 0.05721714669698867 0.34861777915326136 0.09325402023670429 0.40110863264300445 0.10384939476402036