0 0.4974678439649002 0.5783714126786209 0.33766835179731614 0.44397051443947133 0.22697694424917875 0.5755799824210996 0.3867764364167627 0.7099808806602491
0 0.31150972454870385 0.27137434931988264 0.1356199475258287 0.2537811001994691 0.11922421444695741 0.417698624224245 0.2951139914698325 0.4352918733446584
0 0.6746303868736808 0.6177358911089075 0.6275554170832197 0.5164984138687603 0.5022247747858672 0.5747765966209009 0.5492997445763284 0.6760140738610481
0 0.6405238519334726 0.5283920170769936 0.5895047023496722 0.5263196725168731 0.5884502346345026 0.552279663498487 0.639469384218303 0.5543520080586075
0 0.8100721558419826 0.605747919078339 0.7430342611858094 0.5927374490644788 0.7327666145532864 0.645642641004863 0.7998045092094596 0.6586531110187234
0 0.9785221455330309 0.7179328443742392 0.953237006923716 0.5818254708406169 0.8220113117306553 0.6062037231418458 0.8472964503399701 0.7423110966754681
0 0.8907365656202998 0.2798228875353063 0.8641901381507349 0.24907570569487752 0.8380284020445881 0.2716631621201212 0.864574829514153 0.30241034396055
0 0.69907756875 0.27943789375000017 0.6782468496975487 0.2591714369549755 0.6629350109375001 0.27490959062500003 0.6837657299899514 0.2951760474200247
0 0.46685534531250017 0.8430856921875 0.2790566031250001 0.8430856921875 0.2790566031250001 1 0.46685534531250017 1
0 0.31150972454870374 0.21592911005511756 0.29511399146983247 0.05201158603034174 0.11922421460169719 0.06960483513527752 0.13561994768056845 0.23352235916005332
0 0.6746303868736809 0.9010141088910931 0.5492997445763287 0.8427359261389524 0.5022247747858675 0.9439734033790996 0.6275554170832198 1.0022515861312402
0 0.6405238519334727 0.9903579829230065 0.639469384218303 0.9643979919413926 0.5884502346345026 0.9664703365015133 0.5895047023496722 0.9924303274831271
0 0.8100721558419826 0.913002080921661 0.7998045092094596 0.8600968889812768 0.7327666145532864 0.873107358995137 0.7430342611858094 0.9260125509355213
0 0.9785221455330312 0.800817155625761 0.8472964503399701 0.7764389033245321 0.8220113117306556 0.9125462768581544 0.9532370069237164 0.9369245291593833
0 0.8907365656203 0.20748057183969393 0.8645748287412578 0.1848931147471498 0.8380284012716928 0.2156402965875785 0.8641901381507349 0.23822775368012264
0 0.6990775687500002 0.20786556562500005 0.683765729208996 0.19212741115227655 0.6629350109375001 0.21239386718750008 0.6782468504785042 0.22813202166022356