0 0.20571428593750002 0.5595036765625 0.19832040264477052 0.531021056587892 0.15539603233227053 0.542163914400392 0.16278991562500003 0.570646534375
0 0.8462663493670579 0.4432626212563557 0.8021294529095682 0.35581536179583406 0.7027993493988459 0.4059498373735818 0.7469362458563357 0.49339709683410343
0 0.9080626846243934 0.5227819574048427 0.8187266737035384 0.5112097235370574 0.805717936459969 0.6116353376177769 0.8950539473808241 0.6232075714855622
0 0.5774140508624923 0.40300404983200844 0.40598558367250936 0.37548744297932873 0.37848877510124873 0.5467925668713958 0.5499172422912317 0.5743091737240754
0 0.3370211082552202 0.5511750233156135 0.32877310937500004 0.4913860296875 0.26807348130341546 0.49975965222207963 0.2763214801836356 0.5595486458501931
0 0.33132531774578267 0.4176131468321085 0.32391739403483777 0.3826193197193352 0.2789128480300543 0.3921464355267815 0.2863207717409992 0.4271402626395548
0 0.20571428593750002 0.09362132343750004 0.162789915625 0.08247846562500002 0.15539603233227045 0.11096108559960798 0.19832040264477047 0.12210394341210802
0 0.20571428593750013 0.7860582984375 0.16278991562500011 0.774915440625 0.15539603233227056 0.8033980605996079 0.19832040264477055 0.814540918412108
0 0.8462663493670577 0.20986237874364438 0.7469362458563354 0.1597279031658966 0.7027993493988457 0.24717516262641825 0.802129452909568 0.29730963820416606
0 0.8462663493670581 0.9022993537436446 0.7469362458563357 0.8521648781658968 0.7027993493988459 0.9396121376264184 0.8021294529095684 0.9897466132041661
0 0.9080626846243935 0.13034304259515722 0.8950539473808243 0.029917428514437683 0.8057179364599693 0.041489662382223 0.8187266737035385 0.14191527646294255
0 0.9080626843910553 0.8227800162466636 0.8950539478937685 0.7223544036384655 0.8057179368658309 0.7339266370259299 0.8187266733631177 0.8343522496341278
0 0.5774140508624923 0.25012095016799163 0.5499172422912318 0.07881582627592458 0.3784887751012487 0.10633243312860423 0.40598558367250925 0.2776375570206713
0 0.5774140508624923 0.9425579251679915 0.5499172422912317 0.7712528012759243 0.3784887751012486 0.7987694081286041 0.40598558367250914 0.9700745320206712
0 0.3370211082552202 0.10194997668438663 0.2763214801836356 0.09357635414980696 0.26807348130341546 0.15336534777792038 0.32877310937500004 0.16173897031250004
0 0.33702110825522047 0.7943869516843868 0.27632148018363567 0.786013329149807 0.2680734813034155 0.8458023227779202 0.32877310937500026 0.8541759453125
0 0.3313253177457827 0.23551185316789164 0.2863207717409992 0.22598473736044533 0.27891284803005434 0.26097856447321854 0.3239173940348378 0.27050568028066485
0 0.33132531774578283 0.9279488281678917 0.2863207714244173 0.9184217122934271 0.27891284771347236 0.9534155394062 0.3239173940348379 0.9629426552806647