0 0.28840926593750005 0.4875062740625 0.27911196875 0.4689116796875 0.26519691125 0.4758692084375 0.27449420843750005 0.4944638028125
0 0.7950092557229393 0.27198788755823855 0.783179621897869 0.2645599774940498 0.7752126845292844 0.27724806215894093 0.7870423183543548 0.2846759722231297
0 0.9298491748860492 0.38409622095218565 0.9172248176871532 0.3806726673014734 0.9110672153230329 0.40337883161621957 0.9236915725219289 0.40680238526693174
0 0.6160348352291463 0.48067367245262604 0.6006142742351921 0.47713633961708835 0.5960852311935458 0.4968801374769624 0.6115057921875 0.5004174703125001
0 0.5848938577535236 0.591762182313669 0.5802896691307747 0.5791274354650591 0.567133262939751 0.5839217203388901 0.5717374515625 0.5965564671875001
0 0.5379059481676431 0.5535843625932813 0.5269498062500001 0.5360545359375001 0.5136297772917903 0.5443795542322551 0.5245859192094333 0.5619093808880363
0 0.468288584726895 0.4313567220354041 0.44780327938504766 0.43002072369302835 0.44672761268041555 0.44651427775782276 0.4672129180222629 0.4478502761001984
0 0.06277992343750007 0.4970970078125 0.047876448437500066 0.4970970078125 0.047876448437500066 0.518641409375 0.06277992343750007 0.518641409375
0 0.07903268483233879 0.28548830763027067 0.06477342481447226 0.2764824574218351 0.05531159400373338 0.2914636865842978 0.0695708540215999 0.30046953679273336
0 0.8274113442869441 0.6595519956347297 0.8250718329601803 0.644372370766417 0.8143418067235718 0.6460261018786672 0.8166813180503356 0.66120572674698
0 0.6438652738045547 0.6927639897587607 0.6340059505394869 0.6858853911824961 0.6256597767102694 0.6978482386864409 0.6355190999753372 0.7047268372627056
0 0.4709222866020501 0.5490026406602968 0.4697466467788307 0.5273932642890558 0.4573969802963423 0.5280651374366591 0.4585726201195617 0.5496745138079002
0 0.6396911203125 0.4672514484375 0.6297297296875 0.4672514484375 0.6297297296875 0.48632480625 0.6396911203125 0.48632480625
0 0.7615811909915216 0.21725003151697414 0.7495179764489945 0.21636833534954758 0.7486317667074729 0.22849330383257352 0.76069498125 0.2293750000000001
0 0.2227799234375 0.33049469062500003 0.21034749062500002 0.33049469062500003 0.21034749062500002 0.34377654375 0.2227799234375 0.34377654375
0 0.33855098843672043 0.4256638941346214 0.3353327288796572 0.412790852877555 0.3215057920528387 0.41624758627094727 0.32472405160990186 0.4291206275280137
0 0.71675675625 0.560108590625 0.704324325 0.560108590625 0.704324325 0.5716916015625 0.71675675625 0.5716916015625
0 0.9372586875 0.6579078187500003 0.9335902324679154 0.6460066699091269 0.9228628971086605 0.6493133042438195 0.9265313521407451 0.6612144530846927
0 0.7950092557229391 0.04676211244176143 0.7870423183543547 0.0340740277768703 0.7752126845292844 0.041501937841059086 0.7831796218978688 0.05419002250595022
0 0.07903268483233875 0.03326169236972938 0.06957085402159986 0.018280463207266652 0.05531159400373338 0.027286313415702222 0.06477342481447226 0.04226754257816495
0 0.6438652735915784 0.9850593697704586 0.6355191010708214 0.9730965218902463 0.6256597766622308 0.9799751199695818 0.6340059491829878 0.9919379678497939
0 0.7615811909915216 0.10149996848302596 0.76069498125 0.08937500000000001 0.7486317667074729 0.09025669616742656 0.7495179764489944 0.10238166465045251