0 0.4793909040599532 0.26069188238743946 0.45712230156250006 0.2579271578125001 0.4537871566825665 0.2847902371499006 0.4760557591800196 0.28755496172483996
0 0.9645289137165005 0.27815442535615376 0.9413238849078412 0.2015862011567066 0.8597108864455139 0.226320116567181 0.8829159152541731 0.3028883407666282
0 0.7835793718952233 0.4350687939137822 0.6760678501013592 0.42296793316874126 0.665176133599098 0.5197366705980448 0.7726876553929621 0.5318375313430858
0 0.66327338125 0.44120053906249995 0.5746402875000001 0.44120053906249995 0.5746402875000001 0.51389838125 0.66327338125 0.51389838125
0 0.32040360583380956 0.7415207421920786 0.20356289589034118 0.726069414730231 0.19091951027102 0.8216768734096345 0.30776022021448846 0.837128200871482
0 0.4634928053960844 0.799952338272214 0.4581115113554217 0.7838084533339609 0.44257194320971377 0.7889883084789158 0.44795323725037645 0.8051321934171689
0 0.3027941882044375 0.5160908333898976 0.2827771524633465 0.47099221353593484 0.23981376419884617 0.49006152610544806 0.25983079993993713 0.5351601459594109
0 0.23390131047780036 0.2839111554136663 0.061150813377193726 0.2747153088307637 0.05590594570625009 0.3732438661760983 0.2286564428068567 0.38243971275900085
0 0.8563264757343714 0.7950752835800103 0.8404767978125518 0.7892880656397099 0.8320675721943813 0.8123187375436945 0.8479172501162008 0.8181059554839951
0 0.4467379674184331 0.4158645710036738 0.4368012281009186 0.39431501679707487 0.4204319915117597 0.4018630539979272 0.43036873082927424 0.4234126082045261
0 0.8611911617662731 0.3197134987693576 0.854644466754509 0.30030721846668484 0.8346389622132661 0.3070560613538991 0.84118565722503 0.32646234165657184