0 0.3865525671875 0.568184596875 0.36588571553062754 0.5493346116487318 0.3352115148946262 0.5829653623696374 0.3558783665514986 0.6018153475959057
0 0.02728606406250003 0.2366687046875 2.938328905629624e-17 0.2366687046875 3.1539146470180215e-17 0.271876528125 0.02728606406250003 0.271876528125
0 0.21391193623531812 0.7630756865699972 0.1788598110389807 0.7082206944410007 0.14002148179178472 0.7330382347660072 0.1750736069881222 0.7878932268950039
0 0.8748163922105128 0.4351023776682717 0.8403793343056438 0.4229721745263898 0.827822170085709 0.45862135420663686 0.862259227990578 0.4707515573485187
0 0.5399022000000001 0.6499205375000001 0.5165020080251909 0.6423012069920147 0.5069598261923739 0.6716067852855969 0.5303600181671833 0.6792261157935826
0 0.9397848412500001 0.6415244503125 0.9088801950000001 0.6260721271875 0.8847677259375002 0.6742970653125001 0.9156723721875002 0.6897493884375001
0 0.7348905871825778 0.4041623516643728 0.6790509820188969 0.3871543251654865 0.6591123325187082 0.45261555405412146 0.714951937682389 0.4696235805530078
0 0.09872860625000004 0.49212102656249995 0.07409126446422279 0.4818069689692469 0.05653123535924694 0.5237528699801638 0.08116857714502419 0.5340669275734168
0 0.07095354531250005 0.3701650359375 0.03297558938145072 0.36642905898077505 0.029003956141944807 0.40680257142247706 0.06698191207299413 0.410538548379202
0 0.19831295781250002 0.4467176046875001 0.17588847270416186 0.43712362466111987 0.16574177426666187 0.46084000591111984 0.18816625937500003 0.47043398593749997
0 0.857424178398373 0.4175660737268503 0.854114756958529 0.3775275328925929 0.8211921105945781 0.3802487837040121 0.8245015320344222 0.4202873245382695
0 0.1856479218750001 0.543099021875 0.1540586796875001 0.5115097796875 0.12548899765625002 0.5400794617187501 0.15707823984375002 0.5716687039062501
0 0.8090220046875001 0.7835880203125 0.7938537330890809 0.7577148650502494 0.7775675988760905 0.7672626957855047 0.7927358704745096 0.7931358510477551
0 0.4843217729229295 0.7673303723687127 0.47373272538423344 0.7444803216134186 0.45102651175119746 0.7550027129270702 0.4616155592898935 0.7778527636823644
0 0.4986944272511103 0.3470618566255309 0.4983289706297591 0.3202330749084939 0.45718955587864885 0.32079346828296296 0.4575550125 0.34762225
0 0.16113924346427924 0.6583137820331383 0.11560573294733448 0.6559150653142294 0.11247805250345885 0.7152860903553313 0.15801156302040362 0.7176848070742402
0 0.3803363203125001 0.9845660140625 0.3364303171875001 0.9845660140625 0.3364303171875001 1 0.3803363203125001 1
0 0.02728606406250002 0.15886919375 2.0050222887611533e-17 0.15886919375 2.220608030149551e-17 0.19407701718749998 0.02728606406250002 0.19407701718749998
0 0.21391193623531807 0.8119243134300028 0.17507360698812202 0.7871067731049965 0.14002148179178486 0.8419617652339934 0.1788598110389809 0.8667793055589996
0 0.5399022 0.9250794625000001 0.530360018167183 0.8957738842064176 0.5069598261923739 0.9033932147144033 0.5165020080251909 0.9326987930079855
0 0.9397848412500001 0.9334755496875001 0.9156723721875 0.8852506115625001 0.8847677259375001 0.9007029346875001 0.9088801949999998 0.9489278728125001
0 0.7297158062851474 0.001947333432431675 0.6850271950522258 -0.02783312760088643 0.6631108997045783 0.005054503029181978 0.7077995109374999 0.034834964062500084
0 0.0709535453125 0.06058068437499999 0.06698191203964353 0.02020717342026097 0.029003956123634704 0.02394315054447469 0.03297558939649118 0.06431666149921371
0 0.857424176286268 0.013179645609393331 0.8245015294983882 0.01045839761383217 0.8211921114107954 0.05049693983745942 0.8541147581986752 0.05321818783302058
0 0.8090220046875001 0.7914119796875001 0.7927358704745096 0.7818641489522449 0.7775675988760903 0.8077373042144954 0.7938537330890809 0.8172851349497506
0 0.4843217729229295 0.8076696276312874 0.4616155592898936 0.7971472363176357 0.45102651175119757 0.8199972870729301 0.47373272538423344 0.8305196783865816
0 0.4986944272511103 0.08368386524946911 0.45755501250000014 0.08312347187500005 0.45718955587864907 0.10995225359203716 0.4983289706297592 0.11051264696650623
0 0.16113924346427916 0.9166862179668616 0.15801156302040353 0.8573151929257599 0.11247805250345877 0.8597139096446688 0.11560573294733438 0.9190849346857706