0 0.32040526270102604 0.5203118342052419 0.31632733491125625 0.44979766617380684 0.2418957864827171 0.45410214126365006 0.24597371427248688 0.5246163092950851
0 0.7696111150719113 0.3077912480976733 0.7680686880458476 0.2905032118472106 0.749585702729753 0.29215225142931567 0.7511281297558166 0.3094402876797783
0 0.7081000000000002 0.49236250000000004 0.7038894956384393 0.4712523000502567 0.6750263811609291 0.47700915075205497 0.6792368855224898 0.49811935070179836
0 0.7686081094230648 0.5571009942557599 0.7659856849143073 0.5369197273840165 0.7494424241948646 0.5390694166300458 0.7520648487036221 0.5592506835017892
0 0.8701157401067169 0.48431204070360867 0.8426988126768385 0.4641165361235644 0.8284670004263509 0.4834372994211962 0.8558839278562292 0.5036328040012404
0 0.8811842270166912 0.3138958688502874 0.8767627935908218 0.2986365315390551 0.8555157079008904 0.3047929309262437 0.8599371413267599 0.320052268237476
0 0.7828773005272408 0.26906634534270657 0.7772315500878736 0.2536438075571178 0.7620645061511423 0.25919602899824257 0.7677102565905095 0.27461856678383134
0 0.8127509433962263 0.5952341981132075 0.7914207547169811 0.5891398584905663 0.7864018867924528 0.6067058962264152 0.8077320754716981 0.6128002358490565
0 0.11690517241379317 0.42260043103448275 0.11007758620689656 0.4055314655172414 0.09309482758620691 0.4123245689655174 0.09992241379310352 0.42939353448275874
0 0.09319117647058826 0.34119779411764706 0.0776617647058824 0.3373154411764706 0.07422058823529418 0.3510801470588235 0.08975000000000004 0.35496249999999996
0 0.7696111150719114 0.07783375190232675 0.7511281297558167 0.07618471232022164 0.749585702729753 0.09347274857068438 0.7680686880458477 0.09512178815278949
0 0.881184227016691 0.0717291311497128 0.8599371413267599 0.06557273176252423 0.8555157079008906 0.08083206907375635 0.8767627935908215 0.08698846846094492
0 0.7828773005272407 0.11655865465729358 0.7677102565905096 0.11100643321616885 0.7620645061511423 0.12642897100175762 0.7772315500878735 0.13198119244288237
0 0.09319117647058824 0.044427205882352945 0.08975 0.0306625 0.07422058823529412 0.03454485294117647 0.07766176470588235 0.04830955882352942