0 0.06751885019291844 0.5894730184363206 0.05911088469143534 0.5420826638070207 0.009779405734829738 0.5508350223080022 0.01818737123631283 0.598225376937302
0 0.25537931093749994 0.5982413796875 0.24194925569149373 0.5804556292182836 0.22145288495732177 0.5959324791706649 0.23488294020332806 0.6137182296398812
0 0.5004306850942166 0.34793715879315573 0.4951798490708009 0.3149112117442991 0.4485314512230496 0.3223278980089275 0.4537822872464653 0.3553538450577841
0 0.9887646077081416 0.5501245202749134 0.8927239940014507 0.5350791496265435 0.8814911066196757 0.6067831589897617 0.9775317203263665 0.6218285296381316
0 0.2765537373285068 0.7582952547558922 0.2504491325493109 0.7304107900507797 0.22920382670970274 0.7503000121757585 0.25530843148889865 0.778184476880871
0 0.19389655156250002 0.39389655156250003 0.18215822636562748 0.38245920818873463 0.1663103453125 0.3987241375 0.1780486705093725 0.4101614808737654
0 0.9198965515624998 0.7186206890624999 0.9091040165634116 0.6796495784826614 0.853102471938725 0.6951584675384843 0.8638950069378133 0.7341295781183229
0 0.5814482765625 0.41058620625 0.520813792136759 0.3955909713202337 0.5041517423416094 0.46296536082042294 0.5647862267673504 0.4779605957501893
0 0.7333793109375 0.5672758625000001 0.6952413796875 0.5672758625000001 0.6952413796875 0.6089655171875 0.7333793109375 0.6089655171875001
0 0.6478275859375 0.30844827656250007 0.5922758625 0.30844827656250007 0.5922758625 0.3556896546875001 0.6478275859375 0.3556896546875001
0 0.988795518608463 0.37992766464445904 0.9762233897190862 0.33763457965386673 0.9276618441144381 0.3520700839578159 0.9402339730038148 0.3943631689484083
0 0.06751885019291855 0.9605269815636795 0.018187371236312956 0.9517746230626981 0.010028310599061951 0.9977620592591337 0.05935978955566754 1.006514417760115
0 0.25537931093750016 0.9517586203124999 0.23488294020332803 0.9362817703601187 0.22145288495732185 0.9540675208293351 0.241949255691494 0.9695443707817164
0 0.5004306848519177 0.10551111773082086 0.4537822870041663 0.09809443146619246 0.4485314512230495 0.13112037699107248 0.49517984907080087 0.1385370632557009
0 0.9814482765625 0.9343103453125 0.8851034484375001 0.9343103453125 0.8851034484375001 1 0.9814482765625 1
0 0.2765537373285068 0.7917047452441082 0.2553084314888987 0.7718155231191293 0.22920382670970268 0.7996999878242418 0.2504491325493108 0.8195892099492206
0 0.19389655156250002 0.0595517234375 0.17804867050937248 0.04328679412623456 0.1663103453125 0.05472413749999999 0.18215822636562753 0.07098906681126543
0 0.9198965515625002 0.8313793109375002 0.8638950069378136 0.8158704218816769 0.8531024719387255 0.8548415324615156 0.9091040165634119 0.8703504215173389
0 0.5814482765625 0.042862068750000024 0.575174060122752 -0.008397093319266025 0.5065713953125 0 0.5128456117522481 0.05125916206926605
0 0.7333793109375002 0.9410344828125 0.6952413796875001 0.9410344828125 0.6952413796875001 0.9827241375 0.7333793109375002 0.9827241375
0 0.6478275859375 0.09775862031250009 0.5922758625 0.09775862031250007 0.5922758625 0.14500000000000007 0.6478275859375 0.14500000000000007
0 0.9887955186044592 0.07352061245282263 0.9402339734306115 0.05908510742411934 0.9276618442841771 0.1013781907808899 0.9762233894580248 0.11581369580959318