0 0.782262956759534 0.6636312582849503 0.648615787235728 0.6479080602987877 0.635803420780218 0.7568131642851155 0.769450590304024 0.7725363622712782
0 0.067083205288198 0.8437409084435451 0.06543535708940477 0.819023178741514 0.04476096019577448 0.8204014714930328 0.0464088083945677 0.8451192011950639
0 0.0709536996756975 0.41717840808112056 0.04844827656250004 0.4101939656250001 0.042260453410982814 0.43013250460637575 0.06476587652418028 0.4371169470624963
0 0.12871421488981866 0.229176928285114 0.10310170472853439 0.21678377697525403 0.08796825018558997 0.24805957992200897 0.11358076034687423 0.2604527312318689
0 0.3658139744276476 0.4049000733148766 0.3418053356166256 0.4006128176331919 0.3378093435510136 0.4229903797190827 0.36181798236203566 0.4272776354007675
0 0.45408035097479527 0.27242455229860824 0.429430712029751 0.2685730451008713 0.4261900769100212 0.28931310387602027 0.4508397158550654 0.2931646110737572
0 0.714388099903763 0.8189059333445068 0.7106558493687283 0.8021108008633216 0.6861325222376731 0.8075604274684256 0.6898647727727079 0.8243555599496106
0 0.6395469068746408 0.8465408434191659 0.6185291168122795 0.8227816031272202 0.5910745459293789 0.8470683395707518 0.6120923359917402 0.8708275798626974
0 0.5023665617389556 0.516167392899213 0.4823911380430165 0.5065495962303751 0.4667497381125264 0.5390355804497653 0.4867251618084655 0.5486533771186032
0 0.30066599017162016 0.1995245943787074 0.29569641548442915 0.17964629756009023 0.26675794478033854 0.1868809159385813 0.2717275194675296 0.2067592127571985
0 0.10673606176155122 0.4646607460061837 0.09364119741075509 0.4420423463976225 0.07085968482481635 0.4552316445876635 0.08395454917561247 0.47785004419622473
0 0.06708320539190384 0.9487159868758687 0.04640880849827352 0.9473376941243499 0.044760960299480276 0.972055423826381 0.06543535719311058 0.9734337165778998
0 0.7143881002346454 0.9735509620415227 0.6898647731035901 0.9681013354364187 0.6861325225685555 0.9848964679176037 0.7106558496996108 0.9903460945227078
0 0.6395469068746407 0.9459160534558345 0.6120923359917401 0.9216293170123029 0.5910745459293789 0.9453885573042486 0.6185291168122795 0.9696752937477802
0 0.30066599017250384 0.00672540562390902 0.27172751947068174 -0.0005092127603436136 0.26675794477885645 0.019369084059421664 0.29569641548067854 0.0266037024436743