0 0.5193334051613048 0.337543943239766 0.2900604194366011 0.3022711791931525 0.25694797809964476 0.5175020661155788 0.4862209638243485 0.5527748301621922
0 0.42981132031250013 0.6140035375 0.3845562316888495 0.6136232433257024 0.3840618855083581 0.6724505452432725 0.42931697413200876 0.6728308394175702
0 0.56415094375 0.527211084375 0.512075471875 0.50758844375 0.4974236351037331 0.5464721662968577 0.5494991069787332 0.5660948069218577
0 0.8592452828124998 0.6204186328125001 0.8183018874999999 0.5767582546875001 0.7818929316147492 0.6109014833479869 0.8228363269272491 0.654561861472987
0 0.9577773532214648 0.6071447349804056 0.9199742132996309 0.5706340104416732 0.8659704444531663 0.6265494176487676 0.9037735843749999 0.6630601421875001
0 0.25456342943695753 0.5753060139682272 0.1633628557712189 0.5267104987768689 0.1262858880519806 0.5962938895993604 0.2174864617177193 0.6448894047907187
0 0.5022002250000002 0.91502240625 0.2686792453125001 0.91502240625 0.2686792453125001 1 0.5022002250000002 1
0 0.5193334051613048 0.21876501926023412 0.4862209635895218 0.0035341308114349877 0.2569479778648181 0.038806894858048405 0.290060419436601 0.25403778330684756
0 0.4298113203125 0.8328714625 0.4293169741320087 0.7740441605824298 0.38406188550835807 0.7744244547567274 0.38455623168884945 0.8332517566742977
0 0.56415094375 0.9196639156250003 0.5494991069787332 0.8807801930781425 0.4974236351037331 0.9004028337031424 0.512075471875 0.9392865562500002
0 0.56415094375 0.029097878124999997 0.5502013297214237 -0.007922253206698837 0.4981258578464237 0.01170038741830115 0.512075471875 0.04872051874999998
0 0.8592452828124999 0.8264563671875003 0.8228363269272492 0.7923131385270132 0.7818929316147493 0.8359735166520134 0.8183018875 0.8701167453125003
0 0.9577773532214646 0.8397302650195945 0.9037735843749998 0.7838148578124998 0.865970444453166 0.8203255823512322 0.9199742132996308 0.8762409895583267
0 0.25456342943695764 0.8715689860317728 0.21748646171771932 0.8019855952092815 0.1262858880519806 0.85058111040064 0.16336285577121892 0.9201645012231312