0 0.43023941134443094 0.26328527511938227 0.4085885688890552 0.26265952752974703 0.4081201460298292 0.27886694038371906 0.42977098848520495 0.2794926879733543
0 0.43775618091864266 0.2922197471996532 0.4223158072318304 0.28708535823422 0.41803521421243417 0.29995815697728523 0.4334755878992464 0.30509254594271856
0 0.3957157949280217 0.26114774276594266 0.3798382008799599 0.0985963507302094 0.19655500816488214 0.11649897274603911 0.21243260221294397 0.2790503647817724
0 0.5177714184281526 0.3933949157215281 0.5022856583076959 0.38374081763335244 0.49598214218750003 0.3938520406250001 0.5114679023079567 0.40350613871317587
0 0.5265734847339469 0.5391891287017675 0.5223787508268676 0.5054890502327136 0.4950013195264703 0.5088967882731449 0.4991960534335497 0.5425968667421988
0 0.5296065961269667 0.6166040052389503 0.5205280187202906 0.6060184591705714 0.510321933530824 0.6147715961191211 0.5194005109375001 0.6253571421874999
0 0.5516198984374999 0.6211479593750001 0.5444688801108637 0.6116132656182732 0.5350566340991365 0.6186724481617276 0.5422076524257727 0.6282071419184544
0 0.5501718702817625 0.5709915233919723 0.5265069024935454 0.5486577090038038 0.5157305628387154 0.5600763465179374 0.5393955306269327 0.5824101609061059
0 0.6987010114748997 0.9039048032678988 0.6276955175283 0.7297805237267084 0.47368469364027765 0.7925840262141655 0.5446901875868775 0.9667083057553558
0 0.8638664009338448 0.363628094836223 0.8424272793133211 0.35944729950839316 0.8383330170048167 0.38044267974000945 0.8597721386253404 0.38462347506783934
0 0.4861352046875 5.728035479389187e-17 0.448992346875 5.5006010697328705e-17 0.448992346875 0.02568877500000006 0.4861352046875 0.02568877500000006
0 0.06455357187500002 0.10958858906249999 1.3420731481846527e-17 0.10958858906249999 2.3376107375023234e-17 0.272172215625 0.06455357187500003 0.272172215625
0 0.8901431460139305 0.37918969139579284 0.8830420465921762 0.35902671070629183 0.861937769117031 0.36645932073965504 0.8690388685387852 0.38662230142915605