0 0.6531604970121948 0.6362963185696402 0.650402606857276 0.5786803458877763 0.6208742584576273 0.5800937723657439 0.6236321486125461 0.6377097450476078
0 0.7925094158262241 0.7398655557383726 0.7667627374730486 0.7377161893160372 0.7651510846844481 0.7570217416564359 0.7908977630376237 0.7591711080787713
0 0.43653788014234135 0.3961265953911285 0.26648759042372444 0.29274622924989785 0.09851378171304663 0.5690462260729725 0.2685640714316636 0.6724265922142031
0 0.5158415845149091 0.4233090673990477 0.5087077103677327 0.3875690690810828 0.4657225157617721 0.3961491189675618 0.4728563899089487 0.43188911728552676
0 0.8472741441408929 0.4660756889060257 0.8272477824915487 0.464386222987336 0.8256116463842369 0.48378043096164536 0.845638008033581 0.48546989688033504
0 0.28047447834727446 0.24682916555027865 0.280150535362147 0.23083813343672938 0.2639427242023725 0.23116646788645076 0.26426666718749997 0.24715750000000006
0 0.3303776264168467 0.22177859439669056 0.31623930675564704 0.21984806300631837 0.3141586571194618 0.2350857793190662 0.3282969767806615 0.23701631070943838
0 0.6531604964338953 0.9605786811680723 0.6242201801937605 0.959193402683438 0.6222669015625002 1 0.6512072178026349 1.0013852784846342
0 0.7925094158262239 0.8570094442616275 0.7908977630376238 0.837703891921229 0.7651510846844479 0.8398532583435641 0.7667627374730481 0.8591588106839627
0 0.5126943359375 6.007509513480603e-17 0.46728 5.729426907774294e-17 0.46728 0.016437500000000056 0.5126943359375 0.01643750000000006
0 0.28047447831563466 0.16071250163658046 0.2642666671875001 0.1603841671875 0.26394272423401244 0.17637519773919025 0.280150535362147 0.1767035321882707
0 0.33037762839685925 0.18576307108243806 0.32829697541055686 0.17052535649485914 0.31415865573574286 0.17245589121406685 0.31623930872204525 0.1876936058016458