0 0.8633354593749999 0.8173979593749999 0.8298091103474169 0.8152223716427249 0.827819313472417 0.8458856372677248 0.8613456625 0.848061225
0 0.8217802054004585 0.49301835205441175 0.6064032578095557 0.4715669547204775 0.5842675515557639 0.6938145207645192 0.7996444991466667 0.7152659180984535
0 0.7014878242473909 0.7670155826549745 0.6887698859133178 0.7416523775673469 0.6610307169352622 0.7555617016958436 0.6737486552693353 0.7809249067834712
0 0.5143280582865197 0.7489665105222065 0.49902038169467317 0.7201006054030217 0.47514787657516455 0.732760266906716 0.49045555316701117 0.761626172025901
0 0.3649864721275451 0.39702598452822946 0.329289659885782 0.255411870609278 0.2235377922463268 0.2820688503330782 0.2592346044880899 0.42368296425202956
0 0.32437766589269107 0.48695785202758285 0.3054220107959601 0.4740234032795203 0.2894789145352122 0.49738828258587564 0.30843456963194316 0.5103227313339381
0 0.49026879951584224 0.6215923035152511 0.46486037520567747 0.6191042383568996 0.46224147287805345 0.645848787768636 0.4876498971882183 0.6483368529269874
0 0.5120599484374999 0.4649489796874999 0.48874362187500003 0.45969387812500007 0.48435174308795387 0.47918017706780713 0.5076680696504537 0.48443527863030705
0 0.16672035530371665 0.8471240082254047 0.16586308141431189 0.8231203682014512 0.14342450081629324 0.8239217470441096 0.144281774705698 0.8479253870680632
0 0.96823341875 0.8332142859375 0.9563516608368314 0.8070417547141068 0.9236475795868314 0.8218886937766067 0.9355293375 0.848061225
0 0.061714811719344856 0.824333734100725 0.03935886949118759 0.8226140440088671 0.03751612999686425 0.8465696263964636 0.05987207222502152 0.8482893164883215