0 0.7276583906249999 0.9830479453125 0.7256378421874998 0.9511986296874999 0.682158467322687 0.9539569992543994 0.684179015760187 0.9858063148793994
0 0.35123070409362117 0.9739739842309791 0.34616205216555346 0.9496546942995943 0.30726608633873226 0.9577614323144958 0.3123347382667999 0.9820807222458807
0 0.2953835485984048 0.5071832967138077 0.28187071875 0.49931506875 0.27497668801533715 0.5111548203072351 0.28848951786374194 0.5190230482710427
0 0.30758989687500005 0.48575342499999996 0.29200770625000005 0.48575342499999996 0.29200770625000005 0.4965753421875 0.30758989687500005 0.4965753421875
0 0.3306378421875001 0.39969178125 0.3048844171875001 0.39969178125 0.3048844171875001 0.428150684375 0.3306378421875001 0.428150684375
0 0.2976667353161254 0.33300083238502876 0.2961767429218961 0.2879874472478232 0.25909200088400797 0.2892149928636435 0.2605819932782372 0.3342283780008491
0 0.707315925 0.16393835625000008 0.6843022265625 0.16393835625000008 0.6843022265625 0.2079794515625001 0.707315925 0.2079794515625001
0 0.5762200343750001 0.7191438359375 0.49830907500000005 0.7191438359375 0.49830907500000016 0.7909589046875001 0.5762200343750001 0.7909589046875001
0 0.6800315849239866 0.7805895967060812 0.6457442849239866 0.7748750467060812 0.6422067062500001 0.7961005187500001 0.6764940062500001 0.8018150687500001
0 0.6567800548577246 0.057827681789114085 0.6309149093817362 0.04787697177228165 0.6164165326490116 0.08556298842066765 0.642281678125 0.09551369843750009
0 0.400774828125 0.4000342468750001 0.3750044759610868 0.3729616673147532 0.3485122885494115 0.3981795449710719 0.3742826407133246 0.42525212453131883
0 0.392066846261886 0.08408910174851401 0.37547390243163986 0.02442155133216478 0.33713725853527954 0.035082585250496276 0.35373020236552566 0.09475013566684551
0 0.6564975445427346 0.6748748327165102 0.6317892537932155 0.601997853480069 0.5136626039345723 0.6420476420491668 0.5383708946840914 0.714924621285608
0 0.6992574259999834 0.4409618131236666 0.6722675778453798 0.43291938472241487 0.6610626622975955 0.47052232678563416 0.6880525104521992 0.4785647551868859
0 0.5289153682957178 0.42246051978734533 0.5258045679760038 0.4050526078573678 0.49012978249278605 0.41142770525752254 0.49324058281250005 0.4288356171875001
0 0.7643589010095089 0.729222879798922 0.7518533682686797 0.7288722575351338 0.7506595059034394 0.7714533667186961 0.7631650386442687 0.7718039889824844
0 0.8463460126665172 0.9548458400065358 0.8024871578125001 0.9511986296874999 0.7998429483338378 0.9829960829692521 0.8437018031878548 0.986643293288288
0 0.16677874398725376 0.9609351645379232 0.12766796497754423 0.9491099048774132 0.12093761753445217 0.9713698077516291 0.1600483965441617 0.983195067412139
0 0.1988736434794578 0.5098986525306209 0.19100882942399866 0.49867134780817846 0.17806680578259693 0.5077373357685406 0.18593161983805606 0.5189646404909831
0 0.18132277343750006 0.48575342499999996 0.16574058281250004 0.48575342499999996 0.16574058281250004 0.4965753421875 0.18132277343750006 0.4965753421875
0 0.16844606093750006 0.39969178125 0.14269263750000005 0.39969178125 0.14269263750000005 0.428150684375 0.16844606093750006 0.428150684375
0 0.21593532475737795 0.3298224242277867 0.1996616273494062 0.2870267189941542 0.16575463854209102 0.2999203510269332 0.18202833595006274 0.34271605626056567
0 0.8438227734374999 0.16393835625000008 0.820809075 0.16393835625000008 0.820809075 0.2079794515625001 0.8438227734374999 0.2079794515625001
0 1 0.7191438359375002 0.951904965625 0.7191438359375002 0.951904965625 0.7909589046875002 1 0.7909589046875002
0 0.8859549260119761 0.7959467825410501 0.8823393958028902 0.7747993453559779 0.848015463540914 0.780667631564928 0.85163099375 0.8018150687500002
0 0.9093297616437329 0.08890929669039105 0.8980009614105631 0.04862204668401149 0.8719783185672764 0.055939630342961566 0.883307118800446 0.09622688034934113
0 0.12487070505782547 0.3964832298276654 0.09502121813113769 0.3723022726298863 0.07255565000000005 0.40003424687500005 0.10240513692668785 0.4242152040727791
0 0.13676811615232412 0.03549277346640517 0.09934922133297899 0.024001644591396632 0.08113341117857734 0.08331831326953884 0.11855230599792246 0.09480944214454738
0 1.01401987158745 0.641095033354345 0.8954440950899654 0.602760782907157 0.8719642227701344 0.6753888911891066 0.9905399992676192 0.7137231416362948
0 0.8615319490732798 0.4728699122386078 0.8574920312351745 0.4349191680082458 0.8307438800749963 0.43776655177369744 0.8347837979131014 0.47571729600405943
0 0.7767679796875002 0.7289726031250001 0.7640625000000002 0.7289726031250001 0.7640625000000002 0.7716438359375002 0.7767679796875002 0.7716438359375002