0 0.5748550718750001 0.4217255437500002 0.49859404633843224 0.39143811740264317 0.46268153330536366 0.48186260715913765 0.5389425588419315 0.5121500335064947
0 0.10034655563349708 0.7117206405913542 0.06534226316187138 0.6734099900220014 0.037106312473033934 0.6992090683837022 0.07211060494465964 0.737519718953055
0 0.5447539260634653 0.5814341840666128 0.5077843671462141 0.5704352810792208 0.4930448792698816 0.6199777096358522 0.5300144381871328 0.6309766126232441
0 0.8427360351232771 0.27346899233187294 0.796000722830961 0.25420031131722665 0.7763430538214673 0.3018790963570203 0.8230783661137833 0.32114777737166655
0 0.8018376241961939 0.43403492249456477 0.694951163936068 0.40157535008926126 0.6642738060928969 0.5025931376635064 0.7711602663530228 0.53505271006881
0 0.9337687175380378 0.74693309490653 0.9077536234375 0.6918704703125 0.8225450984912893 0.7321284095405555 0.8485601925918271 0.7871910341345856
0 0.11246376875000008 0.5580661234375 0.052898550000000065 0.5469429343749999 0.04304570231221787 0.5997054132410445 0.10261092106221788 0.6108286023035446
0 0.2809782609375001 0.36763134062499997 0.12184782656250004 0.36763134062499997 0.12184782656250004 0.44991395 0.2809782609375001 0.44991395
0 0.32156559153013464 0.7528124373647713 0.30341153939247517 0.704370518524597 0.2456960949853836 0.7259999091846049 0.26385014712304306 0.7744418280247792
0 0.10034655563349704 0.9539043594086458 0.07211060494465968 0.928105281046945 0.037106312473033934 0.9664159316162978 0.06534226316187128 0.9922150099779985
0 0.8427360356738897 0.06606905119111298 0.8230783666643958 0.01839026615131929 0.7763430538214673 0.03765894739297977 0.796000722830961 0.08533773243277346
0 0.9337687175380378 0.9186919050934701 0.8485601925918271 0.8784339658654148 0.8225450984912893 0.9334965904594444 0.9077536234375 0.9737545296875002
0 0.3215655915301347 0.9128125626352288 0.2638501471230431 0.8911831719752209 0.2456960949853837 0.9396250908153954 0.30341153939247534 0.9612544814754032