0 0.8403861316165452 0.6391600710393106 0.7846208134635904 0.5390021977187847 0.6921056532064014 0.5905122505451205 0.7478709713593562 0.6906701238656464
0 0.224163090625 0.282762875 0.15004291875000003 0.282762875 0.15004291875000003 0.3376555796875 0.224163090625 0.3376555796875
0 0.09200823838827256 0.38850324343533155 0.07700069899749575 0.3402077113174865 0.027129185429992188 0.3557049772450198 0.042136724820769 0.40400050936286486
0 0.14133676007405122 0.21294308197996253 0.08261049505039544 0.17732903985308784 0.01721582620289719 0.2851624792641789 0.07594209122655296 0.32077652139105367
0 0.29166019682221717 0.4872264384916205 0.26174711954922236 0.4852692041455774 0.2588922546352717 0.5289010742625171 0.2888053319082665 0.5308583086085602
0 0.315516894254685 0.5802825665517836 0.2902071374887021 0.527672391052381 0.22399006816348468 0.5595281661466213 0.24929982492946756 0.6121383416460239
0 0.4281714814075858 0.6254993981422077 0.4126578001507199 0.6090992211823665 0.38791979530563414 0.6325000371026589 0.4034334765625001 0.6489002140625002
0 0.9635415717008688 0.7176820107776483 0.923094405102068 0.7142151122259431 0.9187502175804777 0.7648973210652448 0.9591973841792786 0.7683642196169499
0 0.6461559801127464 0.7763674109738472 0.5968111919820436 0.771211984627907 0.5926958146163139 0.8106020196246713 0.6420406027470167 0.8157574459706114
0 0.21823661322206633 0.3813821201613351 0.20272359750160818 0.3260715138178476 0.11195479521704181 0.3515295217815125 0.12746781093749998 0.406840128125
0 0.14133676007405116 0.07455691802003754 0.08067321971114683 -0.025475061948246742 0.021946954687491083 0.010138980178627913 0.08261049505039542 0.11017096014691219
0 0.9635415717008688 0.9947106923473518 0.9591973841792788 0.9440284835080499 0.9187502174475262 0.9474953820711509 0.9230944049691162 0.9981775909104528
0 0.646155979952461 0.936025292300795 0.6420406029715384 0.8966352588468209 0.5926958148574075 0.9017906849108958 0.5968111918383301 0.9411807183648697