0 0.4793909040599532 0.7393081176125607 0.4760557591800196 0.7124450382751601 0.4537871566825665 0.7152097628500995 0.4571223015625 0.7420728421875
0 0.9645289137165005 0.7218455746438464 0.8829159152541731 0.697111659233372 0.8597108864455141 0.7736798834328191 0.9413238849078415 0.7984137988432936
0 0.7835793718952232 0.5649312060862179 0.772687655392962 0.46816246865691447 0.665176133599098 0.4802633294019554 0.6760678501013591 0.5770320668312588
0 0.66327338125 0.48610161874999996 0.5746402875000001 0.48610161874999996 0.5746402875000001 0.5587994609375 0.66327338125 0.5587994609375
0 0.3204036058338094 0.2584792578079216 0.30776022021448834 0.1628717991285181 0.19091951027102 0.17832312659036545 0.203562895890341 0.27393058526976893
0 0.46349280539608434 0.20004766172778626 0.4479532372503764 0.19486780658283137 0.44257194320971377 0.2110116915210843 0.4581115113554217 0.21619154666603918
0 0.30279418820443754 0.4839091666101026 0.25983079993993724 0.46483985404058936 0.23981376419884626 0.509938473894552 0.28277715246334656 0.5290077864640653
0 0.23390131047780044 0.7160888445863337 0.22865644280685665 0.6175602872409991 0.05590594570625 0.6267561338239018 0.06115081337719376 0.7252846911692366
0 0.8563264757343712 0.20492471641998966 0.8479172501162007 0.18189404451600488 0.8320675721943813 0.1876812624563054 0.8404767978125518 0.21071193436029018
0 0.4467379674184331 0.5841354289963264 0.43036873082927424 0.576587391795474 0.4204319915117597 0.598136946002073 0.4368012281009186 0.6056849832029254
0 0.8611911617662731 0.6802865012306427 0.84118565722503 0.6735376583434283 0.8346389622132658 0.6929439386461009 0.8546444667545087 0.6996927815333154