0 0.3340161470929333 0.49882024767554467 0.28710306406249997 0.4636768796875 0.26497289426083553 0.49321856999265934 0.3118859772912689 0.5283619379807041
0 0.7168624649563812 0.6299181580799986 0.7064652225807182 0.6053560318249827 0.6787627507652674 0.6170825945370114 0.6891599931409303 0.6416447207920274
0 0.2004456828125 0.1583565453125 0.17492838403986496 0.15386010804180753 0.16928418689090502 0.1858909485297667 0.19480148566354 0.1903873858004592
0 0.36051642097081754 0.578772016901682 0.3379108640625 0.5641504171875 0.31421848077402315 0.600779755234681 0.3368240376823407 0.6154013549488629
0 0.6838414218134563 0.5985457259330471 0.658923852013717 0.563283417158944 0.5868180550764677 0.6142358729286368 0.6117356248762069 0.6494981817027399
0 0.33920707441469555 0.679479634716259 0.23468314483503655 0.6498745904753155 0.21013702128586625 0.7365374330782932 0.31466095086552526 0.7661424773192368
0 0.7837443944521743 0.5189225596615212 0.7156766391476788 0.28750288131850993 0.5252215656489831 0.343521666895568 0.5932893209534786 0.5749413452385793
0 0.46543636167016766 0.4034817416131607 0.3624996633684333 0.32197123775359576 0.287992749791843 0.41606335252497184 0.39092944809357727 0.4975738563845368
0 0.02236768750000006 0.4636768796875 5.744931711223302e-17 0.4636768796875 6.067775731491635e-17 0.5164013093750001 0.02236768750000006 0.5164013093750001
0 1 0.6075208906250003 0.9829526468750001 0.6075208906250003 0.9829526468750001 0.6374828171875002 1 0.6374828171875002
0 0.12857020907552424 0.18726101541356432 0.1254020728361847 0.15483817348113735 0.09945823404035944 0.1573732262704005 0.10262637027969898 0.1897960682028275
0 0.0708356546875001 0.656350975 8.111605536941716e-17 0.656350975 8.719664850306504e-17 0.755654596875 0.0708356546875001 0.755654596875
0 1 0.2887465187500001 0.9360445687500001 0.2887465187500001 0.9360445687500001 0.5346239546875002 1 0.5346239546875002