0 0.8294306428257834 0.20294740066569378 0.75763420056502 0.19920889141647333 0.7541889544417648 0.2653733430395341 0.8259853967025281 0.26911185228875445
0 0.308580261183482 0.6846950315289981 0.06470307934162901 0.6763945101094457 0.05733512353211688 0.8928720309705411 0.30121230537396987 0.9011725523900935
0 0.561356784375 0.22946293906250004 0.5397940015305562 0.20926488911849087 0.5230603327805562 0.2271292109934909 0.544623115625 0.24732726093750007
0 0.611608040625 0.1669252515625 0.5992387861141053 0.12942392194538435 0.5827983927132129 0.13484654061813833 0.5951676472241076 0.17234787023525397
0 0.7364166344291296 0.2694287878745626 0.7270505943953408 0.21211548734341434 0.676188276424782 0.22042731901091103 0.6855543164585708 0.2777406195420592
0 0.611608040625 0.04687500000000007 0.573643215625 0.04687500000000007 0.573643215625 0.06642273906250007 0.611608040625 0.06642273906250007
0 0.9160394810882778 0.3194967060045539 0.8783631980282592 0.22323379738267746 0.8415837907051482 0.23762886793397736 0.8792600737651665 0.3338917765558538
0 0.37935465198782226 0.24952372291888475 0.3725216137310103 0.18945305402570342 0.337627570787277 0.1934222512189851 0.34446060904408893 0.2534929201121664
0 0.9259202322898474 0.4948524938891016 0.884614890687426 0.4569960285188476 0.8496602342346282 0.4951351947420255 0.8909655758370494 0.5329916601122795
0 0.871870005005001 0.34189951070280317 0.826650249452415 0.30888439626924236 0.8052913548798697 0.33813899701847216 0.8505111104324559 0.371154111452033
0 0.5460415911314068 0.4294870887518896 0.5358761653088301 0.37989392220841006 0.5109314083910043 0.38500700721152337 0.5210968342135811 0.4346001737550029
0 0.5004433254291979 0.7382132044387153 0.47660804062499995 0.6984579140625 0.4503487099025403 0.7142016961004226 0.4741839947067382 0.7539569864766379
0 0.044045226562500005 0.30989007500000004 0.030150753125000006 0.26391017656250004 -0.0036830315366240375 0.2741342666158967 0.010211441900875962 0.3201141650533966
0 0.09324120625000001 0.56863379375 0.07818874061701069 0.5084946070858237 0.04421915882349955 0.5169969828390767 0.05927162445648887 0.577136169503253
0 0.3509045218750001 0.5557945984375 0.2910301500000001 0.5557945984375 0.2910301500000001 0.5942870609375001 0.3509045218750001 0.5942870609375001
0 0.4524623109375 0.3302167078125001 0.4439547400193763 0.32202752325226314 0.4161657962693763 0.3508968701272631 0.4246733671875 0.35908605468750016
0 0.42413923638675916 0.41071608754163036 0.4072993033199386 0.35504525074503607 0.35669280427454 0.37035326667776525 0.3735327373413605 0.42602410347435954
0 0.4225376890625001 0.15808102968750007 0.41091161588238184 0.15614031350256835 0.4055598565073818 0.18820061506506836 0.41718592968750007 0.19014133125000005
0 0.2947398176981278 0.15837295349403294 0.2583270551824305 0.15655445505756688 0.2525170612797704 0.27289105670257013 0.2889298237954677 0.27470955513903617
0 0.7185836106991179 0.0537521740047036 0.6665161990643318 0.03114729740478648 0.6356210305527139 0.10231032496258297 0.6876884421875001 0.12491520156250009
0 0.8803549054898895 0.1748973082163859 0.8541450852944908 0.1550169262523477 0.8304233454296016 0.18629110084846193 0.8566331656250001 0.20617148281250014
0 0.611608040625 0.027327260937500077 0.573643215625 0.02732726093750007 0.573643215625 0.04687500000000007 0.611608040625 0.046875000000000076
0 0.7122864328125 8.309892357752802e-17 0.6406532656249999 7.871265713208005e-17 0.6406532656249999 0.04687500000000008 0.7122864328125 0.04687500000000009