0 0.31742567098069346 0.7039742256919389 0.3065874190952965 0.6824384786156538 0.2839453662008754 0.6938334987931729 0.29478361808627235 0.715369245869458
0 0.7671753640625002 0.9375728156250001 0.6724180828125002 0.9375728156250001 0.6724180828125002 1 0.7671753640625002 1
0 0.4341339899662878 0.304995775569436 0.4066899265625 0.24427184531249999 0.37150530579396945 0.26017346694871624 0.39894936919775725 0.32089739720565225
0 0.5053792468750001 0.2460679609375 0.5045054609375 0.21048543750000004 0.4720757800411932 0.21128180033173063 0.47294956597869325 0.2468643237692306
0 0.5863258486251365 0.56269417425116 0.5667627413124319 0.5431310683133189 0.5360831313438182 0.573810680438046 0.5556462386565229 0.593373786375887
0 0.7907300725186388 0.5519176821634859 0.6988688166457957 0.5231312150274242 0.6568227959928512 0.6573053824714183 0.7486840518656943 0.68609184960748
0 0.2150044134807835 0.7767191281003621 0.21013652968750002 0.7432524265625001 0.1652201021442165 0.749785725024638 0.17008798593750002 0.7832524265625
0 0.5254064100669023 0.48117074571521 0.4918507031499207 0.46050347961832844 0.47266902306161135 0.49164716510635376 0.5062247299785929 0.5123144312032354
0 0.5409054523687158 0.3483584064758273 0.5309699248344301 0.2683513478574691 0.4568049438950287 0.2775613878580412 0.4667404714293144 0.35756844647639935
0 0.44224959303015965 0.5905954677959151 0.3658854127418084 0.5812161822336787 0.3532944520816205 0.6837291490772707 0.4296586323699718 0.693108434639507
0 0.6662960509495696 0.8059364281076629 0.6611469123457061 0.7143359752728995 0.5724597867781742 0.7193213469363915 0.5776089253820377 0.8109217997711549
0 0.7220888049567271 0.7206407708430633 0.6720396442479133 0.7191800433193463 0.6702557288539064 0.7803026461292013 0.7203048895627202 0.7817633736529184
0 0.8259903078483732 0.4045582196296048 0.7873724631017283 0.38338394371340334 0.7535330103038185 0.44510065788265624 0.7921508550504635 0.46627493379885776
0 0.2786917090067714 0.7116915130388859 0.26465109218750016 0.70533980625 0.25894089269761544 0.7179623541200242 0.2729815095168867 0.7243140609089102
0 0.08141395424037133 0.7493495776296989 0.03673847031250007 0.7432524265625001 0.03211153013462884 0.7771552754953013 0.0767870140625001 0.7832524265625
0 0.9972759482347294 0.44265630099149134 0.9552102414123811 0.38662500361755275 0.9217615557987809 0.41173672989482163 0.9638272626211293 0.4677680272687602