0 0.6968149786516077 0.5347227361688721 0.6958448791772855 0.507406773250717 0.654542304579958 0.5088735934402551 0.6555124040542801 0.53618955635841
0 0.8211988756691551 0.5464808033231187 0.8084535695345263 0.514124034249263 0.7846503373303865 0.5235001088734919 0.7973956434650151 0.5558568779473476
0 0.46706396872881345 0.33941326701786917 0.40982322101767527 0.3341930093548756 0.40583747242577795 0.37789721790499275 0.46307822013691613 0.3831174755679863
0 0.9212359546875 0.43042485937499997 0.8841904001986112 0.4062951868251149 0.8720821120811333 0.4248846743656463 0.9091276665700221 0.4490143469155313
0 0.36013985955155026 0.4012184017219852 0.31960918046703646 0.39190883318105185 0.30278392716548624 0.4651602345840666 0.34331460625000004 0.474469803125
0 0.17018418465367194 0.5424244966602144 0.15716809542957216 0.5232477712651976 0.13288278733840028 0.5397312808549832 0.14589887656250006 0.55890800625
0 0.24008988812499998 0.616784410625 0.22504494406249997 0.5866945225 0.19438202281249994 0.6020259831250001 0.20942696687499995 0.6321158712500001
0 0.8027743067412674 0.5668262761545693 0.7701177272566674 0.5303476694723999 0.742936443318624 0.554681048407349 0.7755930228032241 0.5911596550895185
0 0.9907213581928284 0.5077695932643509 0.9895012221990441 0.47751025726829066 0.9402226564588367 0.4794972986161087 0.941442792452621 0.5097566346121688
0 0.6968149786516078 0.10590226383112804 0.6555124040542802 0.10443544364158999 0.654542304579958 0.13175140655974502 0.6958448791772855 0.13321822674928308
0 0.696814978596187 0.8193854107041597 0.6555124039988593 0.817918590514622 0.6545423045245373 0.8452345534327772 0.695844879121865 0.846701373622315
0 0.8211988756691551 0.09414419667688143 0.797395643465015 0.08476812205265245 0.7846503373303864 0.11712489112650828 0.8084535695345263 0.12650096575073727
0 0.8211988756691552 0.8076273435518815 0.7973956434650151 0.7982512689276525 0.7846503373303866 0.8306080380015082 0.8084535695345265 0.8399841126257371
0 0.46706396872881334 0.3012117329821309 0.463078220136916 0.25750752443201375 0.40583747242577795 0.26272778209500725 0.40982322101767527 0.3064319906451244
0 0.46572382031250015 0.972475421875 0.40747190937500016 0.972475421875 0.40747190937500016 1 0.46572382031250015 1
0 0.9212359546875 0.21020014062500003 0.9091276665700223 0.19161065308446884 0.8720821120811333 0.2157403256343539 0.8841904001986111 0.23432981317488513
0 0.9212359546875 0.9236832859375002 0.909127667284595 0.9050937994940307 0.8720821120811332 0.9292234725093538 0.8841903994840381 0.9478129589528231
0 0.36013985955155026 0.23940659827801475 0.34331460625 0.16615519687499997 0.30278392716548613 0.17546476541593337 0.31960918046703635 0.24871616681894815
0 0.3601398594122268 0.9528897452666429 0.34331460625000004 0.8796383421875001 0.30278392715864105 0.8889479104398967 0.3196091803208679 0.9621993135190395
0 0.17018418465367185 0.09820050333978567 0.14589887656249997 0.08171699375000001 0.13288278733840025 0.10089371914501677 0.15716809542957214 0.11737722873480241
0 0.17018418494238374 0.8116836481960246 0.1458988765625 0.795200140625 0.13288278839833417 0.8143768670349891 0.15716809677821791 0.8308603746060136
0 0.24008988812499998 0.023840589375000044 0.209426966875 0.008509128750000016 0.1943820228125 0.03859901687499999 0.22504494406249997 0.05393047750000002
0 0.24008988755425825 0.737323735489011 0.20942696566500696 0.721992275715831 0.19438202310182007 0.7520821631413117 0.22504494499107136 0.7674136229144917
0 0.8027743067412674 0.07379872384543065 0.775593022803224 0.04946534491048151 0.742936443318624 0.085943951592651 0.7701177272566674 0.11027733052760014
0 0.8027743067412674 0.7872818707204307 0.7755930228032238 0.7629484917854814 0.7429364433186239 0.7994270984676508 0.7701177272566673 0.8237604774026002
0 0.9907213581928284 0.13285540673564936 0.9414427924526209 0.13086836538783123 0.9402226564588366 0.16112770138389138 0.9895012221990441 0.1631147427317095
0 0.9907213575937753 0.8463385513393286 0.9414427912238 0.8443515127293425 0.94022265687091 0.8746108501106151 0.9895012232408853 0.8765978887206012