0 0.9898071586546813 0.4496496291646482 0.9827725293701667 0.40172620944400406 0.9333440495454186 0.40898176494674343 0.9403786788299332 0.4569051846673876
0 0.7784345371481296 0.403776895658346 0.7646393406034544 0.3861190465815413 0.7446206890625 0.4017586203125001 0.7584158856071749 0.4194164693893049
0 0.5512620802584927 0.6749469251743445 0.5412255956542461 0.6402594244578832 0.49709271265094584 0.6530288368299149 0.5071291972551923 0.6877163375463761
0 0.11847400367583953 0.40751680949013824 0.03131647111245266 0.37191913714915764 0.002954457986086756 0.44136084274569687 0.09011199054947364 0.4769585150866774
0 0.7669959099778441 0.253773458499031 0.7513772031464676 0.22433820392752918 0.7236749859256157 0.2390373399007064 0.7392936927569922 0.2684725944722082
0 0.8336896546875 0.6012758625000002 0.8226677313905798 0.5899638894546687 0.8061034484375001 0.6061034484375003 0.8171253717344203 0.6174154214828318
0 0.1453170057369372 0.30578535267937706 0.13772740530226737 0.2669605708847183 0.07950954735884747 0.2783411958239604 0.0870991477935173 0.31716597761861914
0 0.4959460837540595 0.5382160698301387 0.436303793926817 0.5202032982702776 0.41566463345949883 0.5885418538496855 0.47530692328674135 0.6065546254095466
0 0.30475862031250006 0.3910344828125 0.2666206890625001 0.3910344828125 0.2666206890625001 0.4327241375 0.30475862031250006 0.4327241375
0 0.4077241375 0.6443103453125001 0.3521724140625001 0.6443103453125001 0.3521724140625001 0.6915517234374999 0.4077241375 0.6915517234374999
0 0.0677001960071119 0.6523546249138905 0.06491463033601866 0.609492860893251 0.012786718748561488 0.612880629090423 0.015572284419654737 0.6557423931110623
0 0.9895949168838671 0.0017962677376772262 0.9401664370524372 -0.005459287573525961 0.9333440496615164 0.04101823524731629 0.9827725294929464 0.04827379055851948
0 0.7784345371481296 0.04622310434165407 0.7584158856071749 0.030583530610695277 0.7446206890625 0.048241379687499995 0.7646393406034545 0.06388095341845879
0 0.5512620802584927 0.8716047998256553 0.5071291972551926 0.8588353874536235 0.49709271306811537 0.8935228867282887 0.5412255960714154 0.9062922991003205
0 0.1148965515625 8.922373306223678e-18 0.018551723437500004 3.022954037339521e-18 0.018551723437500008 0.0656896546875 0.1148965515625 0.06568965468750002
0 0.7669959099778441 0.1962265415009692 0.7392936927569922 0.18152740552779192 0.7236749859256159 0.2109626600992937 0.7513772031464677 0.225661796072471
0 0.8336896546875001 0.9452758625000002 0.8171253717344206 0.9291363035171687 0.8061034484375001 0.9404482765625003 0.8226677313905798 0.9565878355453318
0 0.14531700573693718 0.144214647320623 0.08709914779351727 0.13283402238138095 0.07950954735884747 0.1716588041760397 0.13772740530226737 0.18303942911528176
0 0.49342860468750016 0.9498275859374999 0.4185517234375002 0.9498275859374999 0.4185517234375002 1 0.49342860468750016 1
0 0.3047586203125 0.017275862500000037 0.26662068906249997 0.017275862500000037 0.26662068906249997 0.05896551718750004 0.3047586203125 0.05896551718750005
0 0.40772413750000014 0.8550000000000001 0.3521724140625001 0.8550000000000001 0.3521724140625001 0.9022413796875 0.40772413750000014 0.9022413796875
0 0.06770019590599294 0.8941971000795377 0.015572284318535735 0.890809331882366 0.012786718748561621 0.9336710943470774 0.06491463033601882 0.9370588625442491