0 0.1314199312500001 0.6340553 0.09690380156250009 0.6340553 0.09690380156250009 0.6858064515625 0.1314199312500001 0.6858064515625
0 0.8220010997284339 0.4362048758183592 0.8113277656250002 0.3711520734375 0.7517863037040499 0.3809211516759522 0.7624596378074837 0.4459739540568114
0 0.7743043887617441 0.8888217595735399 0.7713858994427766 0.800632627675353 0.7050954716631945 0.8028264116627932 0.708013960982162 0.8910155435609802
0 0.58496831875 0.3156221203125001 0.5358899765625 0.3156221203125001 0.5358899765625 0.36354838750000007 0.58496831875 0.36354838750000007
0 0.35886813176044297 0.20057152318277463 0.35756521843470956 0.14018441139249854 0.2934936640625 0.1415668203125 0.2947965773882334 0.20195393210277607
0 0.27591030880456113 0.27235293039631425 0.25294066875 0.20350230468750005 0.1712656966880909 0.2307503462327234 0.19423533674265206 0.2996009719415375
0 0.9425120340179334 0.13439544687353008 0.9144560943687002 0.10823517691133629 0.8841280479644524 0.1407609054617831 0.9121839876136855 0.16692117542397691
0 0.434349627323694 0.7905592132739176 0.4053024232093659 0.7897798979595574 0.40459147828269854 0.8162787515280965 0.43363868239702663 0.8170580668424566
0 0.4173185484374999 0.7766359453125001 0.41002098553151967 0.7559824663588581 0.38384033900738224 0.7652329618980339 0.39113790191336245 0.7858864408516759
0 0.4546122654722395 0.7632662767945849 0.4314962031806009 0.7625727943510644 0.4306753283701861 0.7899352653530078 0.45379139066182467 0.7906287477965284
0 0.4547047364841571 0.8386796990388834 0.43370908889281967 0.8274820212726818 0.42275761258471495 0.848016041090957 0.4437532601760525 0.8592137188571588
0 1.0166888396243237 0.137640713128064 0.9892233764595041 0.11009937874544215 0.9635014323500707 0.13575046371650892 0.9909668955148904 0.16329179809913077