0 0.4181323351000549 0.7355073524349145 0.3790443843750001 0.730410628125 0.3757255808978682 0.7558632951503526 0.41481353162292295 0.7609600194602669
0 0.7436692483947804 0.48483688328853597 0.6972830942923445 0.4662653043624566 0.677113445877928 0.5166429498640599 0.723499599980364 0.5352145287901393
0 0.5277400359375 0.6665217390625 0.47853713750000004 0.6665217390625 0.47853713750000004 0.70736715 0.5277400359375 0.70736715
0 0.7404055762088161 0.14829388054917483 0.6968521453634933 0.11461195244475383 0.655493659375 0.1680917875 0.6990470902203227 0.20177371560442098
0 0.3507835140625 0.8319806765625 0.30763413299159326 0.8184789952311293 0.29791448931000386 0.8495415420945251 0.3410638703809106 0.8630432234258956
0 0.2868946250000001 0.5387681156250002 0.24860688204207843 0.5150802046394938 0.22257978117365265 0.5571488762331989 0.2608675241315744 0.5808367872187052
0 0.6160727457582936 0.12304171226629397 0.613705449010346 0.09000841175061733 0.5727931108385825 0.09294035144762051 0.5751604075865302 0.12597365196329716
0 0.042400390293648484 0.7503860926007578 0.03553967555753308 0.7268377644794205 -0.0027516993578571734 0.7379938091376439 0.004109015378258229 0.7615421372589812
0 0.9035396084097691 0.5128804221572351 0.8782381550264896 0.46484264247740104 0.8334126567364291 0.48845219027347353 0.8587141101197087 0.5364899699533077
0 0.9243825484375001 0.1680917875 0.8814546987396126 0.1151254248827414 0.8389777047282007 0.1495519160449986 0.8819055544260881 0.2025182786622572
0 0.1161458328125001 0.8445410624999999 0.09164727953657699 0.8118763288622309 0.06031588052986554 0.8353748810404618 0.08481443380578865 0.8680396146782308
0 0.1825487195492433 0.563887250749676 0.18015917572765977 0.5234297848764824 0.12800637794681133 0.5265100913916291 0.1303959217683949 0.5669675572648226
0 1 0.09166666718750012 0.96416515625 0.0916666671875001 0.96416515625 0.12516908281250014 1 0.12516908281250014