0 0.3685721026457706 0.44913372143436836 0.36330650122617786 0.39132657352057915 0.31632982654360753 0.3956056368167859 0.3215954279632003 0.45341278473057517
0 0.2389044544655373 0.7841379339310748 0.20564583445735987 0.7730517244448014 0.19305962535835297 0.8108103421477804 0.2263182453665304 0.8218965516340537
0 0.4489061147641965 0.7145872367816932 0.4348474498585042 0.6298500795936062 0.3563759121595093 0.6428692212518026 0.3704345770652016 0.7276063784398896
0 0.7310757671082094 0.8207060830694995 0.6355604410312015 0.7851171425763722 0.6124647560784223 0.8471024629784377 0.7079800821554303 0.8826914034715649
0 0.5008323850082064 0.0379874164605694 0.44282374600406643 -0.0052105047231969515 0.39883505012118 0.05386003177040146 0.4568436891253199 0.09705795295416782
0 0.7839873355816058 0.7885279434560193 0.7774277825842317 0.66865741510301 0.6673321866469822 0.6746820644163184 0.6738917396443563 0.7945525927693275
0 0.3477550281250001 0.9473563218750002 0.34522629375 0.9161494250000002 0.3306987921821837 0.9173266068500429 0.3332275265571837 0.9485335037250427
0 0.8569583408191267 0.23104856128214019 0.8258837145976136 0.18440349389973137 0.7850137362784869 0.21163079511759117 0.8160883625 0.2582758625
0 0.09864857975498978 0.8084148235160373 0.08322306418873437 0.7719203125756979 0.0498708011042448 0.7860176614679929 0.0652963166705002 0.8225121724083323
0 1 0.6715517234375001 0.9329849140625001 0.6715517234375001 0.9329849140625001 0.7902873562500001 1 0.7902873562500001
0 0.9197090515625002 0.20436781562500023 0.8753714845280001 0.18777667918821403 0.8551990704655001 0.241684726063214 0.8995366375000001 0.2582758625000002