0 0.5740923152802092 0.4307968417362886 0.4411295757533435 0.4288750038303705 0.43942182844178496 0.5470258428086474 0.5723845679686507 0.5489476807145655
0 0.37344432343749995 0.6486026203125002 0.3680394590755903 0.6070318643220364 0.29679741935388126 0.6162944709883655 0.30220228371579083 0.6578652269788294
0 0.64292030625 0.6615720531250001 0.5519159390625 0.6379475984375002 0.5333286254677233 0.7095482653643552 0.6243329926552234 0.7331727200518552
0 0.4132136934825382 0.8714065090656371 0.3627893015625 0.7939737984374999 0.27122029636872724 0.8536037838553293 0.32164468828876547 0.9310364944834666
0 0.19570667722105445 0.8232655811159271 0.11631863863452337 0.8075758086333851 0.09922697536954199 0.8940572170985577 0.1786150139560731 0.9097469895810996
0 0.38076896247141023 0.6710699806108315 0.36803240482794336 0.6461924584959479 0.3347252329815331 0.6632447481976166 0.34746179062500004 0.6881222703125001
0 0.5376582860217002 0.23074152122243524 0.5168232360800701 0.0711262977793776 0.3157927025663034 0.09736741134738322 0.3366277525079334 0.2569826347904409
0 0.5932696500000001 0.09183406093749999 0.5775521991531898 0.05923821370268345 0.5456744710281899 0.07460939339018346 0.5613919218750001 0.107205240625
0 0.7494082223933651 0.3158579226158484 0.7098541503994615 0.3035258208325149 0.6907788840866028 0.3647079672579838 0.7303329560805064 0.3770400690413173
0 0.6528075497434143 0.42397999385850393 0.6351492440312386 0.2892952883317338 0.5380347374711353 0.30202782272914935 0.555693043183311 0.43671252825591955
0 0.20440502187500004 0.35310043593750007 0.17479006134972827 0.3440919440352683 0.15947052343750007 0.39445414843750004 0.1890854839627718 0.4034626403397318
0 0.10881522704410503 0.8985031320570748 0.10540008396726966 0.8129196533946723 0.021893928236444322 0.8162519024931487 0.025309071313279703 0.9018353811555512
0 0.05597707500000002 0.3944541484375001 0.037900563762307014 0.3435608878378377 0.00943685060704933 0.35367076534725594 0.027513361844742335 0.40456402594691826