0 0.6517543875 0.1692982453125001 0.5552631578125 0.1692982453125001 0.5552631578125 0.2263157890625001 0.6517543875 0.2263157890625001
0 0.51581514790467 0.19836542665980078 0.5117715014709996 0.17949507983722499 0.4893068029489145 0.18430894462288075 0.4933504493825849 0.20317929144545657
0 0.4621549592782821 0.1936680450450063 0.460526315625 0.17982456093750004 0.443985390721718 0.18177055026749378 0.445614034375 0.19561403437500005
0 0.6016308375 0.3236842109375001 0.5675438609375 0.3236842109375001 0.5675438609375 0.3621200890625001 0.6016308375 0.3621200890625001
0 0.5887557187499999 0.3742719000000001 0.5845173788848175 0.3627678349924063 0.5681450577351294 0.36879974296306595 0.5723833976003118 0.38030380797065977
0 0.48454127161414917 0.3720592436624062 0.47695139336467013 0.35471095714251905 0.4516422204850681 0.36578372450377916 0.459232098734547 0.38313201102366634
0 0.40385163337022945 0.32677887620788876 0.35768768405591933 0.27351277768254867 0.32759818205929203 0.2995903445312701 0.3737621313736022 0.3528564430566101
0 0.4842105265625 0.40175438750000014 0.47280701875000003 0.3912280703125002 0.4653410684685654 0.3993161813626951 0.4767445762810654 0.40984249855019506
0 0.42456140312499996 0.5359649125 0.40789473750000005 0.5359649125 0.40789473750000005 0.55 0.42456140312499996 0.55
0 0.4357531311244135 0.6536390743559122 0.43199539451473673 0.5885049879958821 0.36790372536654425 0.5922025851372961 0.371661461976221 0.6573366714973261
0 0.34912280781249994 0.8921052625 0.32198272194548194 0.8543030033104717 0.2980130925274583 0.8715119695086075 0.32515317839447627 0.9093142286981358
0 0.3578947375 0.7982456125 0.34912280781250005 0.7868421046875002 0.3360236082415772 0.7969184127400725 0.34479553792907713 0.8083219205525725
0 0.2570175453125 0.9175438609375 0.23859649319852946 0.8868421037683826 0.2078947369485295 0.9052631553308826 0.2263157890625 0.9359649125
0 0.15487142412931015 0.2853136273759207 0.13029320005166306 0.2654169679030424 0.11082552361593409 0.2894652718085652 0.13540374769358118 0.3093619312814435
0 0.18337382024452645 0.22265856714186377 0.1824561390625 0.20614034999999994 0.16399460006797356 0.20716599379563613 0.16491228125 0.22368421093749996
0 0.2866059377324336 0.8891700410828406 0.26673414282988167 0.871390013966716 0.24998650476335058 0.8901079622907917 0.26985829966590247 0.9078879894069161
0 0.09359411961504749 0.2863300148831948 0.06522048623892891 0.26569464285781147 0.04788525554296026 0.28953058241115787 0.07625888891907884 0.3101659544365412
0 0.041268557744526466 0.20716599379563622 0.022807018750000022 0.20614035 0.021889337567973573 0.22265856714186377 0.040350876562500027 0.2236842109375