0 0.8711363907731862 0.45626189020914304 0.8277540786597788 0.42732658997831174 0.7852675425740927 0.4910260903941688 0.8286498546874999 0.519961390625
0 0.80919560705744 0.07255739533371872 0.7543176104655803 0.010376246721326598 0.7070186137396686 0.05211999444948727 0.7618966103315282 0.1143011430618794
0 0.34146931383216095 0.30006772614767235 0.27967239095803376 0.28370646517251263 0.24566382402746062 0.41215773740996386 0.30746074690158787 0.42851899838512353
0 0.5243255312499999 0.229845559375 0.4438285138980409 0.2255730261249902 0.44017863931175416 0.29433879123732076 0.5206756566637132 0.2986113244873306
0 0.2540770097902649 0.6207147600761966 0.2252135625000001 0.5794980687500002 0.19115905668213712 0.603345942076144 0.22002250397240192 0.6445626334023404
0 0.4238986106073791 0.3828923889035416 0.42003981718750005 0.3481081078125 0.38840779298160844 0.35161720568759125 0.3922665864014875 0.38640148677863284
0 0.7352135624999999 0.27104247031250006 0.7033283615788909 0.24919136566675376 0.6893062265624998 0.26965250937500007 0.7211914274836089 0.2915036140207464
0 0.4705729738079622 0.908838484628348 0.46730010793824117 0.8416512330359698 0.39369289553941955 0.8452368319035493 0.3969657614091406 0.9124240834959275
0 0.8143373497308938 0.6620766682650231 0.7716259178692813 0.6532485184743082 0.7585223820855356 0.7166446761111314 0.8012338139471481 0.7254728259018464
0 0.9613802325800958 0.48831432507637873 0.917103555688348 0.427937041367502 0.873948468420752 0.45958410691612334 0.9182251453125 0.519961390625
0 1 0.028062165625000125 0.9601556468749999 0.028062165625000125 0.9601556468749999 0.11270270312500012 1 0.11270270312500012
0 0.0612801316666741 0.6169424451824724 0.03131394843750006 0.5794980687499999 -0.005804917967388246 0.6092037510960278 0.024161265261785792 0.6466481275285003
0 0.9930433329012501 0.7126067667482363 0.9678148697066774 0.6506168246731006 0.9263497117107186 0.6674921785989077 0.9515781749052914 0.7294821206740435