0 0.47500521688122 0.22007313038021561 0.36579177450079314 0.07437358727625085 0.28940185232231874 0.13163393405943227 0.3986152947027457 0.277333477163397
0 0.6182471254953428 0.30744900499594446 0.6042700836793803 0.21818654474489113 0.5280180809544184 0.2301263616358904 0.5419951227703809 0.31938882188694373
0 0.5459863466153227 0.44705117186381826 0.47208994282967104 0.4447795552193595 0.4693589874699139 0.533618391859103 0.5432553912555657 0.5358900085035618
0 0.4862881118676273 0.7955132821398643 0.44652582900594207 0.738485794880711 0.38942440932974137 0.7782996269482366 0.42918669219142663 0.83532711420739
0 0.654137710730427 0.6400314665194287 0.6351562552236724 0.6382993175407826 0.633160800812347 0.6601661601687958 0.6521422563191018 0.6618983091474419
0 0.4010877443932987 0.8267820889030695 0.3933565347232015 0.8194354150092874 0.3805724668924028 0.8328886198562181 0.3883036765625001 0.8402352937500002
0 0.6344399072761309 0.27532313088611216 0.6323272062499999 0.26258823593749997 0.6231284917784113 0.2641142896333986 0.6252411928045423 0.2768491845820108
0 1 0.10233421093750013 0.8982095593749999 0.1023342109375001 0.8982095593749999 0.2502823531250001 1 0.2502823531250001
0 0.3567948211998518 0.12363754561040863 0.27713351389418023 0.07140501467162348 0.17710407088346963 0.22396274174462666 0.25676537818914114 0.27619527268341176
0 0.8197933929783213 0.22803373227106646 0.7443678876545006 0.2226141808483703 0.7378494162147463 0.3133336821383431 0.8132749215385671 0.3187532335610393
0 0.11861692344946864 0.22803373286113357 0.04319141754086163 0.2226141786904623 0.036672942863908556 0.3133336797376731 0.11209844877251555 0.3187532339083444
0 0.8841871447426695 0.4477408698346833 0.8089538858559928 0.4454281575192156 0.8062420344291162 0.533645537214866 0.8814752933157928 0.5359582495303337
0 0.1830106744301697 0.44774086983468325 0.10777741554349311 0.4454281575192155 0.10506556411661631 0.5336455372148657 0.18029882300329292 0.5359582495303334
0 0.9606303220298136 0.7941157893606622 0.9143893688910409 0.741053108645168 0.8620108243390667 0.7866978780282144 0.9082517774778391 0.8397605587437086
0 0.25945385015481365 0.7941157893606622 0.2132128976904582 0.7410531094190792 0.1608343540265668 0.7866978780282146 0.20707530649092223 0.8397605579697978
0 0.720134819178432 0.6599040680467809 0.717833032553217 0.6381090327310822 0.6988408249430939 0.6401148110575253 0.701142611568309 0.6619098463732239
0 0.018958348865932083 0.6599040680467808 0.016656562240716932 0.6381090327310821 -0.0016034806168409687 0.6400374867031254 0.0006983060083741832 0.661832522018824
0 0.9723690287077413 0.8322925304239023 0.9590800239101229 0.8196644956418911 0.9515323186398815 0.827607258967989 0.9648213234374999 0.8402352937500002
0 0.27119255839524137 0.8322925304239022 0.2579035535976231 0.8196644956418911 0.2503558483273817 0.8276072589679891 0.263644853125 0.8402352937500002
0 0.7306347272750325 0.26573605226161 0.7207977937499999 0.2625882359375 0.7171762470821392 0.2739055779173002 0.7270131806071718 0.2770533942414102
0 0.02945825554517033 0.2657360518080543 0.01962132343750004 0.26258823593749997 0.015999776624501593 0.2739055783708558 0.025836708732171886 0.27705339424141007