0 0.22631578906250005 0.4438596500000001 0.22483269907130216 0.3474587133941716 0.1678151553213021 0.3483359055816716 0.16929824531249998 0.4447368421875001
0 0.20317929144545652 0.5066495506174153 0.19836542665980075 0.48418485209533013 0.17949507983722496 0.48822849852900047 0.18430894462288078 0.5106931970510856
0 0.19561403437500005 0.5543859656250001 0.19366804504500626 0.5378450407217179 0.17982456093750002 0.539473684375 0.18177055026749378 0.5560146092782821
0 0.3621200890625001 0.3983691625 0.3236842109375001 0.3983691625 0.3236842109375001 0.4324561390625 0.3621200890625001 0.4324561390625
0 0.3819797718883132 0.4251184495505922 0.3742719000000001 0.41124428125 0.36250894353532515 0.4177792575810605 0.3702168154236382 0.4316534258816526
0 0.37977714365070303 0.5426979602572588 0.37527264050972425 0.5156709333877374 0.35464675162299136 0.5191085805149744 0.35915125476397014 0.5461356073844958
0 0.347438466094261 0.6163576224792096 0.3180017491929353 0.5933826247018832 0.2758082809717256 0.6474430076951986 0.3052449978730513 0.670418005472525
0 0.40964912287946387 0.5236842128348208 0.40175438750000014 0.5157894734375 0.39078947232142935 0.5267543830357143 0.3986842077008931 0.534649122433035
0 0.55 0.575438596875 0.5359649125 0.575438596875 0.5359649125 0.5921052625 0.55 0.5921052625
0 0.6573366714973261 0.6283385380237789 0.6536390743559122 0.5642468688755864 0.5885049879958821 0.5680046054852632 0.5922025851372961 0.6320962746334557
0 0.8993110899527302 0.6881073039021184 0.8921052624999998 0.6508771921874998 0.8545478546402279 0.6581463672757678 0.8617536820929581 0.6953764789903862
0 0.8085861720131919 0.6541692470637972 0.7977502561773355 0.6415273468637543 0.7868421046875 0.6508771921875001 0.7976780205233565 0.6635190923875429
0 0.9359649125000002 0.7736842109375 0.9175438609375002 0.7429824546874999 0.8868421037683826 0.7614035068014706 0.9052631553308826 0.7921052630514707
0 0.30881460330752375 0.8634281666134722 0.2836747284069805 0.8451446191957862 0.2649739219884954 0.8708582251585556 0.2901137968890387 0.8891417725762416
0 0.22368421093750004 0.8350877187500002 0.2218706868844292 0.8160457323444404 0.20551941671944046 0.8176029974905707 0.20733294077251135 0.8366449838961305
0 0.9074200211030711 0.7293292057916958 0.8877708993207181 0.713364293249784 0.8710010326939879 0.7340041276840401 0.8906501544763408 0.7499690402259519
0 0.3088146033075237 0.9313086755740276 0.2901137968890386 0.9055950696112582 0.2649739219884954 0.9238786170289444 0.2836747284069805 0.9495922229917138
0 0.22368421093750007 0.9596491234374998 0.20733294077251144 0.9580918582913694 0.20551941671944057 0.9771338446969292 0.2218706868844292 0.9786911098430597