0 0.49434355008697717 0.7192426364000395 0.4812060185187022 0.7073297892524836 0.4689116796875 0.7208880312500001 0.48204921125577493 0.7328008783975559
0 0.2845808063589823 0.2133657274893014 0.2725283197917291 0.20476828687622786 0.2643626368640429 0.21621550567396303 0.27641512343129604 0.22481294628703657
0 0.4068023852669317 0.07630842747807129 0.38409622095218554 0.0701508251139509 0.38067266730147326 0.08277518231284683 0.40337883161621946 0.08893278467696723
0 0.5004174703125 0.38849420781249994 0.4806736724526258 0.38396516477085374 0.4771363396170883 0.3993857257648081 0.4968801374769624 0.4039147688064542
0 0.5965564671874999 0.4282625484375001 0.5917621823136688 0.4151061422464764 0.579127435465059 0.4197103308692253 0.58392172033889 0.43286673706024903
0 0.5569817717382072 0.4657700020954493 0.5373763604627704 0.4631518864303229 0.5351450132100423 0.47986103384147744 0.5547504244854791 0.4824791495066038
0 0.4478502761001983 0.5327870819777372 0.4313567220354041 0.5317114152731051 0.43002072369302835 0.5521967206149523 0.4465142777578226 0.5532723873195845
0 0.5215001834762596 0.9476542362272026 0.5158820147650527 0.9336741382419387 0.49619772575962057 0.941584644785544 0.5018158944708275 0.9555647427708079
0 0.29886282520316754 0.9268876685021572 0.28214288179882324 0.922094618330233 0.2773425360976846 0.9388400112565289 0.2940624795020289 0.9436330614284533
0 0.6610058035858731 0.18371556780718787 0.6598044093822484 0.1726741846371032 0.6446310584044449 0.17432517126020022 0.6458324526080697 0.18536655443028488
0 0.7047268372627054 0.36448090002466293 0.6927639897587607 0.3561347261954454 0.685885391182496 0.3659940494605133 0.6978482386864406 0.3743402232897308
0 0.5493747470649468 0.5418095086904415 0.5493024949601788 0.5293824361349089 0.5277105596047817 0.5295079735668721 0.5277828117095498 0.5419350461224047
0 0.48632480625 0.3603088796875001 0.4672514484375 0.3603088796875001 0.4672514484375 0.3702702703125001 0.48632480625 0.3702702703125001
0 0.22937500000000002 0.23930501875000004 0.21725003151697408 0.2384188090084785 0.21636833534954752 0.2504820235510056 0.22849330383257346 0.2513682332925271
0 0.3437765437500001 0.7772200765624999 0.3304946906250001 0.7772200765624999 0.3304946906250001 0.789652509375 0.3437765437500001 0.789652509375
0 0.42862581692927354 0.6758613756856293 0.4274628935773833 0.6622234468479993 0.4146985625856098 0.66331187741237 0.41586148593749994 0.6769498062499999
0 0.5716916015625 0.2832432437500001 0.560108590625 0.2832432437500001 0.560108590625 0.2956756750000001 0.5716916015625 0.2956756750000001
0 0.65790781875 0.06274131250000009 0.6471356171875 0.06274131250000009 0.6471356171875 0.07602316562500008 0.65790781875 0.07602316562500008
0 0.05438736278648696 0.21621550700677675 0.04622168140497819 0.20476828728821594 0.03416919338323775 0.21336572661930595 0.042334874764746525 0.22481294633786675
0 0.041951893251507985 0.9355610950037259 0.03410288598953257 0.9210586230580642 0.018473871775330865 0.9295173359260787 0.02632287903730628 0.9440198078717403
0 0.9918543988172018 0.36629905359308274 0.9850892859375001 0.35617760625 0.9730473115783684 0.3642263875233301 0.9798124244580702 0.3743478348664128
0 0.10317405607811989 0.24965383028323185 0.1007323797565102 0.23709663911647133 0.08937500000000001 0.23930501875000001 0.09181667632160971 0.25186220991676056