0 0.13672676875000006 0.41164398437500005 0.03789181718750005 0.41164398437500005 0.03789181718750006 0.5495219312499999 0.13672676875000006 0.5495219312499999
0 0.6323976346832837 0.540294716916385 0.4822974899369116 0.453137187692848 0.4128092619339528 0.5728077792565698 0.562909406680325 0.6599653084801067
0 0.8234886440091904 0.481146544087846 0.6914030563576412 0.47897705982605654 0.6891936997868694 0.6134902093897769 0.8212792874384185 0.6156596936515665
0 0.9686713676298255 0.41953909705596776 0.8811545913803022 0.4157271148083481 0.8785702976328575 0.47505820371868585 0.966087073882381 0.47887018596630543
0 0.8967406382812502 0.39089502421874983 0.8869278781250003 0.3810822640625 0.8793134539062504 0.3886966882812501 0.8891262140625003 0.3985094484374999
0 0.13672676875000012 0.89110306875 0.03789181718750011 0.89110306875 0.037891817187500114 1 0.13672676875000014 1
0 0.13672676875 0.011768810937500014 0.037891817187499996 0.01176881093750001 0.03789181718750001 0.1496467578125 0.13672676875 0.1496467578125
0 0.6323976346832836 0.9003302830836153 0.5629094066803249 0.7806596915198936 0.4128092619339527 0.8678172207434303 0.48229748993691146 0.9874878123071522
0 0.601880209375 6.380301423180879e-17 0.43742025 5.373274608998392e-17 0.43742025 0.07488947656250006 0.601880209375 0.07488947656250007
0 0.8234886440091902 0.9594784559121543 0.8212792874384183 0.8249653063484335 0.6891936997868693 0.8271347906102229 0.6914030563576412 0.9616479401739436
0 0.822829403125 9.271665841629685e-17 0.690748959375 8.462906378287689e-17 0.690748959375 0.08153302656250008 0.822829403125 0.0815330265625001
0 0.9673509015624999 0.9625316406250001 0.880284846875 0.9625316406250001 0.880284846875 1 0.9673509015624999 1
0 0.9686713676298254 0.14175164513153246 0.966087073882381 0.08242055622119478 0.8785702976328575 0.08623253846881425 0.8811545913803019 0.14556362737915193
0 0.8967406382812498 0.17039571796875017 0.88912621328125 0.1627812929687502 0.8793134539062499 0.17259405234375005 0.88692787890625 0.18020847734375