0 0.5743417093750001 0.32295532656250003 0.5726234968750001 0.275292096875 0.5091980898577296 0.2775785203479616 0.5109163023577297 0.32524175003546163
0 0.7918961714186984 0.6640307844296168 0.7906647343750002 0.6090721656250001 0.7489744098027078 0.6100063050040234 0.750205846846406 0.6649649238086401
0 0.5583842914426697 0.4841733236535166 0.54623174375 0.430171821875 0.4921830534899739 0.44233498890700657 0.5043356011826436 0.4963364906855233
0 0.5279967646160866 0.6018627266493524 0.516564887834322 0.5634600872078913 0.46827191772379156 0.5778361637421771 0.4797037945055562 0.6162388031836381
0 0.76399390978879 0.12709474250833677 0.7160828401040484 0.09052464780124972 0.6794850311187511 0.13847202640794593 0.7273961008034926 0.17504212111503298
0 0.6911339558953589 0.10370422109231855 0.6653039093750001 0.043573882812499985 0.606213109892828 0.0689573771219271 0.6320431564131868 0.12908771540174566
0 0.5622848337881632 0.08809256795175187 0.5517987546875001 0.062199312500000034 0.5241599498641001 0.07339229262434174 0.5346460289647632 0.09928554807609358
0 0.6151720372705267 0.20729900323051242 0.6131227761543647 0.15390437221806047 0.555282138883838 0.15612426898754805 0.5573314 0.2095189
0 0.648578768059058 0.8576790464192285 0.5796109109778135 0.782227773458227 0.5026840419998218 0.8525444307812122 0.5716518990810663 0.9279957037422136
0 0.38540700203040873 0.7518900360941709 0.35987435671790874 0.7263573892191709 0.3241355234375 0.7620962203125001 0.34966816875 0.7876288671875
0 0.8355011928032001 0.6126627431856975 0.7933451453125 0.6090721656250001 0.7887516852053242 0.6630027991098058 0.8309077326960242 0.6665933766705032
0 0.9041953045242088 0.13711380213786373 0.8658954812134549 0.09052520909134176 0.8194701807353679 0.12869079189148874 0.8577700040461218 0.1752793849380107
0 0.9786583898213712 0.07441242249480577 0.9187059703125 0.043573882812500075 0.8901158647053986 0.09915517890556198 0.9500682842142698 0.12999371858786768
0 1 0.15426116875000012 0.9695650765625 0.15426116875000012 0.9695650765625 0.20849499218750006 1 0.20849499218750006
0 1 0.7876288656250001 0.9449946312499999 0.7876288656250001 0.9449946312499999 0.8962118374999999 1 0.8962118374999999
0 0.09148947656250002 0.7620962203125001 0.05575064578040893 0.7263573873433297 0.030217998905408903 0.7518900326558297 0.06595682968749998 0.7876288656250001