0 0.9643238274578051 0.45691544554559566 0.9526675969085069 0.4080344727853219 0.9021352650686806 0.4200844889134248 0.913791495617979 0.46896546167369857
0 0.77746376875 0.6230329109375001 0.73871980625 0.6230329109375001 0.73871980625 0.6722599640625002 0.77746376875 0.6722599640625002
0 0.720528915292758 0.7549013130166987 0.7030591699786257 0.722177005547174 0.6721456935179297 0.738680045712217 0.6896154388320621 0.7714043531817417
0 0.4532923724191803 0.5164418073092816 0.43823642784336697 0.44561943844511687 0.38479639169649543 0.4569801177793528 0.39985233627230865 0.5278024866435176
0 0.3357344338242818 0.43396048795442577 0.3245789750116635 0.3916005898422702 0.2754738881485292 0.40453239087119064 0.2866293469611475 0.4468922889833462
0 0.11317022526586742 0.2782640746757382 0.08451591626420554 0.21864551742989566 0.037651583069498416 0.24116979756268306 0.0663058920711603 0.3007883548085256
0 0.983355985324166 0.4036566623233169 0.971632492516545 0.3714592877851502 0.9502769493340045 0.37923512542702303 0.9620004421416256 0.4114324999651897
0 0.7774637687500002 0.9121150359374999 0.7387198062500002 0.9121150359374999 0.7387198062500002 0.9613420890625 0.7774637687500002 0.9613420890625
0 0.7205289152927583 0.829473686983302 0.6896154388320626 0.8129706468182587 0.67214569351793 0.845694954287783 0.7030591699786257 0.8621979944528263
0 0.3310638671875 3.744421423107438e-17 0.2804465578125 3.434479793569712e-17 0.2804465578125 0.025351751562500035 0.3310638671875 0.025351751562500042
0 0.11317022526586744 0.14185971751176185 0.0663058920711603 0.11933543737897442 0.03765158306949841 0.17895399462481693 0.08451591626420554 0.20147827475760435
0 0.983355985324166 0.016467129864183062 0.9620004421416255 0.008691292222310177 0.9502769493340043 0.040888666760476956 0.9716324925165448 0.04866450440234984