0 0.5760811811476949 0.688090031821276 0.5594186569418782 0.6872569047000788 0.5578253715599417 0.7191225774981771 0.5744878957657584 0.7199557046193743
0 0.37115739292803707 0.15660650815801613 0.32379421250000007 0.15341137500000002 0.320960335744237 0.19541945712242537 0.36832351617227405 0.19861459028044148
0 0.5533180350967772 0.30998553322288896 0.4961029309911084 0.28568471902374026 0.4512052217477082 0.39139422683756464 0.508420325853377 0.41569504103671334
0 0.8027023989476323 0.6640998409389286 0.7267830501786867 0.6561504944719638 0.7232746713060474 0.6896568764559927 0.799194020074993 0.6976062229229574
0 0.2344051453125001 0.47993870625 0.1939433770963888 0.478390987743194 0.1919652487297249 0.530104895098894 0.23242701694583617 0.5316526136057
0 0.19679569926322324 0.6395554365762519 0.1616640975042975 0.6141410828899427 0.13544564692644764 0.6503842301997755 0.17057724868537338 0.6757985838860847
0 0.4340836015624999 0.7802602484375001 0.4225766862145107 0.7452223383647177 0.36572079490305565 0.7638945687288115 0.37722771025104485 0.7989324788015938
0 0.727084223867938 0.48867128324064746 0.7141248322870031 0.4291397539932369 0.620416814669065 0.4495390098150895 0.63337620625 0.5090705390625001
0 0.9299987132812276 0.4728865127726807 0.9067202578124999 0.4464660375 0.86967845625 0.4791026921875 0.8929569117187277 0.5055231674601807
0 0.33356913125000004 0.32125703437500003 0.3118981923413878 0.2873597020647303 0.2801618579663878 0.3076490911272303 0.30183279687500003 0.3415464234375
0 0.144887459375 0.36357214687499995 0.1369453375 0.3062731109375 0.09797716872568293 0.31167442250561744 0.10591929060068295 0.36897345844311735
0 0.37115739292803707 0.09651849184198392 0.3683235161722741 0.054510409719558575 0.3209603357442371 0.057705542877574637 0.32379421250000007 0.09971362499999999
0 0.4340836015625002 0.964826165625 0.3772277107142335 0.9461539354130236 0.3657207953662443 0.9811918454858063 0.422576686214511 0.9998640756977826