0 0.5316371439122787 0.10287360511624047 0.5300930242598787 0.05475451941534076 0.4623898383760687 0.05692708396702617 0.46393395802846876 0.10504616966792588
0 0.8692876359527272 0.7693914751350243 0.8656542896128819 0.7322031006002665 0.8381128720168107 0.7348939283137315 0.841746218356656 0.7720823028484892
0 0.7847822624069309 0.844793963193786 0.7196342479493825 0.8436316431265206 0.7182374841377853 0.9219202243482189 0.7833854985953337 0.9230825444154842
0 0.3812377452813377 0.812800659568507 0.3399650175128565 0.8028920869689508 0.32754508800257137 0.8546255091578017 0.36881781577105255 0.8645340817573579
0 0.6403019186822264 0.22894577950846373 0.6380529353501255 0.1849835401928631 0.5923612770907283 0.1873209956874236 0.5946102604228292 0.23128323500302422
0 0.23973918245717668 0.14399252802614773 0.20506570907191174 0.13107495897954352 0.19469584105362267 0.1589098667275595 0.2293693144388876 0.17182743577416373
0 0.21338063085174813 0.07104449600979898 0.1866332873619993 0.06545549859921344 0.17934636660032025 0.10032861774327703 0.20609371009006905 0.10591761515386258
0 0.6824361339712469 0.6008987612656618 0.5943401583233922 0.4175138449201641 0.4008109772547791 0.5104830070646077 0.4889069529026339 0.6938679234101054
0 0.9091667513447825 0.7351753484420319 0.8814380534199747 0.7318400564280154 0.8769609882267619 0.7690611416615003 0.9046896861515699 0.7723964336755168
0 1 0.8441176515625 0.9629074640624999 0.8441176515625 0.9629074640624999 0.922862190625 1 0.922862190625
0 0.0607798792324876 0.15904377721633073 0.051028103217509016 0.13128871985292195 0.015894365131635956 0.14363300507259685 0.025646141146614548 0.17138806243600566
0 0.07845516782386357 0.09759717352840923 0.06753644118181826 0.06484098921306827 0.039762589045454697 0.07409893868465904 0.05068131568750003 0.106855123