0 0.3470657296354136 0.48734986023139387 0.34322865158150173 0.46049030924744605 0.3023494382250719 0.4663301958682194 0.30618651627898374 0.4931897468521672
0 0.214887640625 0.47668188125000005 0.20298837592470584 0.4444083376452418 0.17885661657923269 0.45330572417497034 0.19075588127952686 0.4855792677797286
0 0.5949747809506374 0.6253158183601666 0.5375795937518426 0.6157685654644344 0.5305634819618514 0.6579473004358543 0.5879586691606464 0.6674945533315864
0 0.1275561796875 0.5756706453125 0.0915880096784841 0.5509308823460781 0.07876404531250007 0.569575140625 0.11473221532151597 0.5943149035914219
0 0.6953089890624999 0.5431425562500001 0.6566853937499999 0.525530196875 0.6271106714350583 0.5903870443791049 0.6657342667475583 0.607999403754105
0 0.8638764046875 0.46246839843750004 0.8541011234375 0.44109199375 0.8278239508643435 0.4531083620828654 0.8375992321143434 0.47448476677036544
0 0.8028361964292214 0.38316725188153544 0.7782800372860257 0.3653781324525057 0.7559384209853808 0.39621857329521315 0.7804945801285765 0.4140076927242429
0 0.25684600353275744 0.44435372423791986 0.22297597715981077 0.40906058984141885 0.1965702474945215 0.4344015740145025 0.23044027386746818 0.4696947084110036
0 0.05938202187500001 0.5106987359375 0.049538405997728276 0.48208762074514155 0.00707456724908555 0.4966972476158791 0.01691818312635729 0.5253083628082376
0 0.3470657296354139 0.8720251397686061 0.30618651627898397 0.8661852531478328 0.30234943822507204 0.8930448041317807 0.34322865158150195 0.898884690752554
0 0.34706573048611505 0.15854199499602523 0.3061865175967715 0.15270210610497312 0.3023494380644874 0.17956165668887597 0.3432286509538309 0.18540154557992808
0 0.21488764062500013 0.8826931187500001 0.190755881279527 0.8737957322202716 0.17885661657923277 0.9060692758250299 0.2029883759247059 0.9149666623547585
0 0.214887640625 0.16920997187500003 0.19075588127952683 0.16031258534527149 0.17885661657923266 0.19258612895002974 0.2029883759247058 0.20148351547975824
0 0.5949747809506374 0.7340591816398337 0.5879586691606463 0.6918804466684136 0.5305634819618514 0.7014276995641457 0.5375795937518425 0.7436064345355659
0 0.592528090625 6.89968621451886e-17 0.5342761796875 6.542996133149731e-17 0.5342761796875 0.027524578125000067 0.592528090625 0.02752457812500007
0 0.12755617968750005 0.7837043546875 0.11473221532151597 0.7650600964085781 0.07876404531249999 0.789799859375 0.09158800967848406 0.8084441176539219
0 0.1275561796875 0.0702212078125 0.11473221605108186 0.05157695059426535 0.07876404531249999 0.07631671406250001 0.09158800894891811 0.09496097128073468
0 0.6953089890624999 0.8162324437500003 0.6657342667475584 0.7513755962458951 0.6271106714350585 0.7689879556208951 0.65668539375 0.8338448031250001
0 0.6953089890624999 0.10274929843750003 0.6657342661577093 0.037892449639866224 0.6271106708452093 0.055504809014866166 0.65668539375 0.12036165781249997
0 0.8638764046875 0.8969066015625 0.8375992321143434 0.8848902332296348 0.8278239508643435 0.9062666379171347 0.8541011234375 0.9182830062500003
0 0.8638764046875 0.1834234546875001 0.8375992327052874 0.1714070866248693 0.8278239514552874 0.19278349131236933 0.8541011234375 0.2047998593750001
0 0.8028361964292212 0.9762077481184649 0.7804945801285765 0.9453673072757572 0.7559384209853807 0.963156426704787 0.7782800372860256 0.9939968675474946
0 0.8028361964292214 0.2627246028059645 0.7804945793862361 0.23188416093852773 0.7559384202430401 0.2496732803675576 0.7782800372860257 0.2805137222349944
0 0.2568460035327575 0.9150212757620805 0.23044027386746824 0.8896802915889965 0.19657024749452146 0.9249734259854975 0.2229759771598107 0.9503144101585814
0 0.2568460035327575 0.2015381288870802 0.2304402738674683 0.1761971447139965 0.19657024749452157 0.2114902791104975 0.22297597715981077 0.23683126328358123
0 0.05938202187500008 0.8486762640625003 0.01691818312635731 0.8340666371917627 0.0070745672490855945 0.8626777523841211 0.049538405997728366 0.8772873792548586
0 0.05938202187500001 0.13519311875 0.016918184174145694 0.12058349018757972 0.007074566643496372 0.149194606166666 0.049538404344350695 0.16380423472908628