0 0.9385784222041866 0.6121811699576837 0.9156954198362499 0.5728510077826684 0.8802406107670129 0.5934792593590499 0.9031236131349498 0.6328094215340652
0 0.7104038731689452 0.41278972740346254 0.6928179425212988 0.34557849194085327 0.6245339073177758 0.3634451224106747 0.6421198379654222 0.430656357873284
0 0.648023715625 0.413688240625 0.560553359375 0.413688240625 0.560553359375 0.5425815218750001 0.648023715625 0.5425815218750001
0 0.5395256921874999 0.5573246059895833 0.5055487994067431 0.5505292256425667 0.5020370927792162 0.5680877541527983 0.5360139855599729 0.574883134499815
0 0.9524901187499999 0.4428186765625002 0.9137944656249999 0.4428186765625002 0.9137944656249999 0.4934906125000002 0.9524901187499999 0.4934906125000002
0 0.9385784222041871 0.01906883004231643 0.9031236131349498 -0.0015594215340651197 0.8802406107670129 0.0377707406409503 0.91569541983625 0.058398992217331844
0 0.9385784222041869 0.7542466956673166 0.9031236131349498 0.733618444090935 0.8802406107670129 0.7729486062659504 0.9156954198362499 0.793576857842332
0 0.7104038731689452 0.2184602725965375 0.6421198379654223 0.20059364212671604 0.6245339073177758 0.2678048775893253 0.6928179425212988 0.28567150805914676
0 0.7067193671875002 0.94815464375 0.6307509875000001 0.94815464375 0.6307509875000001 1 0.7067193671875002 1
0 0.648023715625 0.08866847812500009 0.560553359375 0.08866847812500007 0.560553359375 0.2175617593750001 0.648023715625 0.2175617593750001
0 0.6480237156250002 0.82384634375 0.5605533593750002 0.82384634375 0.5605533593750002 0.9527396250000001 0.6480237156250002 0.9527396250000001
0 0.5395256921874999 0.07392539401041667 0.5360139855599728 0.05636686550018497 0.502037092779216 0.06316224584720168 0.5055487994067431 0.08072077435743338
0 0.5395256921874999 0.8091032596354166 0.5360139855599728 0.791544731125185 0.5020370927792159 0.7983401114722016 0.505548799406743 0.8158986399824333
0 0.9524901187499999 0.13775938750000014 0.9137944656249999 0.13775938750000014 0.9137944656249999 0.18843132343750013 0.9524901187499999 0.18843132343750013
0 0.9524901187499999 0.872937253125 0.9137944656249999 0.872937253125 0.9137944656249999 0.9236091890625 0.9524901187499999 0.9236091890625