0 0.26958937187500004 0.3790443843750001 0.2441367048496476 0.3757255808978682 0.23903998053973324 0.41481353162292284 0.2644926475650856 0.41813233510005465
0 0.5273343086297712 0.6890155166999732 0.47586699223488854 0.6816711132123887 0.46837733141750704 0.7341563482120935 0.5198446478123897 0.7415007516996781
0 0.3334782609375001 0.47853713750000004 0.29263285000000006 0.47853713750000004 0.29263285000000006 0.5277400359375 0.3334782609375001 0.5277400359375
0 0.8848745751172589 0.6984215090728874 0.8319082125000001 0.655493659375 0.797481721337743 0.6979706533864122 0.8504480839550016 0.7408985030842995
0 0.18152100476887068 0.3076341329915933 0.15045845790547485 0.29791448931000375 0.1369567765741042 0.34106387038091046 0.16801932343750003 0.3507835140625
0 0.4760892067858367 0.2352073688298974 0.4354936316443879 0.23348785120360152 0.4332816132985827 0.2857107278977128 0.47387718844003146 0.28743024552400864
0 0.9095829244340544 0.6139675742145412 0.9073973970978708 0.5730385943003209 0.8742127393007989 0.5748105900087263 0.8763982666369825 0.6157395699229464
0 0.26958937187500004 0.036580615625 0.2646146544394146 -0.0015716363253314657 0.2391619874140622 0.0017471671518004051 0.2441367048496476 0.03989941910213187
0 0.527334308629771 0.8908606911125266 0.5198446478123895 0.8383754561128219 0.46837733141750687 0.8457198596004065 0.4758669922348884 0.8982050946001113
0 0.8848745751172584 0.8814546987396126 0.8504480839550013 0.8389777047282004 0.7974817213377428 0.8819055544260879 0.8319082124999999 0.9243825484375
0 0.18152100476887062 0.10799086700840661 0.16801932343749998 0.0648414859375 0.13695677657410416 0.07456112961908953 0.1504584579054748 0.11771051068999616
0 0.4760892067858367 0.18041763117010268 0.47387718844003157 0.12819475447599143 0.4332816132985828 0.1299142721022873 0.4354936316443879 0.18213714879639853
0 0.9095829262126609 0.9659086346936409 0.8763982690201327 0.9641366364123802 0.874510459885354 0.9994901125669884 0.9076951170778822 1.001262110848249