0 0.5456369595298303 0.28522414737768476 0.5428776984375001 0.25792715781250003 0.520994833195001 0.2601391430758619 0.5237540942873311 0.28743613264104667
0 0.13657259411216693 0.22353883660397375 0.04454638416199043 0.2173926809455639 0.03970768256973093 0.28984241918254405 0.13173389251990744 0.29598857484095387
0 0.33502822494309453 0.5191155010216796 0.3234768891291468 0.4228079865622659 0.21592237192137595 0.43570831270553434 0.22747370773532366 0.532015827164948
0 0.4253597125 0.44120053906249995 0.3367266187500001 0.44120053906249995 0.3367266187500001 0.51389838125 0.4253597125 0.51389838125
0 0.816253550167629 0.8102715326232502 0.7845749130129342 0.7149489377024628 0.6763984088537434 0.7508993251921243 0.7080770460084381 0.8462219201129118
0 0.5556891373347707 0.7872390882121578 0.5395643687919323 0.7842784738195118 0.5364577043537451 0.8011986931937294 0.5525824728965836 0.8041593075863753
0 0.7601011230550263 0.4899679240725048 0.7171244293847437 0.47102588321479855 0.6972277265987942 0.5161685638321585 0.7402044202690767 0.5351106046898646
0 0.9476180254767552 0.3545359945236501 0.9297004451016677 0.25854476476163707 0.7576691291863222 0.29065587467852516 0.7755867095614097 0.38664710444053824
0 0.16621843946330067 0.8134113515316562 0.1598488283179095 0.7895970446218165 0.14408525088676832 0.7938133276686746 0.15045486203215946 0.8176276345785144
0 0.5759399819610641 0.41590826056570884 0.5689925129460865 0.39496516372584356 0.5498792183652574 0.4013056310831679 0.5568266873802348 0.42224872792303325
0 0.16442446093750007 0.3067401078125 0.1438902727896168 0.30124783039735686 0.13868631443769627 0.3207040690093135 0.15922050258557957 0.3261963464244566