0 0.4374072043406077 0.37888100637250377 0.2950628123862233 0.36272262255806853 0.27592267329912995 0.5313342542387507 0.4182670652535144 0.5474926380531858
0 0.1619090076851222 0.7009339704878105 0.15602316191221666 0.6243868335940911 0.06970312610209446 0.6310241349812805 0.075588971875 0.7075712718749999
0 0.6441234756726162 0.4239101163672979 0.6182579441542329 0.38248142359296816 0.5851369747316165 0.40316012285067016 0.61100250625 0.44458881562499997
0 0.8945321298380181 0.4894174589885022 0.893197695778996 0.42633766520278316 0.8250579307748629 0.4277791414305616 0.8263923648338849 0.49085893521628066
0 0.85689223125 0.4169196421875 0.8538134519642853 0.40627437223642426 0.8435878879017853 0.4092317659864241 0.8466666671875 0.41987703593749987
0 0.8566035780664436 0.3956058885099855 0.8442729654139761 0.38915123750089764 0.8388739593250614 0.39946520377064443 0.8512045719775289 0.40591985477973225
0 0.853515994080621 0.39054461016323594 0.8524874721879044 0.3816835054913948 0.8391708634795922 0.3832291845122921 0.8401993853723088 0.39209028918413324
0 0.4273934843750002 0.887571271875 0.28406015000000007 0.887571271875 0.28406015000000007 1 0.4273934843750002 1
0 0.4374072043406076 0.19711366706499633 0.41826706542862696 0.02850203692693613 0.2759226734742425 0.044660420741371186 0.29506281238622317 0.21327205087943138
0 0.1619090076851223 0.7271910295121894 0.0755889718750001 0.720553728125 0.06970312610209457 0.7971008650187192 0.1560231619122168 0.8037381664059087
0 0.6315868453125002 0.983536184375 0.6009423609375002 0.983536184375 0.6009423609375002 1 0.6315868453125002 1
0 0.6441234751161946 0.15208455945413651 0.61100250625 0.13140585781250008 0.58513697283701 0.17283454814933513 0.6182579417032047 0.19351324979097156
0 0.8945321298380181 0.9387075410114978 0.8263923648338849 0.9372660647837193 0.8250832746736796 0.9991478316603681 0.8932230396778127 1.0005893078881465
0 0.8945321293284361 0.08657721419937914 0.8263923635285831 0.08513573982699688 0.8250579312101655 0.14821553326269604 0.8931976970100184 0.14965700763507833
0 0.85689223125 0.15907503125000008 0.8466666671875002 0.15611763750000013 0.8435878874847675 0.1667629088929678 0.8538134515472674 0.16972030264296775
0 0.8566035782915303 0.1803887847279951 0.851204569962025 0.17007481861250812 0.8388739589481169 0.17652947153908852 0.8442729672776222 0.1868434376545755
0 0.853515994080621 0.18545006483676416 0.8401993853723088 0.18390438581586682 0.8391708634795922 0.19276549048770797 0.8524874721879044 0.19431116950860533