0 0.12405484342167725 0.44324649234987784 0.11183760625000003 0.38948183750000004 0.07713602456550814 0.3973672680836343 0.08935326173718537 0.4511319229335121
0 0.4163205513868814 0.4651190779588662 0.3705245298390613 0.43372283726316524 0.3261754787385181 0.49841243241281513 0.37197150028633813 0.529808673108516
0 0.9374599719391352 0.4867416754614358 0.8123103576530738 0.4327772662289098 0.7671393676838297 0.5375339392281786 0.8922889819698911 0.5914983484607046
0 0.44944444375000003 0.4108066234375 0.42931623906249994 0.4108066234375 0.42931623906249994 0.43213141093749996 0.44944444375000003 0.43213141093749996
0 0.12405484342167727 0.22550350765012225 0.08935326173718543 0.21761807706648795 0.07713602456550818 0.2713827319163657 0.11183760625000003 0.27926816250000003
0 0.12405484342167736 0.8878966701501223 0.0893532617371855 0.8800112395664881 0.07713602456550825 0.9337758944163657 0.11183760625000012 0.9416613249999999
0 0.4163205513868812 0.2036309220411341 0.3719715002863381 0.1389413268914842 0.326175478738518 0.17033756758718505 0.37052452983906115 0.23502716273683494
0 0.4163205513868814 0.8660240845411342 0.3719715002863381 0.8013344893914842 0.32617547873851804 0.8327307300871851 0.37052452983906126 0.8974203252368351
0 0.937459971939135 0.18200832453856433 0.8922889819698909 0.07725165153929554 0.7671393676838297 0.13121606077182144 0.8123103576530738 0.23597273377109024
0 0.9374599719391352 0.8444014870385648 0.8922889819698911 0.7396448140392959 0.76713936768383 0.7936092232718217 0.8123103576530738 0.8983658962710905
0 0.44944444375000003 0.2366185890625001 0.42931623906249994 0.2366185890625001 0.42931623906249994 0.2579433765625001 0.44944444375000003 0.2579433765625001
0 0.4494444437500002 0.8990117515625 0.42931623906250016 0.8990117515625 0.42931623906250016 0.9203365390625 0.4494444437500002 0.9203365390625