0 0.5919655272146782 0.9526675969085072 0.5799155110865752 0.9021352650686808 0.5310345383263014 0.9137914956179791 0.5430845544544043 0.9643238274578054
0 0.38022058659675073 0.7445160745308352 0.33015457928827524 0.7356081179657759 0.32379355902713464 0.7713594021753102 0.3738595663356101 0.7802673587403696
0 0.27691336540567557 0.7053978682557306 0.26480392120648233 0.6722012877697172 0.22831888380019652 0.6855102948454022 0.2404283279993898 0.7187068753314155
0 0.550090194450119 0.4436608361587213 0.5455909437199374 0.389669831874162 0.4731511639178542 0.3957064806916377 0.47765041464803576 0.4496974849761971
0 0.6089646174635825 0.32204629993544354 0.5905377035463604 0.27514845355528056 0.5489474612357299 0.29148992494486164 0.5673743751529522 0.3383877713250246
0 0.7813544825701043 0.08451591626420556 0.758830202437317 0.03765158306949847 0.6992116451914745 0.06630589207116029 0.7217359253242618 0.11317022526586737
0 0.6244978437987794 0.9801896421555452 0.623029890625 0.9564975843750002 0.5917490109354056 0.9584357387997565 0.5932169641091848 0.9821277965803015
0 0.0878849640625001 0.73871980625 0.03865791093750009 0.73871980625 0.038657910937500095 0.77746376875 0.0878849640625001 0.77746376875
0 0.1869445699843008 0.689304932066606 0.1534315321362525 0.6725290860532673 0.1379213019406494 0.7035138084430588 0.1714343397886977 0.7202896544563975
0 1 0.28044655781250005 0.9746482484375001 0.28044655781250005 0.9746482484375001 0.3310638671875001 1 0.3310638671875001
0 0.8798350751093004 0.06477363491181035 0.8181005639209564 0.040065590351405334 0.7988087393522624 0.08826735543920856 0.8605432505406062 0.11297539999961356
0 0.9883902065878802 0.9591363530685048 0.9568463171875001 0.9564975843749999 0.9549102153438209 0.9796417813541483 0.986454104744201 0.9822805500476532