0 0.7369751969852066 0.5235017949605179 0.7162956148827864 0.30755923031538895 0.48352471852174245 0.32985036532280465 0.5042043006241627 0.5457929299679336
0 0.6154716984375 0.6169469343750001 0.5701886796875 0.6140035375000001 0.5665734579776173 0.6696223206360745 0.6118564767276174 0.6725657175110745
0 0.503992453056117 0.539724290781117 0.4853584889468084 0.5024563658457448 0.43491320620319146 0.5276790094396278 0.4535471703124999 0.564946934375
0 0.21767576374820372 0.6068920217848444 0.17912699428200912 0.5746047656499258 0.14075471718750004 0.6204186328125001 0.17930348665369467 0.6527058889474187
0 0.1331110472390054 0.6248698595380736 0.07849056562500012 0.5721167453125 0.04160593401099479 0.6103070279619266 0.09622641562500008 0.6630601421875002
0 0.8737147430236181 0.5962651652968908 0.8366131484018563 0.5266920585165346 0.7454228807852747 0.575321543372537 0.7825244754070365 0.6448946501528933
0 0.7313207546875001 0.91502240625 0.49779977500000017 0.91502240625 0.49779977500000017 1 0.7313207546875001 1
0 0.7369751968629294 0.032807165753010153 0.5042043003857957 0.01051603130107771 0.4835247186607411 0.2264585974945091 0.7162956151378749 0.24874973194644157
0 0.6154716984374999 0.829928065625 0.6118564767276172 0.7743092824889255 0.5665734579776173 0.7772526793639255 0.5701886796875 0.8328714625
0 0.503992453056117 0.9071507092188831 0.4535471703124999 0.8819280656249999 0.4349132062031913 0.9191959905603723 0.4853584889468084 0.9444186341542554
0 0.5039924530341622 0.016584671691234676 0.4537613918360474 -0.008530861064535511 0.43512742777531355 0.028737063856673073 0.4853584889734283 0.05385259661244326
0 0.21767576374820377 0.8399829782151558 0.1793034866536946 0.7941691110525815 0.14075471718750004 0.8264563671875 0.1791269942820092 0.8722702343500744
0 0.13311104723900535 0.8220051404619266 0.09622641562499994 0.7838148578125 0.04160593401099466 0.8365679720380736 0.07849056562500008 0.8747582546875001
0 0.873714743023618 0.8506098347031091 0.7825244754070363 0.8019803498471069 0.7454228807852747 0.8715534566274631 0.8366131484018563 0.9201829414834654