0 0.6202513432908331 0.5631879936178048 0.5947189579385632 0.5407136701782744 0.5631473896477303 0.5765811546854698 0.5886797750000001 0.5990554781250002
0 0.9720877495105604 0.6036764124528794 0.9255617984375 0.5659655906250001 0.9015077567394396 0.5956424078596206 0.9480337078125001 0.6333532296875
0 0.75677853420356 0.266799523166622 0.7447299759525392 0.23185584052197372 0.683974103436847 0.25280442446319784 0.6960226616878677 0.2877481071078461
0 0.8038202249999999 0.6427914328125002 0.74235955 0.6427914328125002 0.74235955 0.6829880625000002 0.8038202249999999 0.6829880625000002
0 0.5579494375000001 0.7279037921875001 0.5532129085603078 0.6852186335777728 0.5279075567178443 0.6880266243463395 0.5326440856575365 0.7307117829560669
0 0.6667134828124999 0.7763588484375 0.657342230256296 0.7483339152080396 0.63359550625 0.7562745781250001 0.6429667588062038 0.7842995113544605
0 0.6241573031250002 0.7811060390625001 0.5926554537914941 0.7785906829302819 0.5900188236784503 0.8116113448975579 0.6215206730119562 0.814126701029776
0 0.5130337078125001 0.835459971875 0.48584269687500015 0.835459971875 0.48584269687500015 0.8591116578125 0.5130337078125001 0.8591116578125
0 0.48705756186990934 0.5090931527006561 0.45564378473599676 0.3556712434528001 0.2886934902771833 0.3898550139995321 0.3201072674110958 0.5432769232473881
0 0.5864984842887481 0.38183461204810537 0.48138216910332743 0.22418028250149247 0.38838644228333585 0.28618535498773373 0.4935027574687565 0.44383968453434663
0 0.9642322612448782 0.2505834710778176 0.9483672600632896 0.2369810501807959 0.9333484816309113 0.25449800097797837 0.9492134828125 0.2681004218750001
0 0.7683707859374997 0.3756566015625 0.7554759099703576 0.35115327405811503 0.7330040005953575 0.362979116245615 0.7458988765625 0.38748244375000007
0 0.8802143475481354 0.31502813351460146 0.8738074602674543 0.28626995425036783 0.8521143494484011 0.29110285116320733 0.8585212367290824 0.31986103042744096
0 0.7957303375 0.5151509828125002 0.76609550625 0.5151509828125002 0.76609550625 0.5460217703125002 0.7957303375 0.5460217703125002
0 0.9104902287744533 0.701931279547565 0.8863215003563696 0.6893090354720652 0.8690896981444161 0.7223040199870004 0.8932584265624998 0.7349262640625002
0 0.23184810043726486 0.3921852844019705 0.11500288156737246 0.3907927632341719 0.11318941595399445 0.5429590580152858 0.2300346348238868 0.5443515791830844
0 0.17474719062500005 0.204055478125 0.11179775312500004 0.204055478125 0.11179775312500004 0.26208918593749997 0.17474719062500005 0.26208918593749997
0 0.3957303375000001 0.87071278125 0.3587078656250001 0.87071278125 0.3587078656250001 0.8984375 0.3957303375000001 0.8984375
0 0.7182003654269942 0.4832752976789136 0.6859920543739948 0.47887871262771914 0.6819681775575351 0.5083566539468058 0.7141764886105346 0.5127532389980003
0 0.8179494375000003 0.82998244375 0.7926825603096276 0.8210866108212708 0.7779347517605181 0.8629748826023261 0.8032016289508906 0.8718707155310556
0 0.6228981843750001 0.9838588484375 0.5910393265625002 0.9838588484375 0.5910393265625002 1 0.6228981843750001 1
0 0.5130337078125001 0.9377633421875 0.48584269687500015 0.9377633421875 0.48584269687500015 0.961415028125 0.5130337078125001 0.961415028125
0 0.3957303375000001 0.8984375 0.3587078656250001 0.8984375 0.3587078656250001 0.92616221875 0.3957303375000001 0.92616221875
0 0.8179494375 0.9668925562499998 0.8032016289508906 0.9250042844689444 0.7779347517605177 0.9339001173976739 0.7926825603096275 0.9757883891787292