0 0.2115442052644963 0.06185568700693578 0.13153379882471744 0.02481383165928608 0.09966343603834246 0.09365381432184072 0.17967384247812135 0.13069566966949042
0 0.2763590937500001 0.6288962234375001 0.2007806218546102 0.5819150149419452 0.13669110504000703 0.6850155502510764 0.21226957693539697 0.7319967587466312
0 0.5392803581115706 0.48629634135831096 0.49265754840949905 0.4651041623539832 0.460947766026255 0.5348657073770869 0.5075705757283264 0.5560578863814147
0 0.6430624312500001 0.3932893265625001 0.5872252627581668 0.3827540110073716 0.5779725890625 0.4317931781250001 0.6338097575543333 0.4423284936801286
0 0.6945969088053335 0.6304788096231306 0.6297907879542095 0.5880196304112792 0.6020836378992864 0.6303094944225548 0.6668897587504105 0.6727686736344062
0 0.8421245373605737 0.5946696018239201 0.8209135500000002 0.5225522578125001 0.7558937792917882 0.5416757232365856 0.7771047666523618 0.6137930672480056
0 0.8926322603519472 0.22566359599050792 0.8259909836230273 0.18123606975776668 0.7893206446807199 0.23624156775456134 0.8559619214096399 0.28066909398730255
0 0.9686946372235031 0.858168515046267 0.961264857856893 0.6687088784373826 0.7644644713750923 0.6764265299487799 0.7718942507417025 0.8658861665576646
0 0.5458860453125002 0.980931425 0.5110492281250002 0.980931425 0.5110492281250002 1 0.5458860453125002 1
0 0.8065386065090946 0.47327756633996304 0.7770299999452472 0.4325275898385971 0.7484324320608682 0.45323617550746925 0.7779410386247155 0.49398615200883517
0 0.5147162625 0.3300330046875 0.4660575482433432 0.3203012651534766 0.45523275185373535 0.37442526555103556 0.5038914661103921 0.38415700508505896
0 0.401954984375 0.5106343953125 0.3707852031250001 0.5106343953125 0.3707852031250001 0.5518885203125 0.401954984375 0.5518885203125