0 0.8845977776742778 0.7199710170193507 0.8763341062500001 0.6117169374999999 0.8085915548752147 0.6168881253987748 0.8168552262994926 0.7251422049181256
0 0.675175567581403 0.27514362411641236 0.6662718771876678 0.2613275497602022 0.6549629147270177 0.268615546178573 0.6638666051207529 0.28243162053478305
0 0.07894689417688582 0.6458427026610838 0.04437371398238733 0.6404718001432708 0.0398359738515186 0.6696818084612419 0.07440915404601708 0.6750527109790551
0 0.8366248310209923 0.25560181601993787 0.8182187532004106 0.24898966193217756 0.807529164888763 0.2787459851700725 0.8259352427093447 0.28535813925783277
0 0.21090487187500004 0.30728538281250006 0.19279452953412815 0.3023522598982402 0.1862647984253531 0.32632402541657435 0.204375140766225 0.33125714833083414
0 0.9983191179830022 0.5467333405769932 0.9120351626847478 0.4211232983458544 0.8137458355869779 0.48864012864827355 0.9000297908852323 0.6142501708794124
0 0.07259860781250001 0.8119953593750001 0.06928078334720032 0.7787449817148161 0.03846027279917088 0.7818203466016255 0.04177809726447056 0.8150707242618094
0 0.07218816896920228 0.3698656230706023 0.04573942436021108 0.35355910681725283 0.024943366328508843 0.38728977124665065 0.05139211093750005 0.4035962875000001
0 0.798233024275498 0.24128881830303714 0.7862420314410647 0.2263068136871888 0.7710468469092113 0.2384684271368739 0.7830378397436446 0.25345043175272225
0 0.7178661199609817 0.18022400405465586 0.7166469241204365 0.1600907639601596 0.6931427525969547 0.16151409115550372 0.6943619484374998 0.18164733125000002
0 0.8832946640625 0.9781902546874999 0.8157772624999999 0.9781902546874999 0.8157772624999999 1 0.8832946640625 1
0 0.6751755683321251 0.028104636711184926 0.6638666057838977 0.02081663867827701 0.6549629139560598 0.0346327123060854 0.6662718765042872 0.04192071033899332
0 0.836624831020992 0.047646443355062254 0.8259352432064953 0.017890121501072186 0.8075291653859136 0.02450227558883249 0.8182187532004104 0.054258597442822555
0 0.07259860781250013 0.8880046406250003 0.04177809726447066 0.8849292757381908 0.03846027279917099 0.9181796533983746 0.06928078334720048 0.9212550182851841
0 0.7982330235132279 0.061959442024372445 0.7830378389813746 0.0497978285746874 0.7710468469092115 0.06477983223812615 0.7862420314410649 0.07694144568781121
0 0.7178661199397957 0.12302425516218377 0.6943619484374999 0.12160092812500009 0.693142752727408 0.14173416828431443 0.7166469242297038 0.14315749532149807