0 0.1618241367958307 0.5769604857741795 0.10724489843750003 0.4437946421875 0.02015360781217903 0.4794898038141374 0.07473284617050971 0.6126556474008169
0 0.9633543315655476 0.4090323306400799 0.960033001349529 0.36272084657271586 0.8991747811884879 0.36708542804930955 0.9024961114045066 0.41339691211667356
0 0.894678572083295 0.5438645242091118 0.8888737005776093 0.49681698171170885 0.8354509444912459 0.5034084468148661 0.8412558159969317 0.550455989312269
0 0.31112303529950164 0.3482263819067527 0.28817147618920086 0.338389998618944 0.28022108851354105 0.3569409016641592 0.3031726476238418 0.3667772849519679
0 0.5873666313970649 0.5943583930543475 0.5440826823098481 0.45604875731810185 0.33281487578906666 0.5221649388302266 0.37609882487628343 0.6604745745664722
0 0.7270521933118758 0.5427832514623601 0.7068027203125001 0.4325361390625 0.577474894140049 0.45629023354298565 0.5977243671394248 0.5665373459428458
0 0.8877551015625 0.45804634374999986 0.8597889328115025 0.28608280713643963 0.6959753933335795 0.31272355423291753 0.723941562084577 0.4846870908464778
0 0.3578848344131584 0.6336813565440529 0.2756567944799094 0.4860043172527198 0.08278822475678065 0.5933954494772458 0.16501626469002967 0.7410724887685788
0 0.15098651365058896 0.8810579828814291 0.055764630674583905 0.8732213995344317 0.04555663299909668 0.9972582044829823 0.14077851597510174 1.0050947878299796
0 0.14290428749999998 2.7755575615628914e-17 0.06379410334891278 -0.03158866438008927 0.028134714286412787 0.05771618249491071 0.10724489843749999 0.089304846875
0 0.9633543315766936 0.12406716008517034 0.9024961115537848 0.11970257841595999 0.8991747812990152 0.166014060874733 0.9600330013219238 0.17037864254394336
0 0.8946785720832953 0.9280104757908884 0.8412558159969319 0.9214190106877312 0.8354509444912461 0.9684665531851344 0.8888737005776095 0.9750580182882913
0 0.8918707484375 1.0633615734498538e-16 0.8378571421875 1.0302877784476198e-16 0.8378571421875 0.03539328281250011 0.8918707484375 0.03539328281250011
0 0.3111230357164265 0.18487310781393723 0.303172647211544 0.16632220513085633 0.28022108833665416 0.1761585895357231 0.28817147684153666 0.194709492218804
0 0.5873666313970649 0.8775166069456526 0.37609882487628343 0.811400425433528 0.33281487578906666 0.9497100611697735 0.5440826823098481 1.0158262426818983
0 0.561632653125 5.5132951174267726e-17 0.337414965625 4.140357750881291e-17 0.337414965625 0.06471301093750007 0.561632653125 0.06471301093750007
0 0.7180272109375002 0.925461309375 0.5818707484375002 0.925461309375 0.5818707484375002 1 0.7180272109375002 1
0 0.725024856902271 0.001353956212811247 0.5956970307298202 -0.02240013826767435 0.5774748941400489 0.07680925551951447 0.7068027203124999 0.10056335000000005
0 0.8877551015625 0.07505314687500007 0.7239415629823163 0.04841239716197089 0.695975391415703 0.22037593325671184 0.8597889299958867 0.24701668296974102
0 0.35788483441315855 0.8381936434559474 0.16501626469002978 0.7308025112314215 0.08278822475678069 0.8784795505227546 0.27565679447990943 0.9858706827472805