0 0.5920523380333106 0.26373654581236694 0.5703720286490112 0.26310994657643716 0.5699078214480712 0.2791714978163878 0.5915881308323706 0.27979809705231745
0 0.5791454078125001 0.2914795921875001 0.5640237140687615 0.29015021289800014 0.5627831817690768 0.30426127184349083 0.5779048755128154 0.3055906511329907
0 0.803203428291336 0.11639362471023489 0.6198103970996789 0.09888501976314452 0.604293001844302 0.2614212218581912 0.7876860330359591 0.2789298268052816
0 0.5040178578125001 0.393852040625 0.4977638154574933 0.38372876455852273 0.4822182429095113 0.39333263869071755 0.4884722852645179 0.40345591475719483
0 0.5057001092886477 0.5094427426618174 0.478303456593443 0.5046754834765552 0.47252777088435316 0.5378673971735843 0.49992442357955785 0.5426346563588466
0 0.4893494890625001 0.6144897953125001 0.4789490980337878 0.6061157715008021 0.4701990980337878 0.6169831183758021 0.48059948906250005 0.6253571421875002
0 0.4645025515625001 0.6183418375 0.4541957420953112 0.6118766534682782 0.4480700497150284 0.621642244657702 0.45837685918221727 0.6281074286894238
0 0.482497814776994 0.5571149585983363 0.4708544441929957 0.5474609075215613 0.44985923109337345 0.5727824067206911 0.46150260167737167 0.5824364577974661
0 0.4867496996833401 0.9288867289169135 0.4487353033502518 0.7251359384920146 0.2988241507424109 0.7531053120492921 0.3368385470754992 0.9568561024741908
0 0.16220947257643045 0.37918969139579284 0.15510837315467613 0.35902671070629183 0.1340040956795308 0.36645932073965526 0.14110519510128514 0.3866223014291562
0 0.551007653125 6.53014788520222e-17 0.5138647953125 6.302713475545902e-17 0.5138647953125 0.02568877500000007 0.551007653125 0.02568877500000007
0 1 0.10958858906250013 0.9354464281249999 0.10958858906250013 0.9354464281249999 0.27217221562500005 1 0.27217221562500005
0 0.13593272749634489 0.36362809483622305 0.11449360587582098 0.359447299508393 0.11039934356731644 0.38044267974000934 0.13183846518784034 0.38462347506783934