0 0.8891454930231408 0.34323996293245923 0.8429843508774942 0.2708327046046056 0.7745075850988103 0.31448807551329805 0.8206687272444568 0.38689533384115166
0 0.19165120625000004 0.6207734234375 0.16340082791544647 0.6025593636806097 0.14675324687500008 0.6283801015625 0.17500362520955365 0.6465941613193904
0 0.7102203284307234 0.5365080813771226 0.6229717927284869 0.26615807873758446 0.4334603190305247 0.32731805069055664 0.5207088547327611 0.5976680533300947
0 0.290255458602071 0.730460876986974 0.22858512767155648 0.6952206905604867 0.20535122040968123 0.7358800313570432 0.2670215513401958 0.7711202177835305
0 0.24587259409770365 0.6543114455110861 0.2120948504795689 0.6515427789744079 0.2096207961989384 0.6817262518056114 0.24339853981707313 0.6844949183422895
0 0.39601113125000015 0.80114448125 0.3805409762976185 0.7975114898207372 0.37719453064344716 0.8117614636557317 0.3926646855958288 0.8153944550849946
0 0.6218919984496524 0.831499200088267 0.6089707162067491 0.667513675975892 0.4949477852508267 0.6764981426293931 0.50786906749373 0.8404836667417681
0 0.8634391703125001 1.0183465613248764e-16 0.7996469734375 9.79285106468103e-17 0.7996469734375 0.040402365625000096 0.8634391703125001 0.0404023656250001
0 0.29025545860207086 0.9507891230130259 0.26702155134019545 0.9101297822164695 0.20535122040968115 0.945369968642957 0.22858512767155656 0.9860293094395134
0 0.39601113125 0.8801055187499998 0.39266468559582857 0.8658555449150056 0.37719453064344705 0.8694885363442685 0.38054097629761846 0.8837385101792627
0 0.6218919984496525 0.8497507999117332 0.5078690674937302 0.840766333258232 0.4956208956064434 0.9962093340841232 0.6096438265623657 1.0051938007376244