0 0.9024998602374076 0.5257379845674993 0.7744573990970827 0.5065609273572147 0.7580869170981775 0.6158642882539554 0.8861293782385025 0.6350413454642403
0 0.2357929774993766 0.45348652606600304 0.18972606136742975 0.44950349224678343 0.18662817317618066 0.4853330036116604 0.2326950893081275 0.48931603743088
0 0.10066666718750006 0.40912885781249997 0.07298586316690855 0.4064712249363448 0.0709641991634525 0.4275280404119689 0.09864500318404398 0.43018567328812407
0 0.46186855993799075 0.32471473182198446 0.4572681585035937 0.3063477123596255 0.4387576235656029 0.31098406022514097 0.44335802500000004 0.3293510796875
0 0.5551971216721838 0.3002196023143097 0.5402535918366194 0.29880254278296237 0.5384284346153483 0.31804964623014575 0.5533719644509127 0.31946670576149316
0 0.5769510805907778 0.4516038530559706 0.5718463154034787 0.43461995491547895 0.5474482580956453 0.4419531567842432 0.5525530232829444 0.45893705492473497
0 0.7107376555846467 0.3290142751022077 0.7099259265625001 0.3086103390625 0.6956213719103058 0.3091794166236858 0.6964331009324524 0.32958335266339356
0 0.7944022536872174 0.6622354315669605 0.7923772182072519 0.6490566225859181 0.7725892064095741 0.6520972179861484 0.7746142418895394 0.6652760269671909
0 0.38655656820271767 0.4430559984340401 0.3742643191539573 0.43767813856364235 0.3677077509512397 0.4526645776296023 0.38 0.45804243750000007
0 0.8935308640624999 1.0194306425903644e-16 0.7651604937500001 9.408264610360826e-17 0.7651604937500001 0.08675848750000009 0.8935308640624999 0.0867584875000001
0 0.9024998620291536 0.8760752827223521 0.8861293757278721 0.7667719233038662 0.7580869154524479 0.7859489856839517 0.7744574017537292 0.8952523451024377
0 0.23579297749937655 0.14338847393399692 0.23269508930812743 0.10755896256911993 0.18662817317618058 0.11154199638833959 0.1897260613674297 0.14737150775321659
0 0.23579297749937664 0.9483267458089968 0.23269508930812738 0.9124972344441197 0.18662817317618058 0.9164802682633395 0.18972606136742978 0.9523097796282165
0 0.10066666718749999 0.18774614218750002 0.09864500318404396 0.16668932671187592 0.07096419916345245 0.1693469595880311 0.0729858631669085 0.1904037750636552
0 0.10066666718750002 0.9926844140625001 0.09864500303539868 0.9716275970386474 0.07096419916345251 0.9742852299005312 0.07298586331555383 0.9953420469243838
0 0.46186855993799086 0.2721602681780156 0.4433580250000001 0.26752392031250005 0.4387576235656031 0.285890939774859 0.4572681585035938 0.29052728764037455
0 0.5551971216721837 0.2966553976856904 0.5533719644509126 0.27740829423850694 0.5384284346153482 0.2788253537698543 0.5402535918366193 0.29807245721703773
0 0.5769510805907778 0.1452711469440294 0.5525530232829444 0.1379379450752652 0.5474482580956453 0.15492184321575697 0.5718463154034787 0.16225504508452118
0 0.5769510805907778 0.9502094188190295 0.5525530232829444 0.9428762169502655 0.5474482580956455 0.9598601150907571 0.5718463154034789 0.9671933169595214
0 0.7107376555846467 0.2678607248977924 0.6964331009324524 0.2672916473366066 0.6956213719103058 0.2876955833763143 0.7099259265625001 0.28826466093750014
0 0.7944022546985241 0.7395778407656128 0.7746142430992422 0.7365372423416965 0.7725892055548955 0.7497160515199575 0.7923772171541773 0.7527566499438738
0 0.3865565682027176 0.15381900156596 0.38 0.1388325625 0.36770775095123964 0.14421042237039777 0.3742643191539573 0.1591968614363578
0 0.38655656760037616 0.9587572724774309 0.38 0.9437708328125 0.3677077506576525 0.9491486921023471 0.37426431825802864 0.964135131767278