0 0.9621081828125 0.4504780687500002 0.86327323125 0.4504780687500002 0.86327323125 0.5883560156250002 0.9621081828125 0.5883560156250002
0 0.5656104503553682 0.5044591474707227 0.5530290683050981 0.35965058414929685 0.38983301640659795 0.3738295237847469 0.40241439845686805 0.5186380871061728
0 0.30979227496566286 0.5195547347585447 0.30789366505448895 0.3850066769675017 0.1758745419498359 0.38686960103869306 0.1777731518610098 0.5214176588297361
0 0.12168238773005373 0.5254991817216533 0.034146156613192535 0.5210024584384837 0.031096262500086246 0.580373742628034 0.11863249361694743 0.5848704659112036
0 0.12068654609375007 0.6113033117187501 0.11087378593750005 0.6014905515625001 0.1032593617187501 0.6091049757812501 0.11307212187500011 0.6189177359375001
0 0.9621081828125 1.1289536426176118e-16 0.86327323125 1.068434689080162e-16 0.86327323125 0.1088969312500001 0.9621081828125 0.10889693125000013
0 0.9621081828125 0.8503532421875001 0.86327323125 0.8503532421875001 0.86327323125 0.9882311890625 0.9621081828125 0.9882311890625
0 0.5656104503553682 0.05491585252927741 0.40241439845686805 0.0407369128938274 0.38983301640659795 0.18554547621525316 0.5530290683050981 0.19972441585070316
0 0.5625797500000002 0.9251105234375 0.3981197906250001 0.9251105234375 0.3981197906250001 1 0.5625797500000002 1
0 0.30979227496566286 0.03982026524145522 0.17777315186100984 0.037957341170263795 0.1758745419498359 0.1725053989613069 0.3078936650544889 0.17436832303249833
0 0.3092510406250001 0.9184669734375 0.17717059687500014 0.9184669734375 0.17717059687500014 1 0.3092510406250001 1
0 0.119715153125 9.482386970202619e-18 0.0326490984375 4.151128710830855e-18 0.0326490984375 0.037468359375 0.119715153125 0.03746835937500001
0 0.12168238773005369 0.9132100760908468 0.1186324936169473 0.8538387919012962 0.031096262500086125 0.8583355151844658 0.03414615661319252 0.9177067993740164
0 0.12068654609375007 0.8274059476562501 0.11307212109375002 0.8197915226562499 0.10325936171874991 0.8296042820312499 0.11087378671874996 0.8372187070312499