0 0.7967889388095986 0.690647371926967 0.7429097364055579 0.688943499260141 0.7417162900996722 0.7266821967139571 0.7955954925037128 0.7283860693807831
0 0.6498840578125 0.6893849640625 0.6382608703125001 0.6713849640625 0.6175622631692681 0.6847507302744236 0.629185450669268 0.7027507302744236
0 0.9676836077951144 0.4271052323552153 0.9401159421875 0.3981096015625 0.9114764413918207 0.42533867572020556 0.9390441069994349 0.4543343065129208
0 0.49919363437687697 0.1279952630802694 0.4964906816796241 0.0752321485316056 0.44118471562252415 0.0780653666122088 0.443887668319777 0.1308284811608726
0 0.7230029691701808 0.20508455418134086 0.7126931033202082 0.18367175381045836 0.678492753125 0.20013858750000008 0.6888026189749725 0.22155138787088258
0 0.8834246583448723 0.5227255938049808 0.7317858879759724 0.44201761027515635 0.6540851907935086 0.5880061192459081 0.8057239611624084 0.6687141027757326
0 0.33242081067347995 0.5944165629273532 0.11395240992214757 0.4670601748015467 -0.0024749093308120695 0.6667807433201258 0.21599349142052032 0.7941371314459325
0 0.4829054739902475 0.265261218474512 0.4754553410297488 0.2250793589274085 0.41767162833524374 0.2357930577800132 0.4251217612957426 0.27597491732711676
0 0.3103779950522822 0.179609447531325 0.285461088032285 0.1693377424444093 0.27281159375 0.20002264531250002 0.29772850076999724 0.21029435039941569
0 0.5428115946346155 0.13077626868750009 0.5071014500000001 0.11292119531250004 0.4926956522403846 0.14173278912500004 0.528405796875 0.15958786250000007
0 0.14057186382619072 0.18851400549885433 0.12049573952000603 0.07456596467176571 0.049172501561620306 0.0871321674847213 0.06924862586780497 0.20108020831180995
0 0.7569831806331224 0.2673089784285224 0.7306364099280958 0.25411846320595555 0.717043478125 0.281269021875 0.7433902488300266 0.29445953709756695
0 0.8219611177652556 0.7928304814541345 0.8027728262886841 0.7628698154969122 0.7732539665110336 0.7817751524569893 0.7924422579876051 0.8117358184142116
0 0.9831653470672552 0.1487957175570957 0.9708367141493699 0.10834238828035407 0.9398651744601176 0.11778133312265279 0.952193807378003 0.15823466239939443
0 0.9703100952965468 0.09360379081500847 0.942804338090814 0.06602267425740269 0.9194623563795773 0.08930087912300255 0.9469681135853101 0.11688199568060834
0 0.8826048770581071 0.19476863536734731 0.8480659317453373 0.1503228201630312 0.7708140422483576 0.2103554413305963 0.8053529875611274 0.2548012565349124
0 0.5377188408749999 0.5054110493669434 0.5235217378894041 0.46281974638916024 0.4752434782414551 0.4789125018642578 0.48944058122705075 0.521503804842041
0 0.6032681728348367 0.7897077767832725 0.599043478125 0.76141395 0.5708368467435179 0.7656256251223666 0.5750615414533545 0.7939194519056392
0 0.4991936343768771 0.012629736919730652 0.443887668319777 0.009796518839127442 0.44118471562252415 0.06255963338779125 0.49649068167962424 0.06539285146839446
0 0.5375249780605559 0.012492039756113061 0.5246362090578988 -0.01328549672220083 0.4942126809973429 0.0019262682091861106 0.5071014500000001 0.0277038046875
0 0.12739130468749998 1.170683790373768e-17 0.052173912499999996 7.10110097460603e-18 0.052173912499999996 0.0586893109375 0.12739130468749998 0.05868931093750002
0 0.9803768109375 1.1802742434304954e-16 0.9433043484375 1.1575739071619277e-16 0.9433043484375 0.027442934375000116 0.9803768109375 0.027442934375000123
0 0.9703100952965468 0.047021209184991794 0.9469681135853099 0.023743004319391935 0.9194623563795773 0.05132412087699763 0.9428043380908141 0.07460232574259748