0 0.24576320850288988 0.7398282441316586 0.17784346987390107 0.7273220045795077 0.16531887546824375 0.7953414259986377 0.2332386140972326 0.8078476655507887
0 0.9429853915559006 0.11017659689191919 0.7025166392809071 0.0920723416603474 0.6860870142231782 0.3102979128005666 0.9265557664981717 0.3284021680321384
0 0.4762096688536109 0.7749131439036923 0.45537688437499996 0.7526727390625 0.4375506787343542 0.769370703997704 0.45838346321296514 0.7916111088388964
0 0.4128391953125 0.8665923359375001 0.40583588390094444 0.8297581242927237 0.388391959375 0.8330747484374997 0.39539527078655556 0.8699089600822761
0 0.31467336718750005 0.7236526375 0.2720923971064656 0.7139430913887225 0.25698719927883606 0.7801865562628777 0.2995681693598705 0.7898961023741552
0 0.42635678437500013 0.9335772609375 0.3883919593750001 0.9335772609375 0.3883919593750001 0.953125 0.42635678437500013 0.953125
0 0.1575937400730668 0.7630311694613006 0.12163705293669509 0.6663083648581141 0.0842194290300508 0.6802183605588933 0.12017611616642251 0.7769411651620798
0 0.6605999939416302 0.8070082965670222 0.6563125229383105 0.7470800597432063 0.6209591754607228 0.7496093591221629 0.6252466464640423 0.8095375959459787
0 0.14727855353590932 0.5115953413534212 0.11520560822783874 0.4670540380301561 0.07242530326550682 0.49785893772878637 0.10449824857357741 0.5424002410520515
0 0.19469804315274067 0.6621194462047659 0.14968367782113057 0.6288344861909014 0.12807884340354905 0.6580527249689221 0.17309320873515915 0.6913376849827865
0 0.4891721234076041 0.6145691189836464 0.4774465118775241 0.5650990209365585 0.45297201242516094 0.5709000701420482 0.4646976239552408 0.6203701681891362
0 0.5492478120828157 0.2846386461146434 0.5245226125 0.24681846718750006 0.49866675979218406 0.2637219070103566 0.5233919593749998 0.3015420859375
0 1.0019065916664864 0.7168554168948693 0.9779433937630543 0.6769167530325703 0.9458860489715681 0.6961511595752011 0.9698492468750001 0.7360898234375002
0 0.9564119813360892 0.4826084440747841 0.9394925931057412 0.422198280997928 0.9061683280558478 0.4315315810446906 0.9230877162861957 0.4919417441215467
0 0.70896985 0.40571293906249994 0.649095478125 0.40571293906249994 0.649095478125 0.4442054015625 0.70896985 0.4442054015625
0 0.5839156235754962 0.6498368664524268 0.5753266328125 0.6409139453125 0.5464782731033201 0.6686826873179655 0.5550672638663163 0.6776056084578923
0 0.6438328437202878 0.6261188254094259 0.6226327150836626 0.5732180309062702 0.5730460794756144 0.5930900018931214 0.5942462081122397 0.645990796396277
0 0.5914823991964641 0.8102472171939098 0.5789072287561517 0.8096835488130847 0.5774623109375001 0.8419189703125 0.5900374813778123 0.8424826386933251
0 0.7478956875903067 0.7272591932839079 0.7112826266340957 0.7250730820352812 0.7043300881226373 0.8415144188978758 0.7409431490788483 0.8437005301465023
0 0.3593467343750002 0.9092807781250001 0.3123115578125001 0.8750847984375 0.2689558555605188 0.9347188001256731 0.3159910321230189 0.9689147798131732
0 0.15221993637285955 0.8393120704690583 0.14336683437500003 0.7938285171875001 0.11489306946209792 0.7993707654695666 0.12374617145995745 0.8448543187511248
0 0.42635678437500013 0.953125 0.3883919593750001 0.953125 0.3883919593750001 0.9726727390625 0.42635678437500013 0.9726727390625
0 0.3593467343750001 0.953125 0.2877135671875001 0.953125 0.2877135671875001 1 0.3593467343750001 1