0 0.18260204062500002 0.13666454062500002 0.15207065935276887 0.13541969926529854 0.1506322007612873 0.17069979930260124 0.18116358203351846 0.17194464066230272
0 0.5276674191096923 0.3946947639809141 0.5075084934092763 0.17885524176166648 0.285338182720099 0.19960544885984582 0.30549710842051503 0.4154449710790934
0 0.2599234687500001 0.31597576562500007 0.23862244843750005 0.29467474531250004 0.21780612265625005 0.3154910710937501 0.23910714296875007 0.3367920914062501
0 0.27861967762991685 0.4973885641451702 0.2497755531181866 0.486148447321086 0.23994740599611974 0.511369208256691 0.26879153050785 0.5226093250807752
0 0.744588129390722 0.6707103401142182 0.6029740154717708 0.635013527872455 0.5763170357479706 0.7407653955119102 0.7179311496669218 0.7764622077536735
0 0.524551020625 0.6957665818750001 0.5145102037500001 0.675684948125 0.4895714281250001 0.6881543359374999 0.49961224499999995 0.7082359696875
0 0.3822052881847825 0.5328845015159667 0.37757567268040737 0.5087690413024664 0.3509096325998954 0.5138883096682393 0.3555392481042705 0.5380037698817396
0 0.5403061218749999 0.511256378125 0.5350510203125001 0.4879400515624999 0.515564721369693 0.4923319303495462 0.5208198229321929 0.5156482569120463
0 0.17687963179854913 0.8341369185856881 0.15287599177459535 0.8332796446962835 0.15207461293193708 0.8557182252943022 0.17607825295589086 0.8565754991837068
0 0.18260204062500002 0.06646045937499999 0.18116358203351846 0.031180359337697267 0.1506322007612873 0.032425200697398744 0.15207065935276884 0.06770530073470148
0 0.1768796317985492 0.960824815789312 0.17607825295589066 0.9383862351912932 0.15207461293193686 0.9392435090806981 0.1528759917745954 0.9616820896787169