0 0.7156026016165196 0.6933986720046064 0.6920863336933101 0.6834868568057535 0.6828611518800063 0.7053740533292598 0.7063774198032158 0.7152858685281128
0 0.32758191718750007 0.9375728156250001 0.23282463593750008 0.9375728156250001 0.23282463593750008 1 0.32758191718750007 1
0 0.6277177900453237 0.2588220137372824 0.5923882166784609 0.24388201499448078 0.5663038846854442 0.3055653080614838 0.6016334580523071 0.32050530680428546
0 0.5274848296875 0.22917475781250002 0.4954945390625 0.21048543750000004 0.4797739509004922 0.23739418408305285 0.5117642415254922 0.25608350439555283
0 0.4639168688438183 0.5738106789369544 0.43323725693743187 0.5431310691866813 0.4136741501876366 0.5626941773113401 0.444353762094023 0.5933737870616131
0 0.3446733949110644 0.6561154840796052 0.2998149265625 0.5235436890625 0.20837872806409724 0.5544830590523568 0.2532371964126617 0.6870548540694619
0 0.8345389542403714 0.749349577629699 0.7898634703125001 0.7432524265625002 0.7852365301346288 0.7771552754953012 0.8299120140625 0.7832524265625
0 0.5267516024649943 0.4920605501086205 0.5090788686381291 0.46090072927051207 0.4746068672096328 0.48045201324259645 0.4922796010364978 0.5116118340807049
0 0.539378034375 0.2770873781250001 0.4648896351733812 0.2740517994557726 0.46169789596508454 0.3523721364330949 0.5361862951667032 0.3554077151023224
0 0.6469119996585546 0.6827169926439026 0.6311774793184074 0.5801334153048769 0.5562474453973404 0.5916263674264679 0.5719819657374876 0.6942099447654937
0 0.4269868674788708 0.7189375019687902 0.33805152455506693 0.7158127479384547 0.33482626021167616 0.8076087701580292 0.42376160313548006 0.8107335241883644
0 0.3302933446748609 0.7760501223162118 0.3224939342383969 0.7163676868233426 0.2734273136095293 0.7227798030490709 0.2812267240459933 0.7824622385419401
0 0.24554657892150616 0.4426563002412805 0.20348087209915772 0.38662500286734186 0.17003218648555754 0.4117367291446109 0.212097893307906 0.46776802651854943
0 0.7410146988489636 0.7179958582473802 0.7353489078125002 0.7053398062500001 0.721316983316654 0.7116215402417184 0.7269827743531174 0.7242775922390985
0 0.9681294134807835 0.7767191281003623 0.9632615296875 0.7432524265625 0.9183451021442164 0.7497857250246378 0.9232129859374998 0.7832524265625
0 0.07426093873720867 0.4045582202883004 0.035643093990563576 0.3833839443720989 0.0018036411926539043 0.44510065854135183 0.04042148593929899 0.4662749344575533