0 0.8349891582450276 0.6989999347412381 0.8299538336930754 0.5971086092774158 0.7174363550939403 0.6026690632212126 0.7224716796458925 0.7045603886850349
0 0.47625662971721183 0.6809355161323163 0.4709899877752271 0.6158950496931471 0.42071305921928487 0.619966216385879 0.42597970116126965 0.6850066828250483
0 0.4239616143366504 0.806390803428308 0.3818158781250001 0.8059073359374999 0.38092808055866934 0.8833000929507551 0.4230738167703197 0.8837835604415633
0 0.2985596871355785 0.7352443513189527 0.24236480497135302 0.7339697133993652 0.24109062373880938 0.7901444616304756 0.2972855059030349 0.7914190995500631
0 0.4735026020978941 0.12114351491736389 0.38280112055292953 0.09554526444683198 0.3635946541947012 0.1635989369405924 0.4542961357396658 0.18919718741112432
0 0.46823237962233144 0.9447429725242538 0.45105027336266357 0.8974734247731984 0.3959277117683396 0.9175100393735066 0.4131098180280074 0.964779587124562
0 0.7715467971271069 0.19115117454489955 0.7140766198939982 0.07685326495611271 0.5645996331350375 0.15201184792770617 0.6220698103681462 0.266309757516493
0 0.6918396794362758 0.9096087584916897 0.6452135625000001 0.8699613906250001 0.6102091328511752 0.9111273170890619 0.656835249787451 0.9507746849557515
0 0.7751186255459759 0.44045601645972876 0.7370760780129068 0.4222533803593727 0.7182102209384006 0.4616820246805625 0.7562527684714697 0.4798846607809186
0 0.5393998501678515 0.08093407675927924 0.49603308207115687 0.06321653784394407 0.47884787683028096 0.10528032638345249 0.5222146449269756 0.12299786529878762
0 0.49083927428287877 0.4258948525656342 0.43449126341072253 0.4155343044214733 0.4224513145671483 0.4810160877111237 0.47879932543930454 0.4913766358552845
0 0.345252171875 0.5232818531250001 0.33536351895386396 0.46696789632477476 0.28687379375 0.475482625 0.296762446671136 0.5317965818002253
0 0.3272985031250001 0.78069498125 0.2910050671875001 0.78069498125 0.2910050671875001 0.8286100390625 0.3272985031250001 0.8286100390625
0 1 0.5976061781250002 0.9215069984375001 0.5976061781250002 0.9215069984375001 0.7011583015625001 1 0.7011583015625001
0 1 0.4297131046875002 0.9828583500000001 0.4297131046875002 0.9828583500000001 0.46524774375000016 1 0.46524774375000016