0 0.22661945343750006 0.14564505218750004 0.20867406093750002 0.10975426718749999 0.1789948803125 0.1245938575 0.1969402728125 0.16048464250000005
0 0.4827559734374999 0.48774744062500003 0.4814503135680133 0.44066207410979735 0.44009385624999997 0.4418088734374999 0.4413995161194865 0.4888942399527026
0 0.6955914017966753 0.8894610282861974 0.6515635445762815 0.8546440223091537 0.6176720601997954 0.8975015108622758 0.6616999174201892 0.9323185168393195
0 0.31060580156250006 0.902730375 0.2634044375000001 0.902730375 0.2634044375000001 0.9491467578125 0.31060580156250006 0.9491467578125
0 0.37368901506835855 0.26659900632666744 0.32346997395351196 0.2600202425090364 0.3146431581101824 0.32739980499786936 0.36486219922502894 0.3339785688155004
0 0.248335900224738 0.17817374034712968 0.24330158950606667 0.14910059210551813 0.21694015211678383 0.15366534256548048 0.2219744628354552 0.18273849080709206
0 0.6981155127382037 0.6369370327667102 0.6579202416264118 0.6208477153339114 0.6456580450070721 0.6514818500384513 0.685853316118864 0.6675711674712501
0 0.5029075139381216 0.2806159156606769 0.44792875702871165 0.2794528570861148 0.4459503169660599 0.3729753826436258 0.5009290738754698 0.3741384412181879
0 0.35709044375000004 0.5794539249999999 0.302717358003488 0.5425075263990276 0.27272060537529647 0.5866529929270328 0.32709369112180847 0.6235993915280051
0 0.6358496726018612 0.6735926732809652 0.5634044375 0.6601706484375 0.5510740965954476 0.7267235311906041 0.6235193316973089 0.7401455560340693
0 0.762166904560776 0.1031164445723907 0.6817320812499998 0.08211604062500007 0.665802378251724 0.14312928824010945 0.7462372015625001 0.16412969218750012
0 0.6172269625 0.262525596875 0.5757280962445417 0.26126924541794677 0.574564846875 0.29969283281250003 0.6160637131304583 0.3009491842695532
0 0.8369539250000001 0.7304436859375 0.8063395906250002 0.7227986343749999 0.7988224716951552 0.7529006671178184 0.8294368060701551 0.7605457186803184
0 0.9437401741868385 0.7698627652804447 0.8766417100551482 0.7601349514973375 0.869680877529149 0.8081479153539777 0.9367793416608393 0.8178757291370851