0 0.8480612249999998 0.8613456625 0.8332142859374999 0.8286415812500001 0.8070417547141066 0.8405233391631688 0.8218886937766066 0.8732274204131686
0 0.7152659180984532 0.7996444991466666 0.693814520764519 0.5842675515557638 0.4715669547204774 0.6064032578095555 0.4930183520544116 0.8217802054004583
0 0.7809249067834712 0.6737486552693355 0.7555617016958436 0.6610307169352623 0.741652377567347 0.688769885913318 0.7670155826549745 0.7014878242473912
0 0.7580713638023542 0.4871998900142554 0.7280323853246845 0.47940454044266045 0.7213147550075264 0.5052905832255714 0.7513537334851961 0.5130859327971664
0 0.4163659299649183 0.25518889948589296 0.2667936553965483 0.2427168992580196 0.2580608964547543 0.3474457794950692 0.40763317102312424 0.3599177797229426
0 0.5104339692216119 0.31179294601430574 0.5003462972171766 0.2917226817210187 0.4754245900643843 0.3042487752429682 0.4855122620688196 0.3243190395362553
0 0.6495458626853683 0.4811178243095279 0.6382324003071314 0.4584064734886299 0.6143909301587834 0.4702828950054426 0.6257043925370204 0.49299424582634066
0 0.48348431278000437 0.4996506985027705 0.47107906107462183 0.4811213374483116 0.45254372798211745 0.49353058738304123 0.4649489796875 0.5120599484375001
0 0.8482893155549307 0.1451661908373703 0.8243337329150089 0.14332345414532885 0.8226140454300392 0.16567939671647935 0.846569628069961 0.1675221334085208
0 0.848061225 0.9355293375000002 0.8218886937766066 0.9236475795868315 0.8070417547141068 0.9563516608368314 0.8332142859375002 0.9682334187500002
0 0.8482893164883215 0.0598720722250214 0.8465696263964636 0.037516129996864135 0.8226140440088668 0.03935886949118746 0.8243337341007247 0.06171481171934473