0 0.7160940621136036 0.4616806650571356 0.5745102412500709 0.4580785046296708 0.5702047508778992 0.6273068857243571 0.7117885717414321 0.6309090461518219
0 0.9260260170994987 0.3720099617034605 0.924411028125 0.292428728125 0.8413696095376139 0.29411393667750546 0.8429845985121126 0.373695170255966
0 0.41455202050676654 0.5972321499724843 0.38899749375000003 0.555411184375 0.3557900224185075 0.575702471353707 0.38134454917527394 0.6175234369511913
0 0.17568140934848545 0.5696300325746917 0.17078442764294072 0.5060382351020689 0.10439783715371362 0.5111504340340018 0.10929481885925833 0.5747422315066245
0 0.15664320924886255 0.5903835827035431 0.15323364934278036 0.5798139452555222 0.14310776875000003 0.5830803578125001 0.1465173286560822 0.593649995260521
0 0.15997447292143344 0.6061078599880796 0.1576159063512944 0.59574445554874 0.1425290448843704 0.5991780151779609 0.1448876114545094 0.6095414196173005
0 0.1613012918815186 0.6159322576524435 0.1596070222384407 0.6074865752424942 0.1462033675788085 0.6101754527178492 0.14789763722188642 0.6186211351277986
0 0.7160940621136036 0.1101943349428645 0.713208215225238 -0.003234602249003202 0.5716243943617052 0.0003675581784616078 0.5745102412500709 0.11379649537032929
0 0.7160940621152282 0.9623246599055173 0.711788571711017 0.7930962803769864 0.5702047508384777 0.7966984408648228 0.5745102412426888 0.9659268203933538
0 0.9260260170994987 0.19986503829653962 0.8429845985121126 0.19817982974403417 0.8413696095376139 0.2777610633224947 0.924411028125 0.2794462718750002
0 0.39905763906249997 4.69940325502508e-17 0.3684131546875 4.511759906518256e-17 0.3684131546875 0.016463815625000048 0.39905763906249997 0.01646381562500005
0 0.4145520194404426 0.8267731752713171 0.3813445478285499 0.8064818896078003 0.3557900221381073 0.8483028565239833 0.38899749375000003 0.8685941421875001
0 0.17561129122262023 0.0031555155807434106 0.1092247007333931 -0.0019566833511894866 0.10439783715371362 0.06072456596599818 0.17078442764294074 0.06583676489793108
0 0.17568140937609683 0.8543752941099761 0.1092948188581309 0.8492630950029918 0.10439783698590425 0.9128548924901587 0.17078442750387018 0.917967091597143
0 0.15664320970538945 0.8336217424437237 0.14651732911260903 0.8303553298867457 0.14310776875000003 0.8409249687499999 0.15323364934278044 0.8441913813069778
0 0.1599744736826251 0.8178974671785921 0.1448876130762891 0.8144639045018789 0.14252904429830965 0.8248273088530395 0.15761590490464567 0.8282608715297526
0 0.16130129276988256 0.8080730692826157 0.14789763812656073 0.8053841892706114 0.14620336709116086 0.8138298706432648 0.15960702173448268 0.8165187506552689