0 0.23214681380437083 0.28004466712491166 0.20456022386761763 0.2535993665547698 0.167398166283659 0.2923652123448589 0.1949847562204122 0.31881051291500084
0 0.5792978107168717 0.5469280913615356 0.5721898937419012 0.4740845580911512 0.4942321117153024 0.4816915125772977 0.5013400286902729 0.5545350458476821
0 0.33889453182055124 0.3652102391678282 0.31466666718749997 0.3515928031250001 0.2959002813695107 0.384981574243137 0.3201281460025619 0.39859901028596517
0 0.08397952092357676 0.21987352355242065 0.06039393906250003 0.21056250000000004 0.042141691576423314 0.2567969311350794 0.06572727343750004 0.26610795468750004
0 0.9228454005228489 0.4943772520414467 0.7165101231824968 0.49072067687214505 0.712096555390304 0.7397719590960234 0.918431832730656 0.7434285342653251
0 0.4843738273988472 0.6519702250814666 0.4780960373012199 0.6248119617102104 0.4533179787908289 0.6305395536489347 0.4595957688884562 0.657697817020191
0 0.17522539258436404 0.3940392700019595 0.12242424218750006 0.3859261359375 0.11566872105210357 0.4298917951568919 0.16846987144896758 0.43800492922135137
0 0.23214681380437083 0.12308033287508838 0.19498475622041217 0.08431448708499925 0.167398166283659 0.11075978765514112 0.20456022386761769 0.14952563344523026
0 0.33889453182055124 0.037914760832171844 0.3201281460025619 0.0045259897140348835 0.2959002813695107 0.018143425756863053 0.31466666718749997 0.05153219687500001
0 0.0839795209235767 0.1832514764475794 0.06572727343749998 0.1370170453125 0.04214169157642329 0.1463280688649206 0.0603939390625 0.1925625
0 0.9203351140624999 0.848410984375 0.7238772593750002 0.848410984375 0.7238772593750002 1 0.9203351140624999 1
0 0.4843738271163276 0.9390335636378827 0.4595957683375828 0.9333059720081431 0.4533179789766952 0.960464233951431 0.47809603775543996 0.9661918255811706
0 0.1649102375 1.7516187175134955e-17 0.12115080781250001 1.483669490016943e-17 0.12115080781250001 0.017198864062500017 0.1649102375 0.01719886406250002