0 0.6784783763287275 0.27110926171808486 0.6474942754207392 0.16021442777447018 0.5459410447464277 0.18858847762736916 0.576925145654416 0.2994833115709838
0 0.3381575378654814 0.7764396210232939 0.283220113993141 0.775106456969901 0.28142525487207587 0.849069549564649 0.3363626787444163 0.8504027136180421
0 0.40400050936286486 0.9578632751792309 0.3885032434353315 0.9079917616117272 0.3402077113174865 0.922999301002504 0.35570497724501987 0.9728708145700077
0 0.32077652139105356 0.9240579087734471 0.21294308197996256 0.858663239925949 0.1773290398530878 0.9173895049496048 0.2851624792641788 0.9827841737971031
0 0.5308583086085604 0.7111946680917336 0.4872264384916207 0.7083398031777829 0.4852692041455775 0.7382528804507779 0.5289010742625172 0.7411077453647286
0 0.6124025717115846 0.7479744776760072 0.5771417034350711 0.6831777542749194 0.5259998262404573 0.7110079731582193 0.5612606945169708 0.7758046965593071
0 0.6489002140625001 0.5965665234375002 0.6254993981422076 0.5718285185924143 0.6090992211823664 0.5873421998492803 0.6325000371026588 0.6120802046943661
0 0.7683642196169498 0.04080261582072131 0.7176820107776481 0.03645842829913134 0.7142151122259432 0.07690559489793228 0.7648973210652449 0.08124978241952224
0 0.8157574459706115 0.3579593972529834 0.7763674109738472 0.3538440198872538 0.7712119846279071 0.40318880801795665 0.8106020196246714 0.40730418538368635
0 0.406840128125 0.8725321890625002 0.38138212016133516 0.7817633867779337 0.32607151381784766 0.7972764024983918 0.35152952178151253 0.8880452047829583
0 0.10982701514541646 0.9190981831249463 0.07563187226320581 0.8587140933250348 -0.025637278977290557 0.9160621978953556 0.008557863904920105 0.9764462876952671
0 0.998838288058954 0.07374909869802349 0.9922856606226447 0.033712544847472214 0.9422371646276086 0.04190378801058921 0.9487897920639181 0.08194034186114048
0 0.9478477087917362 0.3640859672573771 0.9161327423304467 0.34150106687207354 0.8865843897887103 0.38299449805219654 0.91829935625 0.40557939843750007