0 0.5740923152802092 0.5692031582637116 0.5723845679686507 0.4510523192854346 0.43942182844178496 0.4529741571913526 0.4411295757533435 0.5711249961696295
0 0.37344432343750006 0.35139737968750007 0.30220228371579094 0.34213477302117085 0.2967974193538813 0.38370552901163457 0.36803945907559044 0.39296813567796385
0 0.64292030625 0.33842794687500005 0.5944486906249999 0.274585153125 0.5253429082557564 0.32705260831788746 0.5738145238807563 0.39089540206788753
0 0.4132136934825382 0.12859349093436281 0.3216446882887654 0.06896350551653355 0.2712202963687272 0.14639621614467083 0.3627893015625 0.20602620156250007
0 0.19570667722105434 0.1767344188840731 0.178615013956073 0.09025301041890046 0.09922697536954192 0.1059427829014424 0.11631863863452327 0.19242419136661507
0 0.38076896247141034 0.32893001938916877 0.34746179062500004 0.31187772968750005 0.3347252329815331 0.3367552518023836 0.3680324048279434 0.35380754150405225
0 0.5376582860217003 0.7692584787775647 0.3366277525079336 0.7430173652095592 0.3157927025663035 0.9026325886526168 0.5168232360800703 0.9288737022206224
0 0.59326965 0.9081659390625001 0.5613919218750001 0.8927947593750002 0.54567447102819 0.925390606609817 0.5775521991531898 0.9407617862973169
0 0.7494082223933651 0.6841420773841519 0.7303329560805064 0.6229599309586829 0.6907788840866027 0.6352920327420164 0.7098541503994614 0.6964741791674854
0 0.6528075497434144 0.5760200061414962 0.5556930431833111 0.5632874717440806 0.5380347374711354 0.6979721772708509 0.6351492440312387 0.7107047116682665
0 0.20440502187500004 0.6468995640625 0.18908548396277175 0.5965373596602684 0.1594705234375 0.6055458515625002 0.17479006134972824 0.6559080559647319
0 0.10881522704410507 0.10149686794292516 0.02530907131327973 0.09816461884444874 0.021893928236444333 0.18374809750685137 0.10540008396726967 0.1870803466053278
0 0.055977075000000064 0.6055458515625001 0.027513361844742335 0.5954359740530819 0.009436850607049374 0.6463292346527442 0.037900563762307105 0.6564391121621623