0 0.36415984856743167 0.2430493458826084 0.2304533852418476 0.2275675450270763 0.21783804690449265 0.33651819543804923 0.35154451023007677 0.3519999962935813
0 0.9566357216272188 0.17844440765532535 0.9518169756832469 0.15435068579604289 0.9305968166484837 0.15859471898761093 0.9354155625924555 0.18268844084689337
0 0.9558300764669353 0.567701214589946 0.9341183893636102 0.563498951771433 0.9298400363341749 0.5856037715564872 0.9515517234374998 0.5898060343750002
0 0.9092311457254836 0.7481680470812588 0.8832023222026579 0.7397262664275696 0.8724404196513575 0.7729087990908922 0.8984692431741831 0.7813505797445814
0 0.6595977015625001 0.57428879375 0.6343103453125 0.57428879375 0.6343103453125 0.5972772984375 0.6595977015625001 0.5972772984375
0 0.5738006941284044 0.7111831757353819 0.5493027540461243 0.7065898127504674 0.5453925400999022 0.72744429067395 0.5698904801821824 0.7320376536588645
0 0.3141280400529084 0.19127317195135773 0.30960366999326955 0.17511470845678068 0.2852167532115801 0.18194304557998606 0.2897411232712189 0.19810150907456311
0 0.40311722499732106 0.14180549703045991 0.37382919609998944 0.12978989674034536 0.36010077762457715 0.16325292041909853 0.38938880652190877 0.17526852070921312
0 0.5323101075514883 0.4592135474585919 0.5113597588325922 0.45115572052269604 0.49832503829532404 0.48504599179330476 0.5192753870142203 0.4931038187292005
0 0.732656021017362 0.8137971690145862 0.729112181702143 0.7932428952054271 0.6995124903817815 0.7983462888253323 0.7030563296970007 0.8189005626344914
0 0.9291212083714336 0.54453900824596 0.9158582831898116 0.5220940597166359 0.8932274556817003 0.5354668224853333 0.9064903808633226 0.5579117710146575
0 0.9566357203374631 0.029098695908838866 0.9354155614367604 0.024854665051775315 0.9305968179474853 0.048948387738535694 0.9518169768481879 0.05319241859559924
0 0.3141280392817637 0.01626993043379754 0.289741122108139 0.009441595852927354 0.2852167534528639 0.02560006060775142 0.3096036706264885 0.0324283951886216
0 0.4031172249973209 0.06573760609454019 0.38938880652190855 0.03227458241578698 0.360100777624577 0.04429018270590153 0.3738291960999893 0.07775320638465473
0 0.7326560210173623 0.979952830985414 0.7030563296970008 0.9748494373655088 0.6995143569113942 0.9953928852998711 0.7291140482317557 1.0004962789197762