0 0.4689955355730774 0.1979359295261255 0.45731978349953567 0.15515700328668408 0.42882057136395824 0.16293535969805858 0.4404963234375 0.2057142859375
0 0.6453142221449087 0.7897016095160955 0.5747932524960215 0.7012761980923095 0.4962092047575455 0.7639484905500978 0.5667301744064327 0.8523739019738839
0 0.48533299664323265 0.9042642862922484 0.47379924271312535 0.8152253350551073 0.3769964525209498 0.8277647860067558 0.3885302064510572 0.9168037372438971
0 0.620871300099499 0.40502431080381635 0.4448016153089376 0.38708789536202376 0.427457617401371 0.5573422170520789 0.6035273021919324 0.5752786324938713
0 0.5086139703125001 0.328773109375 0.4965649688227427 0.2682408203875881 0.4375867787640684 0.27998047721814245 0.44963578025382567 0.3405127662055544
0 0.6187823841249536 0.32324155197923155 0.6058870857424605 0.278097099234062 0.571234006048366 0.28799558676363957 0.5841293044308593 0.33314003950880905
0 0.9175215343750001 0.16278991562500006 0.8890389144003923 0.15539603233227056 0.8778960565878922 0.1983204026447706 0.9063786765625 0.20571428593750013
0 0.22508455937500002 0.16278991562500003 0.19660193940039206 0.1553960323322705 0.18545908158789204 0.19832040264477052 0.21394170156250003 0.20571428593750002
0 0.8402720968341036 0.7469362458563357 0.7528248373735821 0.7027993493988459 0.7026903617958341 0.8021294529095684 0.7901376212563557 0.8462663493670582
0 0.14783512183410358 0.7469362458563357 0.06038786237358194 0.7027993493988458 0.010253386795834051 0.8021294529095684 0.0977006462563557 0.8462663493670582
0 0.9696019249797072 0.8274287772606194 0.8724343592317483 0.8157792575742906 0.8618004374052285 0.90447581554909 0.9589680031531873 0.9161253352354187
0 0.277164949979707 0.8274287772606191 0.17999738577210742 0.8157792577589659 0.16936346394558768 0.904475815733765 0.26653102815318724 0.9161253352354184
0 0.9211841737240754 0.5499172422912318 0.8936675668713958 0.37848877510124873 0.7223624429793287 0.40598558367250925 0.7498790498320084 0.5774140508624923
0 0.2287471987240754 0.5499172422912317 0.20123059187139578 0.3784887751012486 0.029925467979328685 0.40598558367250914 0.05744207483200829 0.5774140508624923
0 0.908964281426386 0.2798977813583853 0.849886479279626 0.26850242382156386 0.8382610296875 0.32877310937500015 0.89733883183426 0.34016846691182157
0 0.2165273064263861 0.27989778135838517 0.1574495042796259 0.2685024238215637 0.14582405468749998 0.32877310937500004 0.20490185683426015 0.34016846691182145
0 0.7740152626395547 0.28632077174099935 0.7390214355267816 0.2789128480300544 0.7294943197193352 0.32391739403483794 0.7644881468321084 0.33132531774578283
0 0.08157828770657273 0.2863207714244172 0.04658446059379954 0.2789128477134723 0.037057344719335236 0.3239173940348378 0.07205117183210843 0.3313253177457827