0 0.5368225963241738 0.3118483403936302 0.39895742277992824 0.2589617448823721 0.3306330535184616 0.43707022273907314 0.4684982270627073 0.4899568182503312
0 0.9649886544774908 0.38723177374058376 0.7697932457636758 0.3444004000991706 0.7397056774689255 0.4815184677957 0.9349010861827404 0.5243498414371132
0 0.323141323281685 0.6096166641133337 0.3071734054618567 0.4338645668674057 0.09850332078405621 0.45282324113533934 0.11447123860388456 0.6285753383812673
0 0.23857245832288304 0.39448182740563026 0.22214764053764685 0.3798406991700579 0.19948832340734385 0.40526054038822734 0.21591314119258004 0.41990166862379974
0 0.19180793954315314 0.6266457647289039 0.1690635895928269 0.6262166279914404 0.16864377363184888 0.648466974553833 0.1913881235821751 0.6488961112912963
0 0.38668151406249995 0.4682126953125 0.3713904157898901 0.46011740941099816 0.36457527203989015 0.4729904609734982 0.3798663703124999 0.481085746875
0 0.3157816979668382 0.4029360094646064 0.2773681377837588 0.36559946435989477 0.24843597469051568 0.39536620858039073 0.2868495348735951 0.43270275368510236
0 0.5368225963241737 0.16315165960637001 0.46849822706270716 -0.014956818250331062 0.33063305351846156 0.037929777260926986 0.39895742277992813 0.2160382551176281
0 0.9567928734375 1.0528870134256306e-16 0.7521158125 9.27558459657632e-17 0.7521158125 0.11854677031250009 0.9567928734375 0.11854677031250012
0 0.3179287312500001 0.9058296218749999 0.1064583046875001 0.9058296218749999 0.10645830468750013 1 0.3179287312500001 1
0 0.23857245832288307 0.08051817259436972 0.2159131411925801 0.055098331376200294 0.19948832340734388 0.0697394596117727 0.22214764053764688 0.09515930082994213
0 0.19180793954315306 0.8951248368335962 0.19138812358217505 0.8728744902712038 0.16864377363184882 0.8733036270086671 0.16906358959282683 0.8955539735710596
0 0.3866815140625 4.633197337389781e-17 0.3651002234375 4.5010500449629065e-17 0.3651002234375 0.009059020312500046 0.3866815140625 0.009059020312500048
0 0.31578169796683814 0.07206399053539347 0.2868495348735951 0.0422972463148976 0.24843597469051568 0.07963379141960936 0.2773681377837587 0.10940053564010524