0 0.2321468138043708 0.7199553328750883 0.1949847562204122 0.6811894870849992 0.16739816628365908 0.707634787655141 0.20456022386761769 0.7464006334452301
0 0.5792978107168718 0.45307190863846447 0.5013400286902729 0.4454649541523179 0.4942321117153024 0.5183084874227024 0.5721898937419013 0.525915441908849
0 0.3388945318205513 0.6347897608321718 0.32012814600256184 0.6014009897140349 0.2959002813695106 0.6150184257568632 0.3146666671875 0.648407196875
0 0.08397952092357672 0.7801264764475795 0.06572727343750004 0.7338920453125001 0.042141691576423355 0.7432030688649206 0.060393939062500034 0.7894375000000001
0 0.9228454005228489 0.5056227479585534 0.918431832730656 0.256571465734675 0.7120965553903039 0.2602280409039766 0.7165101231824968 0.5092793231278552
0 0.48437382739884727 0.3480297749185334 0.4595957688884562 0.342302182979809 0.453317978790829 0.3694604463510654 0.47809603730122 0.37518803828978975
0 0.17522539258436398 0.6059607299980406 0.1684698714489675 0.5619950707786487 0.1156687210521035 0.5701082048431082 0.1224242421875 0.6140738640625001
0 0.23214681380437088 0.8769196671249114 0.20456022386761769 0.8504743665547696 0.16739816628365906 0.8892402123448587 0.19498475622041225 0.9156855129150007
0 0.3388945318205513 0.9620852391678282 0.3146666671875 0.948467803125 0.2959002813695107 0.9818565742431371 0.3201281460025619 0.9954740102859653
0 0.08397952092357683 0.8167485235524206 0.060393939062500124 0.8074375 0.042141691576423404 0.8536719311350793 0.06572727343750011 0.8629829546875001
0 0.9203351140624999 1.0067897101243534e-16 0.723877259375 8.864939686691522e-17 0.723877259375 0.1515890156250001 0.9203351140624999 0.1515890156250001
0 0.4843738271163275 0.06096643636211725 0.47809603775543985 0.03380817441882924 0.4533179789766951 0.03953576604856886 0.45959576833758276 0.06669402799185686
0 0.16491023750000014 0.9828011359375 0.12115080781250014 0.9828011359375 0.12115080781250014 1 0.16491023750000014 1