0 0.512818627590456 0.7806599629233164 0.5023294972320417 0.7231146240609059 0.37087191281776244 0.7470761779726918 0.3813610431761768 0.8046215168351022
0 0.3213953494415933 0.7838708760529897 0.3031929410350848 0.7529220801787203 0.2801843052555161 0.7664545157228286 0.29838671366202457 0.797403311597098
0 0.284796476292669 0.7139270307686094 0.25636443184606506 0.7044846556557062 0.24582973040028366 0.7362058165031342 0.2742617748468876 0.7456481916160376
0 0.7631722989995122 0.5879356822748083 0.7077458470688104 0.5375051498813704 0.6383497090119676 0.6137760422879011 0.6937761609426695 0.6642065746813388
0 0.4390540294300468 0.798404593000152 0.27754495464450696 0.7832320238287893 0.26776114374224214 0.8873788053563352 0.429270218527782 0.9025513745276978
0 0.26920493125000017 0.8436734687499999 0.2433756009209403 0.8388125982243271 0.23968999790888507 0.8583968799198314 0.26551932823794494 0.8632577504455042
0 0.4827972450828155 0.3641095618164204 0.41764030625000015 0.352619046875 0.40836937476688523 0.40518984275735326 0.47352631359970065 0.41668035769877365
0 0.6853437835190699 0.05157619771123682 0.6175870067787766 0.050888927358177315 0.6167087853922395 0.13747123103422892 0.6844655621325327 0.1381585013872884
0 0.5500892859375002 0.726632653125 0.5205314625 0.7230952375000002 0.5148633689265115 0.770456511049077 0.5444211923640117 0.773993926674077
0 0.8385246593750002 0.5315986390625 0.7814884425694111 0.529571285640998 0.77774846678986 0.6347892842137771 0.8347846835954492 0.6368166376352791
0 0.32787840156250003 0.3980612250000001 0.28189085473561154 0.3919266104645135 0.27206986454545995 0.4655487172233673 0.31805741137234844 0.4716833317588539
0 0.3620067588101038 0.2770765455290197 0.32812857971441944 0.2676031306136669 0.31644920215431577 0.30937012258464713 0.35032738125000007 0.3188435375
0 0.617431502410376 0.17929390422575028 0.5888949109501483 0.16333817560006056 0.5511105179147726 0.23091501981181034 0.5796471093750002 0.24687074843750006
0 0.0363818031250001 0.76517006875 0.011482224600192747 0.754076196550705 -0.0027009154781512555 0.7859094648419613 0.022198663046656096 0.7970033370412564
0 0.07293944915266111 0.7360413145386685 0.062052647992442186 0.704293990695909 0.03374282463590424 0.7140020032291872 0.04462962579612315 0.7457493270719466
0 1 0.5552040812500001 0.9202593531250001 0.5552040812500001 0.9202593531250001 0.6434013609375002 1 0.6434013609375002
0 0.049170918750000105 0.7979310828124999 9.771837465065097e-17 0.7979310828124999 1.0304747561814562e-16 0.88496190625 0.04917091875000011 0.88496190625
0 0.079314819842396 0.8577123808180209 0.07475603720423082 0.8378787104774725 0.04954506875 0.8436734687499999 0.05410385138816516 0.8635071390905484
0 0.9023056664392358 0.6329625055531073 0.8907846774896827 0.5262013248218324 0.8335819356473788 0.5323742816225645 0.8451029245969319 0.6391354623538394
0 0.046784095611321165 0.46531581901094815 0.036394770349708006 0.3943303685111455 -0.005480359839944349 0.40045915046363734 0.00490896542166881 0.47144460096344004