0 0.664081325 0.14337349375 0.661852409375 0.097831325 0.602990723135536 0.10071212175988178 0.6052196387605361 0.14625429050988176
0 0.548418675 0.27867469843750003 0.537541965123263 0.23322393645221276 0.478385338560763 0.24738056301471273 0.4892620484374999 0.29283132500000003
0 0.4808283125000001 0.7331325296875001 0.31282764217692316 0.7160424012441744 0.29829033101269214 0.8589481745029911 0.466291001335769 0.8760383029463169
0 0.3587801203125001 0.6725903609375001 0.2765658150011066 0.6142552779653211 0.22156319348810288 0.6917729926509028 0.3037774987994964 0.7501080756230818
0 0.8055432759406838 0.9548041217878648 0.7457450852559487 0.7422030303511191 0.5296203431997037 0.8029923162848354 0.5894185338844388 1.0155934077215811
0 0.7258885546875 0.016144578124999986 0.7093710772669075 -0.013462221457252089 0.6579830496222755 0.015206888283937658 0.6745005270428681 0.044813687866189736
0 0.6287801203125 0.22993975937500005 0.5869745424011439 0.21420118921238068 0.5676974345886439 0.2654060079623807 0.6095030124999999 0.28114457812500004
0 0.8132431558069815 0.33460892381590984 0.8052016659701188 0.26259134060573164 0.7644735711006374 0.2671390433523218 0.7725150609375 0.33915662656249995
0 0.4869126500000001 0.1309036140625001 0.4408915918913232 0.1263419284742237 0.4360941246275529 0.1747416955006642 0.48211518273622983 0.1793033810889406
0 0.43697289218749996 0.35662650625000003 0.3498311640127093 0.22627400454554691 0.24271342270858148 0.2978831027474801 0.32985515088337214 0.4282356044519332
0 0.062093373437500085 0.6353012046875001 7.833635684848906e-17 0.6353012046875001 8.376980489893589e-17 0.7240361453124999 0.062093373437500085 0.7240361453124999
0 1 0.7583132531250002 0.9301656625 0.7583132531250002 0.9301656625 0.9809743515625 1 0.9809743515625
0 0.9399849390625002 0.3391566265625 0.9348042171875003 0.26566265 0.895191654463073 0.2684550104059814 0.900372376338073 0.3419489869684814