0 0.17624704137441055 0.645631963534284 0.17475193076974618 0.5409743501141911 0.08280440232082056 0.5422878878527679 0.0842995129254849 0.6469455012728607
0 0.9112351757857834 0.5459675371096495 0.8227403511164099 0.48036411894182757 0.7641081437617042 0.559455225087544 0.8526029684310779 0.6250586432553659
0 0.506875541038554 0.5158715965824705 0.49853932656250005 0.4853054781249999 0.46849611035558425 0.49349908289034755 0.47683232483163823 0.5240652013478182
0 0.6326576715821919 0.5099902429654779 0.5080581894441675 0.4762750889272246 0.47067476559415156 0.6144312203503036 0.595274247732176 0.6481463743885568
0 0.6620786515625001 0.4781706453125002 0.6318225341255366 0.4515513231717131 0.6022157919380364 0.48520300910921305 0.6324719093750001 0.5118223312500001
0 0.2828089890625 0.4150807578125001 0.26753955264929263 0.38352392425726284 0.23728963295464064 0.3981609829619522 0.252559069367848 0.42971781651718943
0 0.176247039326563 0.7901475292195027 0.08429951188912321 0.7888339951486484 0.0828044054260493 0.8934916097364178 0.17475193286348906 0.8948051438072723
0 0.895337078125 1.0360305519963185e-16 0.7966292140625 9.755894171089121e-17 0.7966292140625 0.0647998593750001 0.895337078125 0.06479985937500012
0 0.911235176257015 0.8898119558260668 0.8526029675963931 0.8107208510389249 0.7641081433887627 0.8763242714525233 0.8227403520493844 0.9554153762396652
0 0.5068755410385541 0.04350340341752966 0.4768323248316384 0.03530979865218199 0.4684961103555844 0.0658759171096524 0.4985393265625001 0.07406952187500007
0 0.5068755396894878 0.9199078965922707 0.47683232317950264 0.9117142936433063 0.46849611005251485 0.9422804142385355 0.4985393265625001 0.9504740171874999
0 0.6123150625 6.725831661836399e-17 0.48609660468750004 5.952966510069432e-17 0.48609660468750004 0.07047401718750007 0.6123150625 0.07047401718750007
0 0.6326576720082242 0.9257892499791899 0.5952742470730579 0.7876331190663222 0.47067476531102825 0.8213482741060151 0.5080581902461947 0.9595044050188829
0 0.6620786515625001 0.08120435468750009 0.6337489871053796 0.04650987508367486 0.6025130324178797 0.07201549227117487 0.630842696875 0.10670997187500011
0 0.6620786515625 0.9576088484375 0.632471909375 0.9239571625000002 0.6022157919380363 0.9505764846407873 0.6318225341255364 0.9842281705782872
0 0.28280898906249996 0.14429424218750003 0.252559069367848 0.1296571834828107 0.23728963295464062 0.1612140170380479 0.26753955264929263 0.17585107574273726