0 0.5128186275904562 0.2193400370766835 0.38136104317617686 0.19537848316489762 0.3708719128177625 0.25292382202730823 0.5023294972320418 0.2768853759390942
0 0.3213953494415933 0.21612912394701045 0.29838671366202457 0.20259668840290207 0.280184305255516 0.23354548427717137 0.30319294103508476 0.24707791982127975
0 0.2847964762926688 0.28607296923139075 0.2742617748468874 0.25435180838396243 0.2458297304002835 0.2637941834968658 0.2563644318460649 0.2955153443442941
0 0.763172298999512 0.41206431772519175 0.6937761609426694 0.3357934253186613 0.6383497090119675 0.38622395771209905 0.7077458470688103 0.4624948501186295
0 0.43905402943004673 0.20159540699984824 0.42927021852778174 0.09744862547230257 0.26776114374224197 0.11262119464366527 0.2775449546445069 0.21676797617121096
0 0.26920493125 0.15632653125 0.2655193282379446 0.1367422495544958 0.2396899979088849 0.1416031200801689 0.2433756009209403 0.1611874017756731
0 0.4827972450828154 0.6358904381835797 0.47352631359970054 0.5833196423012263 0.4083693747668852 0.5948101572426466 0.41764030625000004 0.6473809531250001
0 0.6853437835190699 0.9484238022887629 0.6844655621325328 0.8618414986127114 0.6167087853922396 0.8625287689657709 0.6175870067787768 0.9491110726418224
0 0.5500892859375001 0.27336734687500003 0.5444211923640115 0.22600607332592318 0.5148633689265114 0.2295434889509232 0.5205314624999999 0.27690476249999996
0 0.8385246593750001 0.46840136093750007 0.8347846835954492 0.3631833623647211 0.7777484667898599 0.36521071578622316 0.7814884425694109 0.47042871435900213
0 0.3278784015625 0.601938775 0.3180574113723484 0.5283166682411462 0.27206986454545995 0.5344512827766328 0.28189085473561154 0.6080733895354866
0 0.36200675881010363 0.7229234544709803 0.35032738124999996 0.6811564625000001 0.31644920215431577 0.690629877415353 0.3281285797144194 0.7323968693863332
0 0.6174315024103759 0.8207060957742499 0.579647109375 0.7531292515625001 0.5511105179147725 0.7690849801881898 0.5888949109501483 0.8366618243999395
0 0.036381803125 0.23482993125 0.022198663046655975 0.20299666295874377 -0.0027009154781513335 0.2140905351580388 0.011482224600192692 0.24592380344929504
0 0.07293944915266112 0.2639586854613315 0.04462962579612323 0.2542506729280534 0.03374282463590431 0.28599799677081295 0.0620526479924422 0.2957060093040911
0 1 0.3565986390625001 0.9202593531250001 0.3565986390625001 0.9202593531250001 0.44479591875000024 1 0.44479591875000024
0 0.04917091875000001 0.11503809375 1.4088103329095065e-17 0.11503809375 1.9417204296589704e-17 0.2020689171875 0.049170918750000014 0.2020689171875
0 0.07931481984239604 0.1422876191819791 0.05410385138816513 0.13649286090945162 0.04954506875000002 0.15632653125 0.07475603720423092 0.16212128952252752
0 0.902305666439236 0.3670374944468929 0.8451029245969319 0.3608645376461606 0.8335819356473788 0.46762571837743555 0.8907846774896828 0.4737986751781677
0 0.04678409561132122 0.5346841809890517 0.004908965421668887 0.5285553990365599 -0.0054803598399442936 0.5995408495363627 0.03639477034970804 0.6056696314888546