0 0.7048462910535097 0.8763624555667248 0.6048168504278972 0.7238047269360269 0.5251555412965827 0.7760372572931024 0.6251849819221951 0.9285949859238002
0 0.46666839297832147 0.7719662677289336 0.4601499215385669 0.6812467664389609 0.38472441621474623 0.6866663178616573 0.3912428876545008 0.7773858191516301
0 0.5310621447426697 0.5522591301653168 0.5283502933157929 0.46404175046966645 0.4531170344291162 0.46635446278513415 0.455828885855993 0.5545718424807845
0 0.6075053220298136 0.20588421063933807 0.5551267774778393 0.16023944125629147 0.5088858243390667 0.21330212197178544 0.5612643688910409 0.258946891354832
0 0.3670098191784321 0.3400959319532192 0.348017611568309 0.33809015362677614 0.34571582494309394 0.35988518894247484 0.36470803255321704 0.3618909672689179
0 0.6192440287077412 0.16770746957609806 0.6116963234374998 0.15976470625000005 0.5984073186398814 0.17239274103201113 0.6059550239101228 0.18033550435810913
0 0.3775097272750326 0.7342639477383902 0.37388818060717194 0.72294660575859 0.36405124708213926 0.7260944220826999 0.36767279375 0.7374117640625001
0 0.10179044062500009 0.749717646875 9.54352166371286e-17 0.749717646875 1.0449442757561456e-16 0.8976657890625 0.10179044062500009 0.8976657890625
0 0.8230566872414571 0.7799268674065973 0.746666764027162 0.7226665241098162 0.6374533266138317 0.86836607143409 0.7138432498281266 0.9256264147308709
0 0.2651221254953428 0.6925509950040555 0.1888701227703808 0.6806111781130563 0.17489308095441844 0.7698736383641096 0.2511450836793805 0.7818134552551088
0 0.9662985975484089 0.6925509954447283 0.8900465948033173 0.6806111780803052 0.8760695524228718 0.7698736384205854 0.9523215551679634 0.7818134557850085
0 0.19286134661532275 0.5529488281361818 0.1901303912555657 0.4641099914964382 0.11623398746991383 0.4663816081408971 0.11896494282967089 0.5552204447806407
0 0.8940378169278228 0.5529488281361818 0.8913068615680657 0.4641099914964382 0.8174104577824138 0.466381608140897 0.8201414131421709 0.5552204447806406
0 0.13316311186762722 0.2044867178601358 0.07606169219142672 0.16467288579261022 0.03629940932974154 0.22170037305176335 0.09340082900594202 0.26151420511928897
0 0.8343395828496547 0.20448671858461434 0.7772381649434185 0.16467288572987182 0.7374758811203763 0.22170037147256774 0.7945772990266124 0.26151420432731026
0 0.30101271073042685 0.35996853348057145 0.29901725631910164 0.33810169085255837 0.280035800812347 0.3398338398312044 0.28203125522367223 0.36170068245921755
0 1.0013926995168072 0.36004121619985574 0.9993972448585067 0.3381743736260437 0.9812122709847498 0.3398338400398605 0.9832077256430504 0.3617006826136725
0 0.04796274439329875 0.1732179110969308 0.03517867656250001 0.15976470625 0.027447466892402773 0.16711138014378218 0.04023153472320151 0.18056458499071298
0 0.7491392147057987 0.1732179110969308 0.736355146875 0.15976470625 0.7286239372049028 0.16711138014378216 0.7414080050357015 0.18056458499071293
0 0.281314907276131 0.7246768691138878 0.27211619280454225 0.7231508154179892 0.27000349177841126 0.7358857103666013 0.27920220625000003 0.7374117640625
0 0.9824913776304827 0.7246768688616146 0.9732926646795421 0.7231508154179894 0.9711799636115594 0.7358857106188749 0.9803786765625 0.7374117640625001