0 0.3340161470929332 0.5011797523244553 0.3118859772912689 0.4716380620192959 0.2649728942608356 0.5067814300073407 0.28710306406249997 0.5363231203125
0 0.7168624649563811 0.3700818419200015 0.6891599931409302 0.35835527920797283 0.6787627507652674 0.38291740546298875 0.7064652225807182 0.39464396817501746
0 0.2004456828125 0.8416434546874999 0.19480148566353991 0.8096126141995408 0.1692841868909049 0.8141090514702333 0.174928384039865 0.8461398919581924
0 0.3605164209708176 0.42122798309831816 0.33682403768234076 0.38459864505113717 0.3142184807740232 0.3992202447653191 0.33791086406250004 0.4358495828125001
0 0.6838414218134564 0.4014542740669528 0.6117356248762071 0.35050181829726 0.5868180550764679 0.38576412707136315 0.6589238520137172 0.43671658284105597
0 0.33920707441469544 0.32052036528374117 0.31466095086552515 0.23385752268076337 0.21013702128586614 0.2634625669217069 0.23468314483503638 0.3501254095246847
0 0.7837443944521741 0.4810774403384788 0.5932893209534786 0.4250586547614207 0.5252215656489831 0.656478333104432 0.7156766391476788 0.7124971186814901
0 0.46543636167016766 0.5965182583868396 0.3909294480935773 0.5024261436154636 0.287992749791843 0.5839366474750285 0.3624996633684333 0.6780287622464045
0 0.02236768750000006 0.48359869062499994 5.922375885457573e-17 0.48359869062499994 6.245219905725906e-17 0.5363231203125001 0.022367687500000063 0.5363231203125001
0 1 0.3625171828125001 0.9829526468750001 0.3625171828125001 0.9829526468750001 0.3924791093750001 1 0.3924791093750001
0 0.1285702090755243 0.8127389845864357 0.10262637027969909 0.8102039317971725 0.09945823404035956 0.8426267737295996 0.12540207283618474 0.8451618265188628
0 0.07083565468750004 0.244345403125 3.0085037408925564e-17 0.244345403125 3.6165630542573454e-17 0.343649025 0.07083565468750005 0.343649025
0 1 0.46537604531250015 0.9360445687500001 0.46537604531250015 0.9360445687500001 0.7112534812500002 1 0.7112534812500002