0 0.2050487483526524 0.33515424211876754 0.158512581046582 0.27040006190730853 0.11621579042048488 0.3007970265304135 0.16275195772655526 0.3655512067418725
0 0.15893254619327032 0.5868156764782358 0.15456915625000003 0.5222781062500002 0.12758641709863558 0.5241024112592927 0.1319498070419059 0.5886399814875285
0 0.5337175486676712 0.8385564191650274 0.5006046593750001 0.8378402359375002 0.5000874481654507 0.8617536101474308 0.5332003374581218 0.862469793374958
0 0.8019273975777041 0.058818804041023354 0.8013109441780848 0.0374073470810557 0.7806475988211803 0.03800226173429887 0.7812640522207995 0.059413718694266524
0 0.5027221504024573 0.3168416461991656 0.41312326587697185 0.2986933687554525 0.3923963076620146 0.40102331943128694 0.4819951921875001 0.41917159687500005
0 0.3555424046010569 0.7710782446660979 0.3342437124999999 0.7408875734375 0.2899724563804327 0.772119732731942 0.3112711484814897 0.80231040396054
0 0.6158168445817686 0.20241385895600636 0.5822239275017205 0.19583836869647536 0.5713773572343881 0.25125141338394497 0.6049702743144362 0.257826903643476
0 0.6419403013038746 0.6262507980427177 0.6360107151149558 0.5739309030012568 0.6122295820879854 0.576626097206861 0.6181591682769042 0.6289459922483218
0 0.8632519800419957 0.7640445179377199 0.8609564186726757 0.7433127422850664 0.8338124035887023 0.7463183098485485 0.8361079649580223 0.7670500855012021
0 0.2243531859659617 0.4539104262613581 0.16217092858074283 0.4481062322662536 0.15431922310134455 0.532224160000007 0.21650148048656342 0.5380283539951115
0 0.14152640034318983 0.31127845874256915 0.10596394629319428 0.27049627410488875 0.04818047402857386 0.3208840131511469 0.08374292807856942 0.3616661977888273
0 0.13159047202004018 0.5239832289717211 0.10458379110489942 0.5222639702684676 0.10046904916660522 0.5868996893521451 0.12747573008174598 0.5886189480553986
0 0.9580265234349037 0.0400932108327845 0.9378633449193771 0.03686361180861293 0.9346157644560223 0.05713905285750692 0.954778942971549 0.06036865188167849
0 0.9046283281250002 0.7483431953124999 0.8786155448410344 0.7429907700627562 0.8744611834301818 0.7631809638574195 0.9004739667141475 0.7685333891071633
0 0.10435296650427332 0.5326204526630537 0.09744834774808311 0.4482395683467188 0.03536654314990008 0.45331952449934443 0.042271161906090295 0.5377004088156794