0 0.3790115683654593 0.5800407536068423 0.3492782164610809 0.5788737428545451 0.34702126347473977 0.636376878316173 0.37675461537911814 0.6375438890684701
0 0.23471999999999998 0.7554775 0.23156319749152016 0.7365097032041232 0.2066393339843787 0.7406577714108353 0.2097961364928585 0.7596255682067121
0 0.8859374707165948 0.600007155630388 0.7592354017780174 0.30436899477370694 0.5755682757812501 0.3830834773437499 0.7022703447198275 0.6787216382004309
0 0.5336259728243774 0.39539727301983907 0.49021366671917577 0.3881321145878253 0.48414654690389475 0.42438564781255206 0.5275588530090964 0.4316508062445658
0 0.17438140134370111 0.48199377611697714 0.17058927544177518 0.4630953101873323 0.15168397952598986 0.46688880657972287 0.15547610542791576 0.4857872725093677
0 0.7357333328125 0.2471575 0.7346099989982933 0.2304198261683193 0.7193890732151165 0.23144136481148553 0.7205124070293232 0.24817903864316623
0 0.6859858249899639 0.23470929417751582 0.683537100557248 0.21967326779814894 0.6694068049819135 0.22197448749169107 0.6718555294146293 0.237010513871058
0 0.3777330984375001 0.9601708328124999 0.3478666671875001 0.9601708328124999 0.3478666671875001 1 0.3777330984375001 1
0 0.2347200000000001 0.8413975 0.20979613649285858 0.8372494317932879 0.20663933398437875 0.8562172285891648 0.23156319749152027 0.8603652967958769
0 0.5327200000000001 6.245855822711471e-17 0.48730566406250003 5.96777321700516e-17 0.48730566406250003 0.01643750000000006 0.5327200000000001 0.016437500000000063
0 0.7357333328125 0.16038416718750007 0.7205124069249277 0.15936262853732744 0.7193890732151165 0.1761003008135146 0.7346099991026886 0.17712183946368726
0 0.685985824989964 0.17283237300998427 0.6718555294146293 0.17053115331644206 0.6694068049819134 0.185567179695809 0.683537100557248 0.1878683993893512