0 0.39615963906250007 0.11807228906250003 0.38023433300269904 0.08015489335419393 0.31999336894019903 0.10545609804169391 0.33591867500000006 0.14337349375000003
0 0.5225554733694968 0.24956718044950463 0.4639076962472398 0.23354764759441143 0.451581325 0.2786746984375001 0.510229102122257 0.29469423129259326
0 0.6936295187500001 0.72 0.5191716875000001 0.72 0.5191716875000002 0.8601807234375001 0.6936295187500001 0.8601807234375001
0 0.7753607519560826 0.6862670476616448 0.7092105661772662 0.6120168397469219 0.6366273660725403 0.6766818731009437 0.7027775518513568 0.7509320810156667
0 0.45035670554461416 0.7864151807749261 0.23492198634351774 0.7547787402846767 0.2022548870825609 0.9772319381584273 0.41768960628365726 1.0088683786486767
0 0.339249122961793 0.009785606305765315 0.2803070119196104 -0.006407282589348751 0.271627672407546 0.02518551080326582 0.3305697834497286 0.041378399698379885
0 0.432056172339531 0.26590620975164897 0.41322157792123165 0.21453913608406552 0.3712198796875 0.22993975937500002 0.3900544741057993 0.2813068330425834
0 0.2274849390625 0.33915662656249995 0.2223042171875 0.26566265 0.18269165446307276 0.2684550104059814 0.18787237633807277 0.34194898696848136
0 0.5606174703125001 0.1415662656250001 0.5130873499999999 0.13090361406250006 0.5030606905146864 0.17559871910986832 0.5505908108271865 0.18626137067236836
0 0.7525686024137728 0.3194924861525087 0.6666595187197095 0.22082462660390303 0.5404587090839017 0.33070636486052624 0.626367792777965 0.42937422440913187
0 1 0.6353012046875002 0.9379066265624999 0.6353012046875002 0.9379066265624999 0.7240361453125002 1 0.7240361453125002
0 0.0698343375000001 0.7583132531250001 9.312294101947247e-17 0.7583132531250001 1.0675700109427837e-16 0.9809743515625 0.06983433750000011 0.9809743515625
0 0.10074315580698152 0.33460892381590984 0.09270166597011893 0.26259134060573164 0.0519735711006374 0.2671390433523218 0.06001506093749999 0.3391566265625