0 0.913368451081985 0.6278138687198642 0.9122502353659527 0.6113667614119449 0.8838551785555696 0.6132973014265841 0.8849733942716019 0.6297444087345034
0 0.9444848484375001 0.6647746218750002 0.8822921731363229 0.6260989947873508 0.8464671632144016 0.6837077105991496 0.9086598385155789 0.7223833376867991
0 0.6935423281959627 0.6211524924745228 0.589802244240189 0.6191951314721635 0.5877254396076307 0.7292657248280481 0.6914655235634044 0.7312230858304074
0 0.14527229236492176 0.3352026259619684 0.07277874263981343 0.309980749282081 0.046473310240521905 0.3855886905896041 0.11896685996563024 0.4108105672694916
0 0.490848484375 0.612471590625 0.4887904410950128 0.5402211230412612 0.4269946304088739 0.5419813670530604 0.42905267368886113 0.6142318346367992
0 0.6395151515625 0.5316231062500001 0.6035055908749911 0.5291554461035008 0.6010510455624911 0.5649736273535009 0.6370606062500002 0.5674412875000001
0 0.1327705580084693 0.8152717986238972 0.13047161710660796 0.7661319642587722 0.07092517978224824 0.7689177640501985 0.07322412068410955 0.8180575984153237
0 0.7523459124433598 0.3628980242988419 0.7410046784237367 0.3071536457217429 0.7001379562194768 0.3154680098238095 0.7114791902391 0.3712123884009085
0 0.7971952955037657 0.3137691628519368 0.7779567110933733 0.3085324063952005 0.7741212125 0.3226231062500001 0.7933597969103924 0.3278598627067363
0 0.8963030296875001 0.4369261359375002 0.8763030296875 0.4369261359375002 0.8763030296875 0.4569261359375002 0.8963030296875001 0.4569261359375002
0 0.43168469287615674 0.5529837735265144 0.4215689873958297 0.4882540270871896 0.34254435767819036 0.5006036796640749 0.3526600631585174 0.5653334261033996
0 0.5612248684239848 0.4088873729030615 0.5331748180393858 0.39855886540631813 0.5209999999999999 0.4316231062500001 0.549050050384599 0.44195161374674347
0 0.9444848484375001 0.9792594703125003 0.9086598394631267 0.9216507532025717 0.8464671635788958 0.9603263787583589 0.8822921725532693 1.0179350958682876
0 0.6926969703125001 0.9142594703125001 0.5886969703125001 0.9142594703125001 0.5886969703125001 1 0.6926969703125001 1
0 0.133693959375 1.1904711262740757e-17 0.0605151515625 7.423801625090885e-18 0.0605151515625 0.02765340937500001 0.133693959375 0.02765340937500001
0 0.13277055559450257 0.828762291474374 0.07322411845456622 0.8259764952826437 0.07092518056918207 0.8751163285148866 0.13047161770911841 0.8779021247066169
0 0.750357584375 8.953330683849223e-17 0.706969696875 8.687656496106018e-17 0.706969696875 0.04050189375000009 0.750357584375 0.04050189375000009
0 0.7971952955037656 0.0393558371480633 0.7933597969103923 0.02526513729326374 0.7741212124999999 0.030501893749999988 0.7779567110933732 0.044592593604799544