0 0.732861847420649 0.49627467580095386 0.7128969359374999 0.4636768796875 0.6633952205629124 0.4939947994105999 0.6833601320460615 0.5265925955240538
0 0.3199003881949172 0.6151444354735898 0.29009809923676066 0.6068166349218844 0.28283087100550075 0.6328235060432791 0.31263315996365726 0.6411513065949844
0 0.8285702090755243 0.1872610154135644 0.8254020728361848 0.1548381734811374 0.7994582340403595 0.15737322627040046 0.8026263702796989 0.18979606820282746
0 0.6841033233279622 0.6034720566871671 0.6620891359375001 0.5641504171874999 0.6398704225019417 0.5765895455496197 0.6618846098924038 0.6159111850492869
0 0.4099330746752637 0.6094398835414394 0.33107012763198246 0.5722624751403342 0.3135463889869765 0.6094348798935478 0.39240933603025774 0.646612288294653
0 0.7720010179225498 0.6600501355524525 0.6717662227269197 0.6475023334663399 0.6591803872591012 0.7480409482631816 0.7594151824547314 0.7605887503492941
0 0.4746130129966263 0.3475108718954293 0.2850976265298836 0.28765566121021247 0.21276953713337968 0.5166630551774183 0.40228492360012236 0.5765182658626351
0 0.7104558537922306 0.4071103999857225 0.6270900910804853 0.3177799125503674 0.5297101441506533 0.4086576608052341 0.6130759068623987 0.4979881482405892
0 1 0.46367687968750015 0.9776323124999999 0.46367687968750015 0.9776323124999999 0.5164013093750002 1 0.5164013093750002
0 0.01843298664455868 0.6296800646732083 0.008585377731900356 0.6064163710938736 -0.00984760891265828 0.6142191236081654 4.4408920985006264e-17 0.6374828171875
0 0.9004456828124999 0.15835654531250015 0.8749283840398648 0.15386010804180766 0.8692841868909051 0.18589094852976684 0.8948014856635401 0.1903873858004593
0 1 0.6563509750000002 0.9291643453124999 0.6563509750000002 0.9291643453124999 0.7556545968750001 1 0.7556545968750001
0 0.06395543125000006 0.28874651875 3.597717624826432e-17 0.28874651875 5.1032826993435204e-17 0.5346239546875 0.06395543125000006 0.5346239546875