0 0.6424110671875 0.3321467390625 0.622292490625 0.2647554343750001 0.5583519692920544 0.28384383576221395 0.5784705458545544 0.3512351404497138
0 0.5042032258250826 0.6037118738833132 0.46065748548893026 0.5866419430892102 0.4405368309480481 0.6379701416975709 0.4840825712842004 0.6550400724916738
0 0.8576418294608421 0.8891965232643436 0.8465649438346695 0.8597107221104286 0.7954343181038788 0.8789188857366493 0.8065112037300514 0.9084046868905643
0 0.9589243160447024 0.8952024604884485 0.9378662029314997 0.8559598371452133 0.9011742219974265 0.8756492416505923 0.9222323351106292 0.9148918649938276
0 0.7558755023808289 0.231004918164043 0.7432411062500002 0.21048665937499997 0.7261585582853177 0.22100546996846684 0.7387929544161466 0.24152372875750988
0 0.7537197608276811 0.26261228687759886 0.7228147737634198 0.26069233956737276 0.721335842963214 0.2844983768507184 0.7522408300274752 0.2864183241609445
0 0.46126482187500023 0.44526926875000006 0.43734896471615325 0.44473314346057824 0.43643987409115326 0.4852865028355783 0.46035573125000023 0.4858226281250001
0 0.408379446875 0.3227000984375 0.370931581538566 0.31612480443120206 0.36263118622606594 0.36339753255620205 0.4000790515625 0.3699728265625001
0 0.10407620287479322 0.17492115182177576 0.06812542217394982 0.16864153968005424 0.06083003906250003 0.21040760937499997 0.09678081976334343 0.21668722151672154
0 0.20059844979955116 0.6337210539808806 0.17606387785626532 0.6076498705783061 0.14478260937500004 0.6370874500000001 0.16931718131828588 0.6631586334025747
0 0.19324110625 0.600447134375 0.18902063622069804 0.5597430489435677 0.154712336220698 0.5633003614435678 0.15893280625 0.604004446875
0 0.07739130468750002 0.877047925 0.051285940100246695 0.8313417096953323 0.009902540100246781 0.8549780737578324 0.036007904687500106 0.9006842890625
0 0.3726576094980586 0.7309314696007273 0.35995238348026076 0.6967351413993634 0.29087909678686963 0.722398473265405 0.30358432280466746 0.7565948014667689
0 0.656727965727121 0.5515920302594258 0.6364822140624999 0.5070874500000001 0.5299918557413728 0.5555313929981913 0.5502376074059938 0.600035973257617
0 0.7842292484375001 0.44918231249999996 0.7833204800608702 0.4051540611909969 0.72778688318587 0.40630030650349697 0.7286956515625 0.45032855781250003
0 0.9362724027940089 0.41153719794830196 0.9097796618920905 0.3039141267324452 0.8082101381159228 0.3289167125770387 0.8347028790178413 0.43653978379289543
0 0.8576418294608426 0.9420534767356565 0.8065112037300516 0.9228453131094358 0.7954343181038789 0.952331114263351 0.8465649438346698 0.971539277889572
0 0.9589243160447027 0.9360475395115518 0.9222323351106294 0.9163581350061726 0.9011742219974265 0.9556007583494079 0.9378662029314999 0.9752901628547871
0 0.07739130468750006 0.9542020750000001 0.03600790468750019 0.9305657109375 0.00990254010024696 0.9762719262421676 0.05128594010024683 0.9999082903046677