0 0.16671162750556506 0.5222962199610446 0.1629813938189213 0.5111055223343323 0.14612558160402403 0.5167241281297088 0.1498558152906678 0.5279148257564211
0 0.8750544057059317 0.5026834532132789 0.7448359978673107 0.4988535055917013 0.7407550806596264 0.6376048917234493 0.8709734884982472 0.6414348393450269
0 0.7481576779365832 0.4688555882269737 0.6795987725926487 0.45463378415326716 0.6740214327672627 0.48152040916777833 0.7425803381111972 0.4957422132414848
0 0.5445577631144654 0.4440782865990693 0.4731087386381837 0.43938610984689463 0.46723979309632613 0.5287541059429075 0.5386888175726077 0.5334462826950822
0 0.2622671401062239 0.41443811816432563 0.22572781087302615 0.40582722950511024 0.2144579931714196 0.45364942250913015 0.25099732240461725 0.46226031116834554
0 0.21598211151987362 0.5519719741704403 0.21493601717073302 0.5335158731215266 0.19206269682581364 0.5348123360686836 0.19310879117495422 0.5532684371175973
0 0.16671162750556506 0.04332878003895541 0.14985581529066777 0.03771017424357894 0.14612558160402403 0.04890087187029117 0.1629813938189213 0.054519477665667636
0 0.16671162773159248 0.9084450574023976 0.14985581415154128 0.9028264537375857 0.1461255822448631 0.9140171511742295 0.1629813958249143 0.9196357548390413
0 0.8399095593749999 9.743941283465086e-17 0.7513968140625 9.201957032311595e-17 0.7513968140625 0.0658822671875001 0.8399095593749999 0.0658822671875001
0 0.8750544140123147 0.928057819643918 0.8709734878592149 0.7893064401133212 0.7407550799920889 0.7931363963132362 0.7448360061451886 0.931887775843833
0 0.748157677936583 0.09676941177302649 0.7425803381111971 0.06988278675851527 0.6740214327672625 0.08410459083222177 0.6795987725926486 0.110991215846733
0 0.7481576779365829 0.9618856898980269 0.7425803381111971 0.9349990648835155 0.6740214324565108 0.9492208690216837 0.6795987722818968 0.9761074940361951
0 0.5445577631144652 0.12154671340093084 0.5386888175726077 0.03217871730491799 0.46723979309632613 0.036870894057092665 0.4731087386381837 0.12623889015310552
0 0.5445577630122939 0.9866629915326405 0.5386888175726077 0.897294996992418 0.467239793096326 0.9019871737445927 0.4731087385360123 0.9913551682848152
0 0.26226714010622376 0.15118688183567452 0.25099732240461714 0.1033646888316545 0.2144579931714194 0.11197557749086987 0.225727810873026 0.1597977704948899
0 0.2559963156250001 0.970952034375 0.22205341718750007 0.970952034375 0.22205341718750007 1 0.2559963156250001 1
0 0.21598211151987368 0.013653025829559625 0.19310879117495425 0.012356562882402585 0.19206269682581367 0.030812663931316348 0.21493601717073307 0.03210912687847339
0 0.2159821114315948 0.878769305512056 0.19310879117495452 0.8774728425699022 0.19206269682581367 0.8959289436188159 0.2149360170824539 0.8972254065609697