0 0.7587435553847351 0.0669680921961279 0.7156894328125 0.04810996562500005 0.7056713961903014 0.07098168488292636 0.7487255187625366 0.0898398114540542
0 0.511198656626371 0.33989389231898776 0.4969618707053021 0.3136501773850931 0.4667001509214429 0.33006666518994066 0.4809369368425118 0.3563103801238353
0 0.6095236926128398 0.5467935441528539 0.5385917287118998 0.4663680583717381 0.3615012056877324 0.6225546012859531 0.4324331695886724 0.7029800870670688
0 0.41101589375000014 0.8750859109375 0.33529048889147556 0.8581324622711998 0.32116629680855313 0.9212205209211737 0.3968917016670777 0.9381739695874739
0 0.32924502461096644 0.1930352904911968 0.3186103953125 0.1493470796875 0.2751998618378534 0.15991411648435755 0.2858344911363198 0.20360232728805436
0 0.43654853906249996 0.06243986250000003 0.40658313662627316 0.052421445448483206 0.39841317034493673 0.0768580731364455 0.4283785727811635 0.08687649018796233
0 0.7751634977382548 0.5840723328795139 0.7465352506374441 0.5741577874451236 0.7343316328705995 0.6093957302499672 0.7629598799714102 0.6193102756843576
0 0.8600783643516772 0.3826545519047212 0.8580205879419657 0.2953134578019407 0.7720466484362623 0.29733902373264254 0.7741044248459741 0.384680117835423
0 0.6542995742973737 0.2576866251726012 0.6312337951437803 0.24173334680869668 0.6154143690684176 0.26460559788258864 0.638480148222011 0.2805588762464933
0 0.7240479713781789 0.5086505504852442 0.7210623082217533 0.4850969688247429 0.6946534879427175 0.4884445633795026 0.6976391510991431 0.511998145040004
0 0.736910736745728 0.46327650969177425 0.7239303199715523 0.39545382405436874 0.6686887745642401 0.40602636738404474 0.6816691913384159 0.4738490530214502
0 0.717831532725554 0.9600621857085511 0.6364019754255562 0.8130431140451965 0.417752734257816 0.9341465240370541 0.49918229155781385 1.0811655957004087
0 0.6592619604953617 0.6881097887907801 0.6387478515625 0.65865979375 0.613957413113815 0.6759281754297091 0.6344715220466766 0.705378170470489
0 1 0.06040076875000013 0.9859299828125 0.060400768750000125 0.9859299828125 0.07768173125000012 1 0.07768173125000014
0 1 0.5761855671875001 0.9702942437500001 0.5761855671875001 0.9702942437500001 0.6137457046875002 1 0.6137457046875002
0 0.9791340050374503 0.30947437011683254 0.8906694798941777 0.29307098042036783 0.8757219297551149 0.3736840701278231 0.9641864548983875 0.3900874598242878