0 0.14337349375 0.6640813250000001 0.1180722890625 0.6038403609375 0.08015489335419394 0.6197656669973011 0.10545609804169394 0.6800066310598011
0 0.2928313250000001 0.4892620484375 0.24738056301471278 0.4783853385607631 0.23322393645221276 0.5375419651232631 0.2786746984375001 0.5484186750000001
0 0.8601807234375001 0.3063704812500001 0.72 0.3063704812500001 0.72 0.4808283125000001 0.8601807234375001 0.4808283125000002
0 0.7501080756230817 0.3037774987994964 0.6917729926509025 0.22156319348810288 0.614255277965321 0.2765658150011066 0.6725903609375 0.3587801203125001
0 1.0077549989065981 0.5814352188163324 0.7824238669966479 0.5525997415975701 0.754946502638573 0.7673180750496182 0.9802776345485233 0.7961535522683807
0 0.04481368786618982 0.6745005270428681 0.015206888283937747 0.6579830496222755 -0.013462221457252 0.7093710772669075 0.016144578125000076 0.7258885546875
0 0.28114457812500004 0.6095030125 0.2654060079623807 0.5676974345886439 0.21420118921238065 0.5869745424011439 0.22993975937500002 0.6287801203125001
0 0.33915662656250006 0.7725150609375001 0.2663894352416997 0.7673855714542717 0.2635196305103577 0.8080967632057499 0.33628682183115804 0.8132262526889782
0 0.1789633179419498 0.48269688604139693 0.174907264368644 0.43645788035549726 0.1268475604891942 0.44067364431410033 0.1309036140625 0.48691265
0 0.4165084665372742 0.30572475856456466 0.2846339477064135 0.24555701002941116 0.22475198741913927 0.37680514365234663 0.35662650625000003 0.4369728921875001
0 0.7240361453124999 8.376980489893589e-17 0.6353012046875001 7.833635684848906e-17 0.6353012046875001 0.062093373437500085 0.7240361453124999 0.062093373437500085
0 0.9809743515625 0.9301656625 0.7583132531250002 0.9301656625 0.7583132531250002 1 0.9809743515625 1
0 0.3391566265625 0.9399849390625 0.336286821831158 0.8992737473110219 0.26351963051035765 0.9044032367942503 0.26638943524169967 0.9451144285457284