0 0.9184201651660121 0.35678047118124934 0.8308023857055673 0.34739285140940035 0.8193744411097938 0.45405366145640125 0.9069922205702386 0.4634412812282503
0 0.23056179766513168 0.4300316015743421 0.13382022551184217 0.38166081408157904 0.08916853914986858 0.47096418419105274 0.1859101113031581 0.5193349716838158
0 0.5309540812512583 0.5042489391933046 0.5204900831531248 0.47470353491332506 0.4909966753393665 0.48514911759502055 0.5014606734375 0.514694521875
0 0.5313446434520346 0.3918897122190641 0.4072841059638181 0.34852596004064973 0.3604826187724634 0.4824216070851775 0.4845431562606798 0.5257853592635919
0 0.3961228127031166 0.5075668465196713 0.36287765563665664 0.4850243556858283 0.33591214605854003 0.524792481041157 0.369157303125 0.547334971875
0 0.759607280416677 0.60361364539737 0.7504304129092653 0.571911738829869 0.7162867497098265 0.5817954306113643 0.7254636172172383 0.6134973371788652
0 0.9184201651660124 0.20744003350625073 0.906992220570239 0.10077922345924976 0.8193744409442832 0.11016684324883204 0.8308023855400567 0.216827653295833
0 0.2033707859375001 0.935200140625 0.10466292187500012 0.935200140625 0.10466292187500012 1 0.2033707859375001 1
0 0.23056179766513157 0.13418890311315787 0.18591011130315788 0.04488553300368423 0.08916853852486842 0.09325632080894741 0.1338202248868421 0.18255969091842106
0 0.5309540812512585 0.9363760608066954 0.5014606734375001 0.925930478125 0.49099667533936653 0.9554758824049795 0.520490083153125 0.9659214650866751
0 0.5309540812512583 0.05997156549419551 0.5014606734374999 0.04952598281250005 0.4909966748476579 0.0790713884808327 0.5204900826614163 0.08951697116252817
0 0.5139033953125002 0.9295259828125 0.3876849375000001 0.9295259828125 0.3876849375000001 1 0.5139033953125002 1
0 0.5313446434520346 0.17233079403093593 0.48454315626068 0.038435146986408084 0.3604826192591532 0.0817988989947063 0.4072841064505079 0.21569454603923416
0 0.3961228127031166 0.9330581534803286 0.369157303125 0.8932900281249999 0.3359121460585399 0.915832518958843 0.3628776556366565 0.9556006443141717
0 0.39612281323284404 0.056653658286104025 0.36915730312499995 0.016885534375 0.33591214656748314 0.03942802612523981 0.36287765667532723 0.07919615003634384
0 0.7596072804166774 0.8370113546026303 0.7254636172172386 0.827127662821135 0.7162867497098266 0.8588295693886359 0.7504304129092654 0.8687132611701311