0 0.24612476128996336 0.6240851885105073 0.23206310100002359 0.6093204428120178 0.21414247968750005 0.6263876984375001 0.2282041399774398 0.6411524441359895
0 0.6219697210135082 0.36753696204925007 0.6142744062500001 0.311770284375 0.5503257929432006 0.32059463484034817 0.5580211077067089 0.37636131251459826
0 0.7132453828125 0.48884152343750015 0.6803250137306469 0.48597730626116437 0.678240580918147 0.5099350906361644 0.7111609500000001 0.5127993078125002
0 0.3819788921874999 0.5430103890625 0.37283540489804967 0.5046308925113642 0.3200858388992104 0.5171978886831815 0.32922932618866063 0.5555773852343174
0 0.2788390500000001 0.7034325531250001 0.22590853120080606 0.6424735170099838 0.15567282343750005 0.7034589375000001 0.20860334223669405 0.7644179736150164
0 1.0014935039388755 0.34580156298975256 0.7851692138411439 0.30214867976279275 0.7437614245410578 0.5073472820701301 0.9600857146387893 0.55100016529709
0 0.2335804203351189 0.5527194591185471 0.218376740172963 0.5346198386529288 0.19879202191663253 0.5510710008748552 0.21399570207878843 0.5691706213404735
0 0.3081598171319237 0.6142246232418431 0.269904942660782 0.549953353542975 0.2516747367253705 0.5608041464852922 0.28992961119651217 0.6250754161841602
0 0.14814086736494853 0.6779797784162487 0.12511792137501315 0.6660945550189552 0.11193747588506468 0.6916264844152067 0.13496042187500007 0.7035117078125
0 0.39526314840828936 0.07475209068000307 0.3943432299529511 0.057886941999925765 0.37692802545425674 0.05883686354083478 0.377847943909595 0.0757020122209121
0 0.3952631484082894 0.04087290931999698 0.3778479439095949 0.03992298777908796 0.3769280254542567 0.05678813645916525 0.3943432299529511 0.057738058000074276