0 0.5613291671875001 0.6196444437500002 0.5353545694442872 0.5863566088193796 0.48113818053059976 0.6286618201993845 0.5071127782738127 0.6619496551300051
0 0.4415958328125001 0.9872444437500002 0.42535735041623896 0.96694634190565 0.40628960033564193 0.9822005428350963 0.4225280827319029 1.0024986446794464
0 0.38817361093749997 0.75844444375 0.37756919088546365 0.7053083212609574 0.33614696901046365 0.7135749884484575 0.34675138906249997 0.7667111109375
0 0.3904661240826637 0.4342300163732415 0.33148834595766374 0.4311189054357415 0.32710694375000005 0.5141777781250002 0.38608472187500004 0.5172888890625001
0 0.284955719618759 0.8558019328474309 0.24852834495696952 0.8547097553204852 0.24772276014163377 0.8815784091483533 0.28415013480342327 0.882670586675299
0 0.18060578200039396 0.783598782950556 0.06898770426132714 0.7814719144171896 0.06676707936508071 0.8980103268343562 0.1783851571041475 0.9001371953677226
0 0.2114625000000001 0.6397777781250001 0.1801232491487564 0.627267350979795 0.16967691263426948 0.6534359507169744 0.20101616348551316 0.6659463778621794
0 0.27396639798429795 0.32352368864525183 0.13908679331687743 0.302139526815007 0.11696078745302378 0.44169827816923013 0.2518403921204443 0.46308243999947496
0 0.3729254913463289 0.20390251759981148 0.36624024247023523 0.14653876716146425 0.307570917381679 0.15337616946888463 0.31425616625777264 0.21073991990723187
0 0.5745736109375 0.10720000000000005 0.5445734562455711 0.07804065670184665 0.506040123433071 0.1176851004518467 0.536040278125 0.1468444437500001
0 0.913985493028108 0.4783908736602952 0.6173523307853627 0.46153782346925254 0.6017856376074293 0.7355296155002979 0.8984187998501747 0.7523826656913406
0 0.6296164514938299 0.570039417017135 0.597178144023902 0.5561565408760807 0.5780899989640601 0.6007573218807223 0.610528306433988 0.6146401980217767
0 0.058618056250000085 0.7817333328125 9.720913685215083e-17 0.7817333328125 1.0435018848425993e-16 0.89835555625 0.05861805625000009 0.89835555625