0 0.9830479453125 0.2723416093750001 0.9513004576604182 0.271289497521764 0.949835849202804 0.31548407510419463 0.9815833368548856 0.3165361869574308
0 0.9825754469154269 0.6872860696763776 0.9728906255958985 0.6482184975564965 0.9494120449338158 0.6540388197882099 0.9590968662533443 0.693106391908091
0 0.5189646406853768 0.7126011387434383 0.5077373350635617 0.7047363258794443 0.4986713485933544 0.7176783503909556 0.5098986542151696 0.7255431632549496
0 0.4965753421875 0.6924101031250001 0.48575342499999996 0.6924101031250001 0.48575342499999996 0.7079922937500001 0.4965753421875 0.7079922937500001
0 0.428150684375 0.6693621578125 0.3996917812500001 0.6693621578125 0.3996917812500001 0.6951155828125 0.428150684375 0.6951155828125
0 0.33422837800084904 0.7394180067217628 0.3330008323850287 0.7023332646838746 0.28798744724782316 0.7038232570781039 0.2892149928636435 0.7409079991159921
0 0.20797945156250003 0.29268407500000004 0.16393835625000003 0.29268407500000004 0.16393835625000003 0.3156977734375 0.20797945156250003 0.3156977734375
0 0.7909589046875001 0.4237799656250001 0.7223506604260772 0.41755359941718834 0.7151442202348675 0.4969612655248364 0.7837524644962903 0.5031876317326481
0 0.8018150687500001 0.3235059937500001 0.780667631564928 0.3198904635409141 0.7747993453559779 0.35421439580289027 0.7959467825410499 0.3578299260119763
0 0.09551369843750002 0.35771832187499997 0.05782768178911406 0.3432199451422754 0.04787697177228167 0.36908509061826367 0.08556298842066763 0.38358346735098825
0 0.4249257488784489 0.6269972908046912 0.40003424687500005 0.599225171875 0.37265214807835884 0.6237671079361535 0.39754365008180775 0.6515392268658448
0 0.09480944214454737 0.6452218263104224 0.0833183132695388 0.6078029314910773 0.02400164459139662 0.6260187416454791 0.035492773466405184 0.6634376364648241
0 0.7034471836706009 0.4674027628733235 0.6791053285524338 0.3470164137099643 0.601881901822005 0.36263082081063763 0.6262237569401721 0.4830171699739968
0 0.4758730865290458 0.3075190269055651 0.4383287716742581 0.3021652343578841 0.4344865666860745 0.32910930298368213 0.47203088154086215 0.3344630955313631
0 0.42883561718749996 0.5067594171875 0.4224605197873452 0.47108463170428216 0.4050526078573678 0.47419543202399617 0.41142770525752254 0.509870217507214
0 0.7718039889824844 0.2368349613557315 0.729222879798922 0.23564109899049135 0.7288722575351337 0.24814663173132057 0.7714533667186961 0.24934049409656073
0 0.9830479453125 0.19953339062500003 0.9815833368548856 0.15533881304256933 0.949835849202804 0.15639092489580547 0.9513004576604182 0.20058550247823614
0 0.9825754469154271 0.8393834506361225 0.9590968662533446 0.833563128404409 0.949412044933816 0.8726307005242904 0.9728906255958986 0.8784510227560037
0 0.518964640490983 0.814068380161944 0.5098986525306207 0.8011263565205422 0.4986713478081784 0.8089911705760013 0.5077373357685406 0.821933194217403
0 0.4965753421875002 0.8186772265625001 0.4857534250000001 0.8186772265625001 0.4857534250000001 0.8342594171875 0.4965753421875002 0.8342594171875
0 0.42815068437500015 0.8315539390625 0.3996917812500001 0.8315539390625 0.3996917812500001 0.8573073625 0.42815068437500015 0.8573073625
0 0.33422837800084915 0.7872515135907373 0.2892149928636436 0.785761521196508 0.28798744724782327 0.8228462632343962 0.3330008323850288 0.8243362556286256
0 0.20797945156250003 0.15617722656250002 0.16393835625 0.1561772265625 0.16393835625 0.17919092500000003 0.20797945156250003 0.17919092500000006
0 0.7909589046875001 9.332688058985469e-17 0.7191438359375 8.892947588609296e-17 0.7191438359375 0.048095034375000095 0.7909589046875001 0.0480950343750001
0 0.8018150687499999 0.14836900625000002 0.7959467825410498 0.11404507398802381 0.7747993453559776 0.11766060419710986 0.7806676315649277 0.15198453645908608
0 0.09551369843749999 0.11415667812500001 0.08556298842066763 0.0882915326490117 0.047876971772281646 0.1027899093817363 0.057827681789114016 0.1286550548577246
0 0.42492574887844903 0.8996722310703088 0.39754365008180764 0.8751302950091555 0.3726521480783588 0.9029024139388468 0.4000342468750001 0.9274443500000003
0 0.09480944214454752 0.8814476940020775 0.035492773466405225 0.8632318838476758 0.024001644591396688 0.9006507786670213 0.08331831326953898 0.9188665888214228
0 0.7034471836706009 0.004472237126676504 0.6262237569401721 -0.011142169973996863 0.6018819018220049 0.10924417918936243 0.6791053285524337 0.1248585862900358
0 0.47587308652904586 0.16435597309443498 0.47203088154086215 0.137411904468637 0.4344865666860745 0.14276569701631797 0.4383287716742582 0.16970976564211596
0 0.7718039889824844 0.2350400386442686 0.771453366718696 0.22253450590343946 0.7288722575351337 0.22372836826867962 0.729222879798922 0.23623390100950875