0 0.45688403928175403 0.3997315371380022 0.4311128036668883 0.3770469709819714 0.40094452187499996 0.41132022500000004 0.4267157574898657 0.43400479115603086
0 0.434034409375 0.07443820156249999 0.39632358754712066 0.027912250489439527 0.3666467703125 0.05196629218750002 0.4043575921403793 0.09849224326056047
0 0.7632386102850885 0.2527139252575073 0.7265126903674778 0.24601124490311926 0.7150479768507558 0.3088297187421456 0.7517738967683666 0.31553239909653363
0 0.3572085671875 0.19617977500000003 0.3170119375 0.19617977500000003 0.3170119375 0.25764045 0.3572085671875 0.25764045
0 0.31465407066598433 0.4479516806101591 0.29649059752448126 0.4237457071607554 0.2681181284209969 0.4450355999880963 0.2862816015625 0.46924157343750006
0 0.2516660847919605 0.34265776974370393 0.2236411515625 0.3332865171875 0.2157004886455395 0.3570332411937961 0.24372542187500001 0.36640449375
0 0.22035659960755996 0.4080904047330584 0.21889396093750002 0.37584269687500005 0.1863004812893178 0.37732101849510025 0.1877631199593778 0.40956872635315866
0 0.16454002812500004 0.48696629218750004 0.14088834218750004 0.48696629218750004 0.14088834218750004 0.514157303125 0.16454002812500004 0.514157303125
0 0.6443287565471998 0.5443562152640031 0.49090684729934375 0.5129424381300905 0.45672307675261187 0.6798927325889041 0.6101449860004678 0.7113065097228166
0 0.7758197174985076 0.5186178308966728 0.6181653879518948 0.41350151571125215 0.5561603154656535 0.5064972425312437 0.7138146450122662 0.6116135577166644
0 0.7626299156249999 0.051966292187499985 0.762020019397347 0.03607994359073043 0.7313801345722848 0.037256246002621854 0.7319900307999376 0.05314259459939141
0 0.64442766875 0.25292134843749997 0.6243433984375001 0.23162921406249998 0.6068687292258117 0.24811257706819073 0.6269529995383117 0.26940471144319067
0 0.7134484116528037 0.12465989757411582 0.6836886894440897 0.12093992877092878 0.6810495336958545 0.14205315473823274 0.7108092559045686 0.14577312354141975
0 0.48484901718750006 0.2042696625000001 0.4539782296875 0.2042696625000001 0.4539782296875 0.2339044937500001 0.48484901718750006 0.2339044937500001
0 0.31052192455102884 0.11288167285494972 0.29697451392409047 0.0887973864501852 0.26507373593749994 0.10674157343750004 0.2786211465644384 0.13082585984226455
0 0.6087860674808899 0.7687697891752261 0.45706293946385557 0.7669616050710601 0.4556598951687879 0.8846898102376016 0.6073830231858223 0.8864979943417677
0 0.7968303588179786 0.8863372685280005 0.7941402419897832 0.8245257017163139 0.7355719845199381 0.8270746656585759 0.7382621013481335 0.8888862324702625
0 0.1292872187500001 0.6042696624999999 0.10156250000000008 0.6042696624999999 0.10156250000000008 0.641292134375 0.1292872187500001 0.641292134375
0 0.5211212873722808 0.3140079456260051 0.5167247023210864 0.2817996345730057 0.48724676100199965 0.2858235113894654 0.4916433460531941 0.3180318224424647
0 0.17971126400844203 0.20471835813094863 0.16944430401230012 0.18071006772823967 0.12759323547282092 0.19860735401073742 0.13786019546896283 0.22261564441344645
0 0.016141151562500046 0.377101815625 4.6181653145781164e-17 0.377101815625 4.8132445558009595e-17 0.4089606734375 0.01614115156250005 0.4089606734375
0 0.06223665781250006 0.48696629218750004 0.038584971875000054 0.48696629218750004 0.03858497187500006 0.514157303125 0.06223665781250006 0.514157303125
0 0.10156250000000008 0.6042696624999999 0.07383778125000007 0.6042696624999999 0.07383778125000008 0.641292134375 0.10156250000000008 0.641292134375
0 0.07499571553105547 0.19679837104910933 0.03310744375000001 0.1820505625 0.024211610821270733 0.2073174396903727 0.0660998826023262 0.22206524823948204