0 0.7858575203125 0.6263876984375002 0.7678142808319064 0.6093657737905903 0.753866242254398 0.6241506941541186 0.7719094817349916 0.6411726188010285
0 0.44967420711538797 0.3205946350766281 0.38572559375000004 0.31177028437500004 0.3780302787929157 0.36753696200995445 0.4419788921583036 0.3763613127115825
0 0.3201055406250001 0.4909259562500002 0.28675461718750006 0.48884152343750015 0.28527119253842587 0.5125763167107046 0.31862211597592593 0.5146607495232046
0 0.6794722953125001 0.51905260625 0.6293732550423263 0.5043439439927397 0.6180211078125 0.5430103890625 0.6681201480826737 0.5577190513197603
0 0.8443271765624998 0.7034589375000001 0.7688048257737888 0.6434609332918255 0.7199574725292747 0.7049474276430767 0.7954798233179855 0.7649454318512514
0 0.25591318743442104 0.5075574149638113 0.21498063832855557 0.30216455323617425 -0.0015049303996048312 0.34530775742613906 0.03942761870626067 0.5507006191537761
0 0.79973735812637 0.5454440303206409 0.7772290227878361 0.5391917141260387 0.7702244634205333 0.5644081245299197 0.7927327987590671 0.570660440724522
0 0.7484397825567083 0.5609403029432434 0.7310289620659246 0.5499698214457271 0.6909955263243599 0.6135053156246757 0.7084063468151436 0.6244757971221919
0 0.8876934427808705 0.6901159285861018 0.8733368836749374 0.6658372702555061 0.850683019019067 0.6792330494819042 0.8650395781250001 0.7035117078124999
0 0.6233209460214721 0.059148786201977964 0.6057712741986565 0.057436625013872075 0.6041343660469287 0.07421495235038582 0.6216840378697442 0.07592711353849171
0 0.6233209460214721 0.05647621379802211 0.6216840378697444 0.03969788646150836 0.6041343660469286 0.04141004764961424 0.6057712741986564 0.058188374986128