0 0.7129999999999999 0.7174407890625 0.7101775708879011 0.6985390665191578 0.6837445565401598 0.7024860776470863 0.6865669856522585 0.7213878001904286
0 0.52061669398544 0.3834973860342443 0.5096345434536141 0.36877131858365847 0.49449631334853683 0.3800608446134176 0.5054784638803627 0.39478691206400346
0 0.5925558504308001 0.4028229507505496 0.5846832804337607 0.37884328036861376 0.554455854718885 0.38876699996026964 0.5623284247159244 0.41274667034220547
0 0.26683377823752524 0.5913930368685865 0.2638677628078337 0.561598036399146 0.24799999999999994 0.56317763125 0.25096601542969155 0.5929726317194405
0 0.43707408205228654 0.3058804895096209 0.42900554176715755 0.2928595338741922 0.41389167754747475 0.30222496186080444 0.42196021783260373 0.3152459174962331
0 0.9052980480892957 0.39014924629118797 0.9034151390882859 0.3703786961906956 0.8762430521910428 0.37296651325875824 0.8781259611920527 0.3927370633592506
0 0.954713764221496 0.2608367577958815 0.9314646529968336 0.2598680451876706 0.9305150957822509 0.2826574267946489 0.9537642070069134 0.2836261394028598
0 0.6723342806467996 0.29139384700368687 0.6587923166870208 0.28172101683453965 0.646310098783898 0.2991961241223065 0.6598520627436769 0.3088689542914537
0 0.05447368437500004 0.32844078906249996 0.024473684375000037 0.32844078906249996 0.02447368437500004 0.3484407890625 0.05447368437500004 0.3484407890625
0 0.713 0.8888092109375 0.6865669856522587 0.8848621998095714 0.68374455654016 0.9037639223529139 0.7101775708879012 0.9077109334808423
0 0.5206166943266581 0.012226298831074355 0.5054784657759199 0.0009367714214087997 0.49449631294896196 0.015662838637587485 0.5096345414997001 0.02695236604725304
0 0.590002253125 7.041031130622754e-17 0.55988539375 6.856618553452931e-17 0.55988539375 0.01238815781250007 0.590002253125 0.012388157812500071
0 0.43707408205228654 0.08984319486537932 0.42196021783260373 0.08047776687876707 0.41389167754747475 0.0934987225141957 0.42900554176715755 0.10286415050080797
0 0.9052980480892959 0.005574438083812083 0.8781259611920527 0.0029866210157494023 0.8762430521910428 0.02275717111624176 0.903415139088286 0.02534498818430444
0 0.954713764221496 0.1348869265791186 0.9537642069419221 0.11209754341234823 0.930515095782251 0.11306625601785121 0.9314646530618249 0.13585563918462157
0 0.6723342806467997 0.10432983737131334 0.6598520627436768 0.08685473008354645 0.6463100987838979 0.0965275602526936 0.6587923166870208 0.11400266754046048
0 0.054473684375 0.04728289531250001 0.024473684375000006 0.0472828953125 0.024473684375000006 0.06728289531250001 0.054473684375 0.06728289531250001