0 0.28575289531250003 0.47505681875 0.27911196875 0.4555113640625 0.2691891890625 0.47750000000000004 0.2783011578125 0.489659090625 0.28575289531250003 0.4848295453125 0.28575289531250003 0.47505681875
0 0.790540540625 0.17619318125 0.790540540625 0.161590909375 0.7838996140625001 0.1554545453125 0.7797683390625 0.16278409062500002 0.7789575296875 0.17619318125 0.784749034375 0.1822727265625 0.790540540625 0.17619318125
0 0.9248262546875001 0.35795454531250004 0.9272972968750001 0.34454545468750003 0.9248262546875001 0.32869318125 0.9157142859375 0.337215909375 0.9123938218750001 0.351875 0.9173745171875 0.361590909375 0.9248262546875001 0.35795454531250004
0 0.6139768343750001 0.4860227265625 0.608185328125 0.47017045468749996 0.5998841703125 0.47261363593750005 0.5966023171875 0.4933522734375 0.6115057921875 0.501875 0.6139768343750001 0.4860227265625
0 0.5808494203125 0.638465909375 0.5833204640625 0.62994318125 0.57833976875 0.6201704546875 0.5733590734375 0.6214204546875 0.5700772203125 0.6360795453125 0.5717374515625 0.6433522734375 0.5808494203125 0.638465909375
0 0.535250965625 0.5738636359375 0.52694980625 0.55431818125 0.518687259375 0.5689772734375 0.5203474906250001 0.5823863640625 0.5327799234375 0.5848295453125 0.535250965625 0.5738636359375
0 0.45980695000000005 0.42380681875 0.467297296875 0.4226136359375 0.46810810781249995 0.40431818125 0.45980695000000005 0.39943181875 0.4473745171875 0.4079545453125 0.44988417031249994 0.4226136359375 0.45980695000000005 0.42380681875
0 0.059459459375 0.52869318125 0.0627799234375 0.516534090625 0.0627799234375 0.5116477265625 0.05617760625 0.4969886359375 0.048687259375 0.501875 0.047876448437500004 0.516534090625 0.05119691093749999 0.52869318125 0.059459459375 0.52869318125
0 0.06776061718750001 0.20301136406250003 0.07521235468750001 0.19448863593750002 0.0760617765625 0.1835227265625 0.07027027031250001 0.17744318125 0.06362934375 0.175 0.057799228125000005 0.1908522734375 0.0619691125 0.20056818125000003 0.06776061718750001 0.20301136406250003
0 0.8220463328125 0.7372727265625 0.8270270265624999 0.7323863640625 0.8253667953124999 0.716534090625 0.8179150578125001 0.715340909375 0.8154054046875 0.72630681875 0.8170656375 0.7348295453125 0.8220463328125 0.7372727265625
0 0.63637065625 0.8007386359374999 0.6421621625 0.7885227265625 0.64382239375 0.7848863640625 0.63637065625 0.77755681875 0.6322393828124999 0.7787499999999999 0.6280694984374999 0.7873295453125 0.6313899609375 0.7982954546875 0.63637065625 0.8007386359374999
0 0.47057915 0.5640909093750001 0.46976833906250004 0.542159090625 0.4631274125 0.5421022734375 0.45814671875 0.562840909375 0.4647876453125 0.5738636359375 0.47057915 0.5640909093750001
0 0.6396911203125 0.47261363593750005 0.6396911203125 0.45431818125 0.634710425 0.45306818125000003 0.6297297296875 0.46772727343750004 0.6338996140625001 0.48113636406250004 0.6396911203125 0.47261363593750005
0 0.754903475 0.10056818125 0.76069498125 0.1030113640625 0.7615444015625 0.08590909062499999 0.7573745171875 0.084715909375 0.7491119687500001 0.0920454546875 0.7517374515624999 0.09943181875 0.754903475 0.10056818125
0 0.221119690625 0.2676704546875 0.2227799234375 0.2591477265625 0.21945945937500003 0.25181818125 0.21115830156249998 0.25181818125 0.21034749062500002 0.2676704546875 0.21528957499999998 0.2713636359375 0.221119690625 0.2676704546875
0 0.3346718140625 0.3932954546875 0.33714285781250003 0.3835795453125 0.3330115828125 0.37625000000000003 0.32305019375 0.37744318125 0.3238996140625 0.39210227343750004 0.3280308875 0.3957386359375 0.3346718140625 0.3932954546875
0 0.7142857140625 0.6067613640625 0.71675675625 0.5957954546875001 0.7126254828125 0.589715909375 0.704324325 0.589715909375 0.704324325 0.5994318187500001 0.7084942078124999 0.60556818125 0.7142857140625 0.6067613640625
0 0.9372586875 0.7336363640625 0.9339382234375 0.717784090625 0.9272972968750001 0.7189772734375001 0.9239768343750001 0.72630681875 0.9281467187500001 0.7336363640625 0.9372586875 0.7336363640625