0 0.708106796875 0.24690322656250002 0.7118446609375 0.2370322578125 0.7016019421874999 0.2185161296875 0.6923300968749999 0.21729032187500003 0.6849029125 0.240709678125 0.6932524265625 0.2506451609375 0.708106796875 0.24690322656250002
0 1 0.7654193546875 0.997961165625 0.7530967734375 0.9830582531250001 0.7296129031249999 0.9486893203125 0.7308387093750001 0.9375728156250001 0.7839354843749999 0.9542718453125 0.829612903125 0.977524271875 0.8555483875000001 1 0.8460000000000001 1 0.7654193546875
0 0.3065533984375 0.3575483875 0.2602912625 0.3315483875 0.24427184531249999 0.37645161250000003 0.28165048593750003 0.3989032265625 0.31097087343749996 0.3953548390625 0.3065533984375 0.3575483875
0 0.21048543749999998 0.5064516125 0.2460679609375 0.507612903125 0.2291747578125 0.463935484375 0.21048543749999998 0.5064516125
0 0.5831553390625 0.560838709375 0.5617961171875 0.564387096875 0.5493689328125 0.5974838703125 0.5706796109375001 0.6045806453125 0.5929126218749999 0.5750322578125 0.5831553390625 0.560838709375
0 0.5635922328125 0.8622580640624999 0.5938349515625 0.8681935484375 0.622281553125 0.8575483875 0.6489805828125 0.8315483875 0.6587378640625 0.8078709671875 0.6658737859375 0.7534838703125 0.6658737859375 0.74522580625 0.6204854375 0.72632258125 0.5813592234375 0.7405161296875 0.562669903125 0.7689032265625 0.5235436890625 0.7665161296874999 0.562669903125 0.8149677421874999 0.5635922328125 0.8622580640624999
0 0.7636893203125 0.05845161250000001 0.7432524265625 0.11522580625 0.777038834375 0.11877419375 0.7832524265624999 0.062 0.7636893203125 0.05845161250000001
0 0.5111650484375 0.50967741875 0.492718446875 0.46645161249999995 0.47495145625 0.4778064515625 0.472184465625 0.514838709375 0.48980582500000003 0.527161290625 0.5111650484375 0.50967741875
0 0.3532524265625 0.5024516125 0.35417475781249996 0.4925806453125 0.3235436890625 0.45064516093749996 0.277087378125 0.44812903281249994 0.27524271875 0.524709678125 0.315194175 0.5493548390625 0.3532524265625 0.5024516125
0 0.64495145625 0.414838709375 0.675582525 0.370387096875 0.687669903125 0.3481290328125 0.671893203125 0.30741935468750003 0.599417475 0.3221935484375 0.587378640625 0.3889032265625 0.591990290625 0.4234838703125 0.64495145625 0.414838709375
0 0.7499029125 0.717290321875 0.78985436875 0.7160645156250001 0.807524271875 0.683935484375 0.8102912625 0.6185161296875 0.7462135921875 0.59877419375 0.7183495140625 0.6197419359375 0.7164563109375 0.6913548390625001 0.7499029125 0.717290321875
0 0.767572815625 0.7938064515625001 0.7815048546875001 0.7814838703125 0.769417475 0.727161290625 0.7266990296875 0.7345806453125 0.7201941749999999 0.775290321875 0.7359708734375 0.7950322578125 0.767572815625 0.7938064515625001
0 0.40621359218749997 0.9221935484375001 0.432233009375 0.9135483875 0.45082524218750003 0.9 0.4600970875 0.8864516124999999 0.45359223281250005 0.858 0.44058252500000006 0.8407096781250001 0.4192233015625 0.8654193546875 0.392281553125 0.8889032265625 0.3932038828125 0.9061935484375001 0.40621359218749997 0.9221935484375001
0 0.7201941749999999 0.20122580625 0.722961165625 0.19632258125 0.7192718453125 0.183935484375 0.7136893203125 0.182709678125 0.70533980625 0.18767741875 0.70995145625 0.20122580625 0.7201941749999999 0.20122580625