0 0.3500486387561242 0.4582288189334543 0.2640604724898895 0.4229530162110862 0.2237806382174646 0.5211389912788461 0.30976880448369926 0.5564147940012142
0 0.9096024137931036 0.2876460344827588 0.8064665517241381 0.27905137931034496 0.7990641379310345 0.36788034482758636 0.9022 0.3764750000000001
0 0.8238577170797086 0.5455982678919349 0.808587624349317 0.5119535245710718 0.7661597036617718 0.5312099735526508 0.7814297963921634 0.5648547168735137
0 0.8103366074894544 0.5785558778240729 0.6808372879842656 0.5720661624957947 0.6743527793017782 0.7014615857508865 0.8038520988069668 0.7079513010791647
0 0.667211770260208 0.4001532062708179 0.6595088764305961 0.33341583923885276 0.5821768894202359 0.3423415747310608 0.5898797832498479 0.40907894176302595
0 0.17203229352683963 0.526267255687906 0.14473532426132035 0.46568842015212786 0.10043048797262469 0.4856522861424558 0.127727457238144 0.5462311216782341
0 0.4466459470059638 0.29927219082005796 0.3730661897703284 0.2424294599084083 0.3198187766037214 0.3113552780629607 0.39339853383935675 0.36819800897461036
0 0.281710195453675 0.35426992263412366 0.2723164085985703 0.2954001780019726 0.20974937385792494 0.30538393777844297 0.21914316071302958 0.364253682410594
0 0.9096024137931036 0.11860396551724137 0.9022 0.029775000000000006 0.7990641379310347 0.03836965517241375 0.8064665517241381 0.12719862068965512
0 0.8067500000000001 0.8871249999999999 0.6756250000000001 0.8871249999999999 0.6756250000000001 1 0.8067500000000001 1
0 0.667211770260208 0.00609679372918207 0.5898797832498478 -0.0028289417630260162 0.5821768894202359 0.06390842526893933 0.6595088764305961 0.07283416076114742
0 0.4466459470059637 0.10697780917994212 0.39339853383935663 0.03805199102538968 0.3198187766037213 0.09489472193703938 0.37306618977032835 0.16382054009159183
0 0.281710195453675 0.05198007736587634 0.21914316071302958 0.04199631758940599 0.20974937385792494 0.10086606222155706 0.2723164085985703 0.1108498219980274