0 0.42665803380311135 0.9169208524067758 0.40726031598700246 0.8809553218176053 0.3675027658233564 0.9023982346983737 0.3869004836394653 0.9383637652875441
0 0.6544215080591467 0.6928179425212988 0.6365548775893254 0.6245339073177758 0.569343642126716 0.6421198379654223 0.5872102725965374 0.7104038731689452
0 0.5944139734449131 0.6095257468348543 0.5243369479481521 0.5244015090260334 0.4455812140318584 0.5892357761599514 0.5156582395286193 0.6743600139687722
0 0.4494707743574334 0.5055487994067432 0.4319122458472016 0.5020370927792162 0.4251168655001849 0.5360139855599728 0.44267539401041667 0.5395256921874999
0 0.5571813234375002 0.9137944656249999 0.5065093875000002 0.9137944656249999 0.5065093875000002 0.9524901187499999 0.5571813234375002 0.9524901187499999
0 0.9968915122588253 0.8973744015384464 0.9490423971298572 0.8867209713483254 0.9408214329643982 0.9236448403561631 0.9886705480933664 0.9342982705462839
0 0.2617136466338252 0.8973744015384462 0.213864531504857 0.8867209713483252 0.205643567339398 0.9236448403561626 0.25349268246836626 0.9342982705462836
0 0.7885668842368035 0.7045638825400167 0.7807709055548817 0.6282170734092802 0.713099159193044 0.6351272180245175 0.720895137874966 0.711474027155254
0 0.05184535625000007 0.6307509875 7.813871961669694e-17 0.6307509875 8.279044126773232e-17 0.7067193671875 0.051845356250000085 0.7067193671875
0 0.911331521875 0.5605533593750002 0.782438240625 0.5605533593750002 0.782438240625 0.6480237156250002 0.911331521875 0.6480237156250002
0 0.17615365625000007 0.560553359375 0.04726037500000007 0.560553359375 0.04726037500000008 0.648023715625 0.17615365625000007 0.648023715625
0 0.9409408825268575 0.5040979782957238 0.9227830100646625 0.5036072238848487 0.92184564318925 0.538289720459205 0.940003515651445 0.5387804748700801
0 0.20576301690185783 0.5040979782957238 0.18760514443966286 0.5036072238848484 0.18666777756424988 0.5382897204592048 0.20482565002644487 0.5387804748700801
0 0.8622406125 0.9137944656249999 0.8115686765625 0.9137944656249999 0.8115686765625 0.9524901187499999 0.8622406125 0.9524901187499999
0 0.12706274687500013 0.9137944656249999 0.07639081093750011 0.9137944656249999 0.07639081093750011 0.9524901187499999 0.12706274687500013 0.9524901187499999