0 0.7420728421875001 0.5428776984375001 0.7398608569241383 0.5209948331950007 0.7125638673589533 0.5237540942873309 0.7147758526223151 0.5456369595298303
0 0.7826073190544361 0.04454638416199047 0.7101575808174558 0.039707682569731 0.7040114251590461 0.13173389251990755 0.7764611633960264 0.13657259411216702
0 0.5772487262806463 0.3233101799959167 0.564056512543837 0.2157428761523109 0.46778730711799393 0.22754947433661604 0.48097952085480317 0.33511677818022184
0 0.5587994609375 0.3367266187500001 0.48610161874999996 0.3367266187500001 0.48610161874999996 0.4253597125 0.5587994609375 0.4253597125
0 0.2739305852697688 0.796437104109659 0.2584792578079215 0.6795963941661907 0.1628717991285181 0.6922397797855118 0.17832312659036545 0.8090804897289798
0 0.21619154666603918 0.5418884886445785 0.20004766172778626 0.5365071946039157 0.1948678065828314 0.5520467627496235 0.21101169152108432 0.5574280567902863
0 0.5289741167852016 0.7171244293847439 0.48383143616784174 0.6972277265987943 0.46488939531013546 0.7402044202690768 0.5100320759274953 0.7601011230550264
0 0.7252846911692366 0.9388491866228064 0.7160888445863337 0.7660986895221996 0.6175602872409991 0.7713435571931434 0.6267561338239018 0.94409405429375
0 0.21040295537818351 0.15984882831790947 0.2061866723313254 0.14408525088676832 0.18237236542148558 0.15045486203215952 0.1865886484683437 0.16621843946330067
0 0.6056849832029252 0.5631987718990814 0.5841354289963263 0.5532620325815669 0.576587391795474 0.5696312691707258 0.5981369460020729 0.5795680084882404
0 0.7005829379326414 0.14730794128288852 0.6812449245077268 0.13903446280780316 0.6730561359072411 0.15817452636956186 0.6923941493321557 0.16644800484464722