0 0.3818150084073658 0.5540700428301635 0.36485212572482617 0.523712838549288 0.3283342266924604 0.5441181707191246 0.3452971093750001 0.5744753750000001
0 0.4677969340396662 0.8303285077440616 0.45583347164922355 0.8081306759246483 0.42351980781250004 0.8255460390625 0.43548327020294264 0.8477438708819134
0 0.5387642392837448 0.8638125639096316 0.5382307281250001 0.8405781578125001 0.5227579237495019 0.8409334461618941 0.5232914349082467 0.8641678522590256
0 0.6310051528288902 0.6828121032080904 0.622282524799491 0.6729355111373599 0.6138431379466552 0.6803888545362075 0.6225657659760545 0.6902654466069379
0 0.8356734603337976 0.3672398055702316 0.7791889349570884 0.3447934538416627 0.7701319001636129 0.36758478838974806 0.8266164255403222 0.390031140118317
0 0.814076553125 0.40957173437499994 0.7821300906074704 0.3805138653756782 0.7699648369178896 0.3938884463203271 0.8019112994354192 0.4229463153196488
0 0.7907823487675454 0.1697258586999803 0.7616144253406827 0.14202391621593974 0.7464236684873967 0.15801856471208758 0.7755915919142595 0.18572050719612815
0 0.27254315259768197 0.033181370445392384 0.2564146789738243 0.031688486666323325 0.25496222347450104 0.04738019056123055 0.27109069709835876 0.04887307434029961
0 0.481333825875495 0.6571017196360868 0.4641877875944404 0.653808129682864 0.4613950594834176 0.6683467406758083 0.47854109776447223 0.6716403306290311
0 0.66439186736036 0.2997602990424272 0.6613356531249999 0.2820342609375 0.6481343437613549 0.28431034933151905 0.651190557996715 0.30203638743644623
0 0.3471386515625 0.6410278375 0.3291698268898869 0.6392778739294724 0.32602387831968893 0.6715808311104077 0.34399270299230206 0.6733307946809352
0 0.29163543906250006 0.23809421875000006 0.27138348792142153 0.23728965829990326 0.27022658239717556 0.26641064498157885 0.29047853353825415 0.26721520543167565
0 0.29526737688183796 0.7358524607996701 0.29054336250000007 0.6792933624999999 0.26051787444834107 0.6818011966353007 0.26524188883017896 0.7383602949349709
0 0.8898527677707534 0.37203905272798876 0.8836696999999999 0.3456959312500001 0.8268352613749451 0.35903570140689167 0.8330183291456986 0.38537882288488035
0 0.8924783844418787 0.3939727616363801 0.8806428854247121 0.38058236748036245 0.848169754095602 0.4092847125683362 0.8600052531127685 0.4226751067243539
0 0.915758683742608 0.15949976055103474 0.9020191434551208 0.1418374832993822 0.87052147579248 0.16633961672457506 0.8842610160799673 0.18400189397622763
0 0.08426034897212338 0.04732341671222019 0.08270400487830921 0.031685869558394926 0.0665304488746021 0.03329556052301559 0.06808679296841627 0.04893310767684086
0 0.01199946406250008 0.6402997859374999 7.84312311927743e-17 0.6402997859374999 8.040194229383981e-17 0.672483940625 0.011999464062500081 0.672483940625
0 0.06964383151255889 0.26461026268482174 0.06475241003877666 0.23522629522494204 0.04519763224406401 0.23848149417486933 0.050089053717846235 0.267865461634749
0 0.07943924657159425 0.68546104721309 0.04861616718750008 0.6792933624999999 0.03811428624090587 0.73177664028691 0.06893736562500004 0.7379443250000001