0 0.2770144896012875 0.5020819631248279 0.2525234257364209 0.3708305330444463 0.19494046293889586 0.3815753151663534 0.21943152680376246 0.512826745246735
0 0.24576042389940894 0.307654583057978 0.23482993125 0.28236819687500003 0.20295878771333045 0.2961450686523651 0.21388928036273938 0.3214314548353431
0 0.29551534434429405 0.25636443184606494 0.2637941834968658 0.24582973040028352 0.25435180838396243 0.27426177484688746 0.2860729692313907 0.2847964762926689
0 0.46088932255689075 0.7014486833201048 0.37441985719150017 0.647405268046787 0.3335462043157969 0.7128031133498315 0.42001566968118753 0.7668465286231492
0 0.22675437037268273 0.2909627314689743 0.12444824594141028 0.26788147085001734 0.08967098492061973 0.42202932490828643 0.19197710935189213 0.44511058552724336
0 0.16118740177567314 0.2433756009209403 0.14160312008016898 0.2396899979088849 0.13674224955449582 0.26551932823794466 0.15632653125 0.26920493125000006
0 0.6473809531250001 0.4176403062500002 0.5948101572426469 0.40836937476688534 0.5833196423012265 0.47352631359970065 0.6358904381835797 0.4827972450828155
0 0.9491110726418226 0.6175870067787768 0.862528768965771 0.6167087853922397 0.8618414986127115 0.684465562132533 0.9484238022887631 0.68534378351907
0 0.27690476250000007 0.5205314624999999 0.2295434889509232 0.5148633689265114 0.2260060733259232 0.5444211923640114 0.2733673468750001 0.5500892859375
0 0.4737986753782263 0.7885095402052678 0.3670374947450088 0.7769885507223646 0.3608645376538352 0.8341912925554233 0.4676257182870526 0.8457122820383264
0 0.6085399934352089 0.28277533156792817 0.5346841809890518 0.27196590438867896 0.5280171392776697 0.31751871436105167 0.6018729517238268 0.32832814154030093
0 0.7294897953124999 0.3385246593750001 0.6976870749999999 0.3184226187500001 0.6785585032676047 0.3486852487054084 0.7103612235801047 0.3687872893304084
0 0.8312585031250002 0.5985586734375001 0.7738433248311563 0.5533437803471906 0.7531292515625001 0.579647109375 0.8105444298563441 0.6248620024653095
0 0.24576042389940894 0.01109541694202203 0.21388928036273938 -0.0026814548353430224 0.20295878771333045 0.02260493134763496 0.23482993125 0.036381803125000015
0 0.295515344344294 0.0623855681539351 0.2860729692313907 0.0339535237073312 0.2543518083839625 0.044488225153112626 0.2637941834968658 0.07292026959971652
0 0.44479591875000024 0.9202593531250001 0.3565986390625001 0.9202593531250001 0.3565986390625001 1 0.44479591875000024 1
0 0.2020689171875 1.9417204296589704e-17 0.11503809375 1.4088103329095065e-17 0.11503809375 0.04917091875000001 0.2020689171875 0.049170918750000014
0 0.16118740177567312 0.07537439907905977 0.15632653125 0.049545068750000004 0.13674224955449582 0.05323067176205537 0.14160312008016895 0.07906000209111512
0 0.47379867517816765 0.8907846774896827 0.46762571837743544 0.8335819356473788 0.3608645376461606 0.8451029245969319 0.36703749444689276 0.9023056664392358
0 0.6056696314888546 0.03639477034970799 0.5995408495363627 -0.0054803598399443595 0.5285553990365599 0.00490896542166881 0.5346841809890517 0.046784095611321165