0 0.6869510566679167 0.9003269032822493 0.6849064797225485 0.8661731776276577 0.6329827747365273 0.869281535737873 0.6350273516818955 0.9034352613924647
0 0.4466055266314853 0.2360780827516346 0.4355262242003991 0.17666732608746383 0.37115207343749995 0.18867223437500005 0.3822313758685862 0.24808299103917086
0 0.9013317284271768 0.2560565778077315 0.8753412605024293 0.1998766250749922 0.7924887945752527 0.23820656757976075 0.8184792625 0.29438652031250007
0 0.36354838750000007 0.41503168125 0.3156221203125001 0.41503168125 0.3156221203125001 0.4641100234375 0.36354838750000007 0.4641100234375
0 0.2013824890625001 0.6413450453125 0.1415668203125001 0.6413450453125 0.1415668203125001 0.7065063359375 0.2013824890625001 0.7065063359375
0 0.3038785846113306 0.7962952761983036 0.266014532830323 0.7171519810558348 0.2025458163183485 0.7475169382408676 0.2404098680993561 0.8266602333833365
0 0.1632136180055203 0.06775888842200775 0.12518760071255025 0.05469389033734971 0.11152159752780673 0.09446914863142261 0.14954761482077678 0.10753414671608066
0 0.8200658301377113 0.5758466911702359 0.7979313622707188 0.559315010276862 0.7812208600818342 0.5816889041432396 0.8033553279488265 0.5982205850366136
0 0.7858864408516757 0.6088620980866376 0.7766359453124999 0.5826814515625001 0.7559824663588579 0.5899790144684804 0.7652329618980337 0.6161596609926179
0 0.7907920539495654 0.5466719011841 0.763344237143353 0.5449010735186399 0.761850671366512 0.568051332931437 0.7892984881727244 0.569822160596897
0 0.8558271182360265 0.550895483398252 0.8332782664232713 0.54614411835088 0.8282602947603456 0.5699582219400154 0.8508091465731009 0.5747095869873874
0 0.1631207908193836 0.009477589733568303 0.1387603049028913 -0.01664814687720888 0.11003496095703783 0.01013629740715627 0.13439544687353014 0.03626203401793345