0 0.735244565625 0.37770750937500014 0.6678532609374999 0.3575889328125001 0.648764859550286 0.4215294541454456 0.716156164237786 0.44164803070794567
0 0.4133580569107898 0.53934251451107 0.39628812611668707 0.4957967741749176 0.3449599275083264 0.5159174287157996 0.3620298583024291 0.5594631690519519
0 0.1392514095443742 0.1518238931286276 0.1084852491904861 0.14255459957791564 0.09272423058254953 0.19486775841569426 0.12349039093643763 0.20413705196640622
0 0.14403977508721005 0.059994693257036234 0.10199391871165406 0.040871794911625986 0.0844879879422911 0.0793623959467836 0.1265338443178471 0.09848529429219384
0 0.789513340625 0.25675889375000005 0.768995081835957 0.2441244976191713 0.7584762712424901 0.26120704558385366 0.7789945300315331 0.27384144171468244
0 0.7393076604326272 0.27718522623657993 0.737387713122401 0.2462802391723188 0.7135816758390554 0.24775916997252478 0.7155016231492816 0.27866415703678593
0 0.5572068922376215 0.5597412721941328 0.5542806472017336 0.5349169660199877 0.5141773718749998 0.5396442687499999 0.5171036169108876 0.564468574924145
0 0.6772999015625001 0.5916205531250001 0.6306898985645685 0.5888343424350377 0.6283578829395684 0.6278462002475378 0.6749678859375001 0.6306324109375001
0 0.830975790625 0.9296837937500001 0.82287973321689 0.8943647470243352 0.7814963332168899 0.9038509142118354 0.789592390625 0.9391699609375003
0 0.384177371875 0.816245059375 0.3549311333897979 0.8002871725369733 0.3336663115147979 0.8392595037869732 0.36291255 0.8552173906249999
0 0.43971096875000004 0.816245059375 0.3995528656250001 0.80675889375 0.3916888572751341 0.8400498640718238 0.4318469604001341 0.8495360296968238
0 0.1632883935440641 0.9589653440202472 0.12295207500000008 0.9226086953125 0.09177654485660662 0.9571967599262778 0.13211286340067066 0.9935534086340251
0 0.3098052561242794 0.646631418874599 0.28125309926520203 0.6235925703190472 0.23496485743441423 0.6809578131304153 0.2635170142934916 0.703996661685967
0 0.49291255000000006 0.36351778593750017 0.4498981903656202 0.34247432916235454 0.3981862615902562 0.4481772811772592 0.4412006212246361 0.4692207379524048
0 0.5954434655090078 0.21949992380242217 0.5508176875000002 0.21577075156250008 0.5462012318141192 0.27101435882233893 0.5908270098231269 0.27474353106226096
0 0.6832287546875 0.07628458437500009 0.5650074109375 0.07628458437500008 0.5650074109375 0.1755731218750001 0.6832287546875 0.1755731218750001
0 0.07715468689056436 0.19348879626994864 0.057946523264343686 0.14235817053915797 0.028460722110428625 0.1534350561653306 0.047668885736649305 0.20456568189612123
0 0.08482354101180797 0.075338725079286 0.06347234686562438 0.040394764321758085 0.024930788517781854 0.06394413529007259 0.04628198266396545 0.0988880960476005
0 0.06943428906249993 0.9639920953125 0.04579792500000002 0.9226086953125001 0.00009170969533238705 0.9487140598997532 0.023728073757832303 0.9900974598997531