0 0.23017587968750003 0.5950738062500001 0.2268762196298227 0.5503177841667517 0.18321927959422304 0.5535364138521142 0.18651893965190033 0.5982924359353625
0 0.1429511943049846 0.5876808537127414 0.11796115349117176 0.5688053977302561 0.09986896745124016 0.5927584332473063 0.124859008265053 0.6116338892297917
0 0.0870432159735001 0.5463994346980001 0.07724206347156759 0.5438701055274777 0.0741401152481482 0.5558901573045083 0.0839412677500807 0.5584194864750306
0 0.3738970780019844 0.24819830036473314 0.3344537516764562 0.22476207149114039 0.313258704568944 0.2604334742605737 0.35270203089447216 0.2838697031341665
0 0.3140748842279551 0.4460746698387278 0.30985708720465993 0.39457314276914 0.2524840282876944 0.39927179795251627 0.2567018253109895 0.4507733250221041
0 0.27998734627071087 0.37945637637773005 0.26434136091034477 0.36435114860715495 0.24674094901463386 0.3825816441044249 0.262386934375 0.39768687187500007
0 0.29017918628143824 0.49406588631929704 0.22950897363391004 0.3878648433742309 0.10791567353748995 0.4573282984288146 0.16858588618501816 0.5635293413738808
0 0.8841708546874998 0.3510285796874999 0.8823082762709596 0.33680280272162527 0.8660200320752736 0.3389354196011811 0.8678826104918137 0.35316119656705575
0 0.8476370858937212 0.33923502538213085 0.8471985652277054 0.32452461605581495 0.832253178498482 0.32497014145194625 0.8326916991644978 0.3396805507782622
0 0.37389707800198435 0.141296046510267 0.35270203089447205 0.10562464374083362 0.31325870456894395 0.1290608726144263 0.3344537516764562 0.16473227538385968
0 0.27432454658278715 0.017898588754498995 0.2725242701231607 -0.0014918967692862106 0.24996520920306695 0.0006025606529328348 0.25176548566269336 0.01999304617671804
0 0.8841708546874999 0.03846576562500008 0.8678826096501109 0.036333150557299486 0.8660200328728431 0.050558927824172914 0.8823082779102321 0.052691542891873513
0 0.847637085893721 0.05025932149286925 0.8326916991644977 0.0498137960967379 0.8322531784984818 0.06452420542305386 0.8471985652277052 0.0649697308191852