0 0.32295532656250003 0.574341709375 0.3205849668634186 0.5085879107154545 0.2730454561369029 0.5103016632687274 0.2754158158359844 0.5760554619282728
0 0.6665933777668844 0.7531021492632682 0.6126627452205577 0.7485086866575206 0.6090721656250001 0.790664734375 0.6630027981713269 0.7952581969807475
0 0.5003891755422479 0.5228980463821362 0.44673539531250006 0.4931733249999999 0.4203538955825308 0.5407925161253232 0.47400767581227876 0.5705172375074593
0 0.6162388031836382 0.4797037945055564 0.5778361637421771 0.46827191772379173 0.5634600872078914 0.5165648878343221 0.6018627266493526 0.5279967646160866
0 0.1628181831492842 0.7394659161992866 0.15757102050623692 0.686485236052087 0.08909435499239737 0.6932671082403332 0.09434151763544465 0.7462477883875328
0 0.12551755040964094 0.627791996737219 0.05559014249580803 0.6120218500337679 0.04141600146471065 0.6748723079494725 0.11134340937854356 0.6906424546529236
0 0.0992855480760936 0.5346460289647633 0.07339229262434181 0.5241599498641002 0.062199312500000103 0.5517987546875001 0.08809256795175188 0.5622848337881632
0 0.2095189000000001 0.5573314 0.1561242689875481 0.5552821388838379 0.15390437221806055 0.6131227761543647 0.20729900323051248 0.6151720372705267
0 0.9260126812365617 0.5803445582314591 0.8554419837380041 0.5031397676905632 0.7779568848698708 0.5739666870379102 0.8485275823684285 0.6511714775788062
0 0.787628865625 0.3496681703125001 0.7620962203124999 0.3241355234375 0.7263573873433293 0.3598743542195912 0.7518900326558293 0.38540700109459125
0 0.666593376670503 0.830907732696024 0.6630027991098058 0.7887516852053242 0.609072165625 0.7933451453125 0.6126627431856974 0.8355011928031999
0 0.16281818314928426 0.8445439634882131 0.09434151763544471 0.837762091299967 0.08909435499239751 0.890742771447167 0.15757102050623706 0.897524643635413
0 0.1255175504096408 0.9562178829502808 0.11134340937854341 0.893367425034576 0.041416001464710514 0.9091375717380272 0.05559014249580792 0.9719880296537319
0 0.20849499218750006 0.9695650765625 0.15426116875000012 0.9695650765625 0.15426116875000012 1 0.20849499218750006 1
0 0.8962118374999999 0.9449946312499999 0.7876288656250001 0.9449946312499999 0.7876288656250001 1 0.8962118374999999 1
0 0.7876288656250001 0.06595682968750002 0.7518900326558295 0.03021799890540895 0.7263573873433294 0.055750645780409024 0.7620962203125 0.0914894765625001