0 0.7097825621868438 0.3837498918207168 0.5691972375969989 0.22809662903020578 0.44130682858588316 0.34360666936231127 0.5818921531757281 0.4992599321528222
0 0.43529187334465835 0.2951139914698325 0.41769862422424486 0.11922421444695738 0.2537811001994691 0.13561994752582868 0.2713743493198826 0.3115097245487038
0 0.6760140738610481 0.5492997445763286 0.5747765966209009 0.5022247747858672 0.5164984138687602 0.6275554170832198 0.6177358911089074 0.674630386873681
0 0.5530647281250001 0.588700209375 0.5270269921875 0.588700209375 0.5270269921875 0.6398742140625 0.5530647281250001 0.6398742140625
0 0.6600870988625216 0.7978563112339888 0.641446769198018 0.7332605103722232 0.5918277262384607 0.7475790156939952 0.6104680559029643 0.8121748165557607
0 0.7407980956852362 0.8453959262574129 0.6042004149543069 0.824039637713543 0.5835135378780654 0.9563556730759494 0.7201112186089946 0.9777119616198193
0 0.30241034396054994 0.8645748295141532 0.27166316212012115 0.8380284020445881 0.2490757056948775 0.8641901381507349 0.27982288753530626 0.8907365656203
0 0.2951258081806102 0.6840756269357735 0.2749095906250001 0.6629350109375002 0.25906024949979933 0.6780913208731381 0.2792764670554094 0.6992319368714114
0 1 0.2790566031250001 0.8430856921875 0.2790566031250001 0.8430856921875 0.46685534531250017 1 0.46685534531250017
0 0.23908929231574025 0.1405993690866315 0.07770346428146942 0.11576150378100966 0.05041813305903262 0.29304991880134645 0.2118039610933035 0.31788778410696833
0 1.0013236780929788 0.6296030740186744 0.9451131618088588 0.5032658513479696 0.842802269243843 0.5487864664999933 0.8990127855279632 0.6751236891706982
0 0.9924303274831271 0.5895047023496723 0.9664703365015134 0.5884502346345026 0.9643979919413928 0.6394693842183031 0.9903579829230065 0.6405238519334728
0 0.92678718713141 0.7473467533177465 0.8767747044168068 0.7334413349285388 0.8588023152810225 0.7980811591923779 0.9088147979956256 0.8119865775815855
0 0.9369245291593831 0.9532370069237166 0.9125462768581543 0.8220113117306556 0.7764389033245319 0.8472964503399701 0.8008171556257608 0.9785221455330312
0 0.2377098571770775 0.8673189367731038 0.21747267349252689 0.8393834597206821 0.18465507178330465 0.8631573810548223 0.20489225546785525 0.891092858107244
0 0.22813202166022362 0.6782468504785042 0.21239386718750014 0.6629350109375002 0.19212741115227655 0.6837657292089961 0.20786556562500005 0.6990775687500002