0 0.5135138419150055 0.5093439880333808 0.5027250001996878 0.406750700962437 0.4061611028728057 0.4169054843154014 0.4169499445881234 0.5194987713863453
0 0.3285986819639768 0.477707041260203 0.3216291868194839 0.4439817683436938 0.28558258766800704 0.4514309770834908 0.29255208281249995 0.48515625
0 0.8717254577182694 0.4743880770002624 0.8627445434344757 0.392427786652318 0.7750809298786948 0.40203365061167873 0.7840618441624883 0.48399394095962317
0 0.5135138419150056 0.2187810119666193 0.4169499445881235 0.20862622861365482 0.4061611028728057 0.31121951568459866 0.5027250001996879 0.3213742990375632
0 0.5135138417524884 0.7604476791370288 0.4169499445881236 0.7502928958011548 0.4061611028728058 0.8528861828720986 0.5027250000371706 0.8630409662079727
0 0.5079687500000002 0.9520833328125 0.4072916671875002 0.9520833328125 0.4072916671875002 1 0.5079687500000002 1
0 0.3285986819639769 0.2504179587397971 0.29255208281250006 0.24296875000000004 0.2855825876680071 0.2766940229165094 0.32162918681948394 0.2841432316563064
0 0.3285986819639769 0.7920846259272971 0.29255208281250006 0.7846354171875001 0.2855825876680071 0.8183606901040094 0.32162918681948394 0.8258098988438064
0 0.32229166718750013 0.9888541671875 0.2864583328125001 0.9888541671875 0.2864583328125001 1 0.32229166718750013 1
0 0.8717254577182691 0.2537369229997376 0.7840618441624883 0.2441310590403769 0.7750809298786949 0.3260913493883214 0.8627445434344759 0.33569721334768204
0 0.871725458762508 0.7954035893004656 0.7840618466737254 0.7857977230802066 0.7750809301546349 0.8677580131653262 0.8627445422434177 0.8773638793855852
0 0.86796875 0.93625 0.7754687500000002 0.93625 0.7754687500000002 1 0.86796875 1