0 0.6659242765624999 0.4383908687500001 0.6061337467521014 0.2624134984955508 0.4656264665978963 0.31015261807945427 0.5254169964082948 0.48612998833390353
0 0.2521281468665556 0.48869405926708254 0.2375713241023575 0.34991900695781986 0.03757584866155934 0.37089755202905755 0.05213267142575743 0.5096726043383202
0 0.9010818198169531 0.4522542858199034 0.6919287458254928 0.4347124154179583 0.6772247682439323 0.6100290743954356 0.8863778422353924 0.6275709447973807
0 0.7983741640624998 0.407165925 0.7786509372002258 0.3801415539391665 0.7613113443035386 0.392796528355814 0.7810345711658127 0.41982089941664746
0 0.8310573904353651 0.6267812015152773 0.8083836121534158 0.6263533963127046 0.8079666494829192 0.6484525177956515 0.8306404277648685 0.6488803229982241
0 0.6348997765625 0.4719988859375001 0.6272818935481578 0.45961982784031613 0.6125157466731578 0.4687066887778162 0.6201336296874999 0.4810857468750001
0 0.7332186502083469 0.42030530616235967 0.731488936812524 0.3740554139373072 0.683634394771594 0.375845140106103 0.6853641081674169 0.4220950323311555
0 0.6659242765625001 0.036609131250000114 0.5254169964082949 -0.011129988333903417 0.46562646659789636 0.16484738192054582 0.6061337467521015 0.21258650150444933
0 0.24788418750000002 1.8501618165824048e-17 0.0432071265625 5.96876278902419e-18 0.04320712656250001 0.11854677031250001 0.24788418750000002 0.11854677031250002
0 0.8935416953124999 0.9058296218749999 0.6820712687500002 0.9058296218749999 0.6820712687500002 1 0.8935416953124999 1
0 0.7983741640625001 0.06783407500000008 0.7810345711658129 0.055179100583352535 0.7613113443035388 0.0822034716441861 0.7786509372002259 0.09485844606083363
0 0.8310573904353651 0.8949894000472225 0.8306404277648685 0.8728902785642758 0.8079666494829191 0.8733180837668485 0.8083836121534157 0.8954172052497953
0 0.6348997765625 7.665134981810616e-17 0.6133184859374999 7.53298768938374e-17 0.6133184859374999 0.009059020312500075 0.6348997765625 0.009059020312500077
0 0.7332186502083469 0.05469469383764043 0.6853641081674169 0.0529049676688446 0.683634394771594 0.09915485989389716 0.731488936812524 0.10094458606269299