0 0.9643238274578053 0.5430845544544045 0.9137914956179791 0.5310345383263015 0.9021352650686808 0.5799155110865752 0.9526675969085069 0.5919655272146782
0 0.77746376875 0.3277400359375001 0.73871980625 0.3277400359375001 0.73871980625 0.3769670890625001 0.77746376875 0.3769670890625001
0 0.7205289152927581 0.24509868698330167 0.6896154388320621 0.22859564681825856 0.6721456935179297 0.26131995428778304 0.7030591699786257 0.27782299445282616
0 0.45329237241918036 0.4835581926907183 0.3998523362723088 0.47219751335648236 0.3847963916964955 0.5430198822206471 0.43823642784336714 0.5543805615548832
0 0.3357344338242819 0.5660395120455743 0.28662934696114756 0.5531077110166539 0.27547388814852924 0.5954676091288096 0.32457897501166355 0.60839941015773
0 0.11317022526586742 0.7217359253242618 0.06630589207116033 0.6992116451914745 0.03765158306949847 0.758830202437317 0.08451591626420556 0.7813544825701044
0 0.983355985324166 0.5963433376766831 0.9620004421416253 0.5885675000348103 0.9502769493340043 0.6207648745729769 0.971632492516545 0.6285407122148499
0 0.77746376875 0.038657910937500095 0.73871980625 0.03865791093750009 0.73871980625 0.0878849640625001 0.77746376875 0.0878849640625001
0 0.7205289152927581 0.17052631301669866 0.7030591699786257 0.13780200554717412 0.6721456935179297 0.1543050457122172 0.6896154388320621 0.18702935318174174
0 0.3310638671875001 0.9746482484375001 0.28044655781250005 0.9746482484375001 0.28044655781250005 1 0.3310638671875001 1
0 0.11317022526586747 0.8581402824882381 0.08451591626420552 0.7985217252423957 0.03765158306949838 0.8210460053751831 0.06630589207116033 0.8806645626210257
0 0.983355985324166 0.9835328701358172 0.9716324925165448 0.9513354955976503 0.9502769493340043 0.9591113332395234 0.9620004421416255 0.9913087077776901