0 0.3404050325289326 0.5744048529661125 0.2715854753507357 0.5660477916899573 0.2633271818843032 0.6340540059113449 0.3321467390625001 0.6424110671875001
0 0.6542028238732636 0.4854402451279084 0.6393609736634938 0.44101995608369593 0.5864133330676762 0.4587109924905436 0.601255183277446 0.503131281534756
0 0.9084046868905643 0.8065112037300514 0.8789188857366493 0.7954343181038789 0.8597107221104286 0.8465649438346695 0.8891965232643436 0.8576418294608421
0 0.9160735410118079 0.9246612749207139 0.8775319826639654 0.9011119039523997 0.8561807885177817 0.9360558647099279 0.8947223468656242 0.9596052356782421
0 0.23864581283762867 0.735348642651631 0.21569510553667826 0.7276711801687755 0.20912883614669275 0.7473001301200487 0.23207954344764317 0.7549775926029042
0 0.286603008087681 0.7519340126235924 0.2840515423256694 0.721069518353379 0.26016502703326594 0.7230441376492198 0.26271649279527753 0.7539086319194332
0 0.48582262812499993 0.4603557312500001 0.4852865028355782 0.43643987409115315 0.44473314346057824 0.43734896471615314 0.44526926875 0.4612648218750001
0 0.3699728265625001 0.4000790515625 0.36339753255620205 0.36263118622606594 0.31612480443120206 0.370931581538566 0.3227000984375 0.408379446875
0 0.21668722151672148 0.0967808197633434 0.21040760937499997 0.06083003906250001 0.16864153968005421 0.06812542217394979 0.17492115182177573 0.1040762028747932
0 0.6631586334025746 0.16931718131828594 0.63708745 0.14478260937500007 0.607649870578306 0.17606387785626532 0.6337210539808806 0.20059844979955116
0 0.604004446875 0.15893280625000003 0.5633003614435677 0.15471233622069805 0.5597430489435677 0.18902063622069804 0.600447134375 0.19324110625000004
0 0.9006842890624999 0.03600790468750015 0.8549780737578324 0.009902540100246915 0.8313417096953323 0.05128594010024683 0.8770479249999997 0.07739130468750006
0 0.7565948014667689 0.3035843228046676 0.7223984732654052 0.2908790967868698 0.6967351413993635 0.3599523834802609 0.7309314696007274 0.37265760949805865
0 0.600035973257617 0.5502376074059938 0.5555313929981913 0.5299918557413728 0.5070874500000001 0.6364822140624999 0.5515920302594258 0.656727965727121
0 0.45032855781250014 0.7286956515625 0.406300306503497 0.72778688318587 0.405154061190997 0.7833204800608702 0.44918231250000007 0.7842292484375001
0 0.43653978379289554 0.8347028790178415 0.3289167125770387 0.808210138115923 0.3039141267324453 0.9097796618920903 0.41153719794830207 0.9362724027940088
0 0.9705014095443744 0.8481761068713723 0.9547403909364374 0.7958629480335938 0.9239742305825496 0.8051322415843059 0.9397352491904865 0.8574454004220844
0 0.9752897750872102 0.9400053067429639 0.957783844317847 0.9015147057078063 0.9157379879422909 0.9206376040532167 0.933243918711654 0.9591282050883742
0 0.9945383935440638 0.041034655979752976 0.9633628634006705 0.006446591365974985 0.9230265448566064 0.04280324007372212 0.9542020749999998 0.0773913046875001