0 0.6297444087345033 0.11502660572839796 0.6278138687198641 0.0866315489180148 0.6113667614119448 0.08774976463404714 0.613297301426584 0.11614482144443032
0 0.722061334467258 0.09370629188808607 0.6647746218749999 0.055515151562500045 0.6245788180891398 0.11580885945560233 0.6818655306813979 0.15399999978118836
0 0.7297746218750001 0.30730302968750006 0.6198655296875 0.30730302968750006 0.6198655296875 0.41130302968750004 0.7297746218750001 0.4113030296875001
0 0.410684428387599 0.880803150092687 0.3350868652905917 0.8547725145028202 0.3100846147470294 0.9273834657993728 0.38568217784403674 0.9534141013892397
0 0.6148001887817461 0.5703271039117113 0.6124533855404622 0.5086732421396543 0.5399619465335712 0.5114325687923087 0.5423087497748551 0.5730864305643657
0 0.5674412875000001 0.36293939375000017 0.5319346138553583 0.35816715324424003 0.5271164326053583 0.39401563761923997 0.56262310625 0.3987878781250001
0 0.8181547336016453 0.8711478572347133 0.7687829064332121 0.8688380628623152 0.7660348290724508 0.9275781836810042 0.8154066562408839 0.9298879780534023
0 0.3711213865641268 0.28869629865191326 0.36306414270579507 0.24765898334022057 0.3072698742236244 0.2586135992463442 0.3153271180819561 0.29965091455803694
0 0.32762310625 0.20657575781250004 0.3135107015124418 0.20292026824272105 0.30851070151244187 0.222223297930221 0.32262310625000007 0.22587878750000004
0 0.4569261359375 0.10369697031250005 0.43692613593749996 0.10369697031250005 0.43692613593749996 0.12369697031250004 0.4569261359375 0.12369697031250004
0 0.5653334261033998 0.6473399368414826 0.5529837735265144 0.5683153071238435 0.4882540270871896 0.5784310126041705 0.5006036796640749 0.6574556423218098
0 0.4388094876243076 0.4477804659925549 0.40509407348678517 0.4400195614214882 0.3979076921124777 0.4712390954289333 0.4316231062500001 0.479
0 1.0179350958682871 0.11770782744673083 0.9792594703124999 0.0555151515625 0.9216507532025716 0.09134016053687329 0.9603263787583588 0.1535328364211041
0 1 0.30730302968750006 0.9142594703125001 0.30730302968750006 0.9142594703125001 0.4113030296875002 1 0.4113030296875002
0 0.02765340937500011 0.866306040625 1.0609189197334233e-16 0.866306040625 1.1057280161099221e-16 0.9394848484375 0.02765340937500011 0.9394848484375
0 0.877902124706617 0.8695283822908818 0.828762291474374 0.8672294444054977 0.8259764952826435 0.9267758815454339 0.8751163285148866 0.929074819430818
0 0.04050189375000003 0.24964241562499997 3.057237852265694e-17 0.24964241562499997 3.322912040008896e-17 0.293030303125 0.04050189375000003 0.293030303125
0 0.04459259360479954 0.22204328890662667 0.0393558371480633 0.20280470449623436 0.025265137293263767 0.20664020308960768 0.030501893750000002 0.22587878749999998