0 0.2699887827777253 0.174783348179261 0.2032086604310047 0.16936660664771797 0.19743874918826998 0.24050077032818112 0.2642188715349906 0.24591751185972419
0 0.9065275126964792 0.7016833658837792 0.6886088067939753 0.6871782076103363 0.6725503150258222 0.9284334685935273 0.8904690209283259 0.94293862686697
0 0.2473272609375 0.455376884375 0.22946293906249995 0.43864321562499997 0.2092648891184908 0.46020599846944366 0.22712921099349082 0.47693966721944375
0 0.17024187570727617 0.4058358839009445 0.1669252515625 0.38839195937500004 0.1300910399177238 0.3953952707865556 0.1334076640625 0.4128391953125002
0 0.27634736249999997 0.3146733671875 0.2713133793714753 0.2641638588634569 0.21248517131105124 0.27002691745744734 0.2175191544395759 0.3205364257814904
0 0.06642273906250004 0.388391959375 0.04687500000000004 0.388391959375 0.04687500000000005 0.42635678437499996 0.06642273906250004 0.42635678437499996
0 0.3338917768401649 0.12073992484904324 0.31949670502895394 0.08396051716588332 0.22323379716013908 0.12163680285990366 0.2376288689713501 0.1584162105430636
0 0.2529199402567937 0.6563125229383105 0.2503906408778372 0.6209591754607228 0.1904624040540214 0.6252466464640423 0.19299170343297795 0.66059999394163
0 0.5332822878231047 0.11165662836357275 0.49786365844788066 0.07301121941890312 0.4567054008080218 0.11073288191090318 0.49212403018324585 0.1493782908555728
0 0.3711655138090986 0.14968367782113065 0.341947275031078 0.128078843403549 0.3086623150172134 0.17309320873515904 0.337880553795234 0.1946980431527407
0 0.4349009790634417 0.47744651187752396 0.42909992985795187 0.45297201242516083 0.37962983181086374 0.46469762395524083 0.3854308810163536 0.48917212340760396
0 0.7531815328125 0.5245226125000002 0.7362780929896434 0.4986667597921842 0.6984579140625 0.523391959375 0.7153613538853565 0.549247812082816
0 0.323079503072528 0.9775436071487589 0.30357430645853006 0.9456169425587986 0.2636700342483549 0.969995958819793 0.2831752308623528 1.0019226234097531
0 0.577801719002072 0.9394925931057415 0.5684684189553094 0.9061683280558481 0.5080582558784533 0.923087716286196 0.5173915559252159 0.9564119813360893
0 0.5942870609375001 0.649095478125 0.5557945984375 0.649095478125 0.5557945984375 0.70896985 0.5942870609375001 0.70896985
0 0.3590860546875 0.5753266328125 0.33021670781250007 0.5475376890625 0.3220275232522631 0.5560452599806237 0.350896870127263 0.5838342037306237
0 0.4267819690937299 0.6226327150836626 0.40690999810687867 0.5730460794756143 0.3540092036037229 0.5942462081122396 0.37388117459057413 0.6438328437202878
0 0.19014133125000005 0.5828140703125 0.15808102968750007 0.5774623109375 0.15614031350256838 0.5890883841176181 0.18820061506506836 0.5944401434926181
0 0.2747095551390362 0.7110701762045324 0.15837295349403296 0.7052601823018725 0.156554455057567 0.7416729448175696 0.27289105670257024 0.7474829387202295
0 0.12491520156250002 0.3123115578125 0.06528119987432672 0.26895585556051876 0.03108522018682671 0.3159910321230187 0.090719221875 0.359346734375
0 0.2061714828125 0.14336683437500003 0.1748973082163858 0.1196450945101106 0.1550169262523477 0.1458549147055091 0.18629110084846187 0.16957665457039853
0 0.04687500000000005 0.388391959375 0.027327260937500042 0.388391959375 0.02732726093750005 0.42635678437499996 0.046875000000000056 0.42635678437499996
0 0.046875000000000035 0.2877135671875 3.618862768730188e-17 0.2877135671875 4.057489413274983e-17 0.359346734375 0.04687500000000004 0.359346734375