0 0.27949268797335425 0.42977098848520495 0.278866940383719 0.4081201460298292 0.262659527529747 0.4085885688890551 0.26328527511938227 0.4302394113444309
0 0.304760158954993 0.43406190979863923 0.30039766592030526 0.41837456538850526 0.28753630491512483 0.4219511808012107 0.29189879794981255 0.43763852521134466
0 0.27892982680528167 0.2123139669640412 0.11639362471023493 0.19679657170866388 0.09888501976314419 0.3801896029003207 0.26142122185819094 0.39570699815569804
0 0.40345591475719483 0.511527714735482 0.39385204062499996 0.4959821421875 0.3837287645585227 0.5022361845425066 0.39333263869071755 0.5177817570904886
0 0.5426346563588467 0.5000755764204423 0.5094427426618175 0.4942998907113525 0.5046754834765554 0.5216965434065572 0.5378673971735846 0.5274722291156471
0 0.6253571421874999 0.5194005109375002 0.6144897953125 0.5106505109375001 0.606115771500802 0.5210509019662124 0.6169831183758019 0.5298009019662124
0 0.6282071419184543 0.5422076524257728 0.6186724481617275 0.5350566340991366 0.6116132656182731 0.5444688801108638 0.6211479593749999 0.5516198984375
0 0.5824364577974663 0.5384973983226283 0.5571149585983364 0.517502185223006 0.5474609075215613 0.5291455558070041 0.5727824067206913 0.5501407689066266
0 0.9659883366368607 0.5436245026314257 0.7906964417313854 0.4742559436578325 0.729487065848189 0.6289298714906344 0.9047789607536645 0.6982984304642276
0 0.3846234750678392 0.8597721386253404 0.3804426797400094 0.8383330170048167 0.35944729950839305 0.8424272793133211 0.3636280948362229 0.8638664009338448
0 0.02568877500000006 0.448992346875 5.5006010697328705e-17 0.448992346875 5.728035479389187e-17 0.4861352046875 0.02568877500000006 0.4861352046875
0 0.272172215625 2.3376107375023234e-17 0.10958858906249999 1.3420731481846527e-17 0.10958858906249999 0.06455357187500002 0.272172215625 0.06455357187500003
0 0.3846234750678394 0.8681615348121599 0.36362809483622305 0.8640672725036552 0.35944729950839294 0.885506394124179 0.3804426797400093 0.8896006564326837