0 0.6990043296875001 0.3532981609375002 0.6493392151959407 0.30170697448301537 0.6157535463084315 0.33403877774645324 0.6654186607999908 0.3856299642009381
0 0.12805194843749998 0.5713501078124998 0.10186147187500001 0.5344669906250001 0.06878550080665388 0.5579540359483014 0.09497597736915386 0.5948371531358012
0 0.8421558545292269 0.21512814425782562 0.8155171815332686 0.14480204799719068 0.7308417008308669 0.17687609392243644 0.7574803738268253 0.24720219018307138
0 0.8676623375000002 0.2942072515625001 0.8089343436622063 0.28972799841585906 0.8025592002446749 0.37331322369400655 0.8612871940824688 0.3777924768406476
0 0.9318583624790948 0.5676429495401545 0.8902647625744761 0.5654538133684517 0.8871428578125002 0.6247700218750001 0.9287364577171189 0.6269591580467029
0 1.000439090069363 0.8128219378314556 0.9649595900482085 0.7026061553532097 0.9059830866763307 0.7215912481010942 0.9414625866974851 0.8318070305793401
0 0.7818200231723332 0.6382767090725471 0.7178773157947765 0.6361322883644848 0.7153205561682399 0.7123701888938578 0.7792632635457964 0.7145146096019201
0 0.7285580909403293 0.5706475825422102 0.6811350102806344 0.5099115956738762 0.6331130980927021 0.547407438460757 0.6805361787523971 0.6081434253290908
0 0.7848756707158946 0.3778294737549606 0.7224790899151021 0.36090676397508953 0.6957381549968208 0.4595046202298806 0.7581347357976134 0.4764273300097517
0 0.1725521650881549 0.6872501374850486 0.14849788035611622 0.64214835279853 0.08938225578109171 0.673676685336222 0.11343654051313039 0.7187784700227406
0 0.8421558545292267 0.09112185574217455 0.7574803738268252 0.05904780981692879 0.7308417008308669 0.12937390607756366 0.8155171815332685 0.16144795200280943
0 1.000439090069363 0.8787094481060442 0.9414625862417292 0.8597243552114481 0.9059830862205753 0.9699401376896942 0.9649595900482091 0.9889252305842906
0 0.7800340421875002 0.9779734843749999 0.7277415406250002 0.9779734843749999 0.7277415406250002 1 0.7800340421875002 1
0 0.16056277031250013 0.9805708875000001 0.09902118125000012 0.9805708875000001 0.09902118125000013 1 0.16056277031250013 1