0 0.6309090461518218 0.711788571741432 0.627306885724357 0.5702047508778991 0.45807850462967065 0.5745102412500709 0.46168066505713545 0.7160940621136036
0 0.3739317209250572 0.9251129272556067 0.37225334242517977 0.842408070726616 0.2907981393603333 0.8440610892706875 0.2924765178602108 0.9267659457996782
0 0.6146879236926728 0.391736699437079 0.581410807126089 0.3566217155232879 0.5515482984142326 0.38492126382479763 0.5848254149808163 0.4200362477385887
0 0.575429848776381 0.11146834092113544 0.5117163666077096 0.1035532745406584 0.5034231836574747 0.17031046123016105 0.5671366658261462 0.1782255276106381
0 0.593649995260521 0.1465173286560823 0.5830803578124999 0.14310776875000009 0.579813945255522 0.15323364934278044 0.5903835827035431 0.15664320924886263
0 0.6108487624991026 0.15572703458602405 0.6043941114900145 0.1433964219335564 0.5940801452202678 0.14879542802247103 0.6005347962293557 0.1611260406749387
0 0.6186211351277985 0.14789763722188648 0.6101754527178491 0.14620336757880856 0.607486575242494 0.15960702223844075 0.6159322576524434 0.1613012918815187
0 0.11242872812500009 0.572606515625 7.094855763875589e-17 0.572606515625 7.972519309642893e-17 0.71593985 0.11242872812500009 0.71593985
0 0.969127647290423 0.5799898818995495 0.8014557821451616 0.5641238484144794 0.7879842354393488 0.7064908341315235 0.9556561005846103 0.7223568676165936
0 0.27944627187500004 0.924411028125 0.2777610633224946 0.8413696095376139 0.19817982974403406 0.8429845985121126 0.1998650382965395 0.9260260170994987
0 0.01646381562500001 0.38899749375000003 0.002829406560219927 0.3666842577056406 -0.013634409064780062 0.3767444030181406 2.2204460492503132e-17 0.39905763906249997
0 0.8685941421875001 0.38899749375000015 0.8479154405458637 0.3558765248838053 0.8064867502090285 0.38174205829679514 0.8271654518506649 0.41486302716298995
0 0.06583676489793103 0.17078442764294074 0.06072456596599816 0.10439783715371362 -0.0019566833511894936 0.10922470073339308 0.0031555155807433733 0.1756112912226202
0 0.917967091597143 0.17078442750387005 0.9128548924901588 0.10439783698590413 0.8492630950029918 0.10929481885813078 0.8543752941099759 0.1756814093760967
0 0.8438823624999999 0.1533333328125 0.8409249687499999 0.14310776874999998 0.8302796973570322 0.14618654845273255 0.8332370911070323 0.15641211251523254
0 0.8297330652152202 0.1482555625927373 0.8189111001800121 0.14353698118174135 0.8133885368969878 0.1562028613580035 0.8242105019321956 0.16092144276899945
0 0.8157227725143423 0.15990702232295534 0.8151078999235845 0.1468054895655619 0.8059880791004759 0.14723349504862931 0.8066029516912337 0.1603350278060228