0 0.13672676875000006 0.45047806875 0.03789181718750005 0.45047806875 0.03789181718750006 0.588356015625 0.13672676875000006 0.588356015625
0 0.6323976346832836 0.45970528308361513 0.5629094066803246 0.34003469151989346 0.4128092619339527 0.42719222074343033 0.48229748993691157 0.5468628123071521
0 0.8234886440091902 0.5188534559121541 0.8212792874384182 0.3843403063484335 0.6891936997868693 0.38650979061022295 0.6914030563576412 0.5210229401739436
0 0.9686713676298254 0.5804609029440324 0.9660870738823808 0.5211298140336947 0.8785702976328575 0.5249417962813144 0.8811545913803022 0.5842728851916521
0 0.8967406382812501 0.6091049757812502 0.8891262140625 0.6014905515625002 0.8793134539062499 0.6113033117187501 0.886927878125 0.6189177359375002
0 0.13672676875 1.1106487053109702e-17 0.037891817187499996 5.054591699364734e-18 0.0378918171875 0.10889693125 0.13672676875 0.10889693125
0 0.13672676875000012 0.8503532421875001 0.03789181718750011 0.8503532421875001 0.037891817187500114 0.9882311890625 0.13672676875000014 0.9882311890625
0 0.6323976346832835 0.09966971691638493 0.4822974899369116 0.012512187692847964 0.4128092619339527 0.13218277925656965 0.5629094066803246 0.2193403084801066
0 0.6018802093750002 0.9251105234375 0.4374202500000002 0.9251105234375 0.4374202500000002 1 0.6018802093750002 1
0 0.8234886440091902 0.040521544087845904 0.6914030563576412 0.03835205982605652 0.6891936997868693 0.17286520938977706 0.8212792874384183 0.17503469365156646
0 0.822829403125 0.9184669734375 0.6907489593750002 0.9184669734375 0.6907489593750002 1 0.822829403125 1
0 0.9673509015624999 1.1313506026571042e-16 0.880284846875 1.0780380200633866e-16 0.880284846875 0.03746835937500011 0.9673509015624999 0.037468359375000114
0 0.9686713676298255 0.8582483548684676 0.8811545913803022 0.854436372620848 0.8785702976328575 0.9137674615311859 0.966087073882381 0.9175794437788054
0 0.8967406382812501 0.8296042820312503 0.88692787890625 0.8197915226562502 0.8793134539062502 0.8274059476562501 0.8891262132812502 0.8372187070312501