0 0.6531604970121948 0.36370368143035986 0.6236321486125461 0.3622902549523923 0.6208742584576273 0.4199062276342561 0.650402606857276 0.42131965411222366
0 0.792509415826224 0.2601344442616275 0.7908977630376237 0.24082889192122886 0.765151084684448 0.24297825834356424 0.7667627374730484 0.26228381068396295
0 0.43653788014234135 0.6038734046088716 0.2685640714316636 0.32757340778579697 0.09851378171304663 0.4309537739270276 0.2664875904237244 0.7072537707501022
0 0.5158415845149092 0.5766909326009524 0.4728563899089487 0.5681108827144733 0.4657225157617722 0.6038508810324382 0.5087077103677328 0.6124309309189172
0 0.8472741441408926 0.5339243110939745 0.8456380080335808 0.5145301031196651 0.8256116463842369 0.5162195690383548 0.8272477824915487 0.5356137770126642
0 0.2804744783472745 0.7531708344497213 0.2642666671875001 0.7528425000000001 0.2639427242023727 0.7688335321135494 0.2801505353621471 0.7691618665632708
0 0.3303776264168467 0.7782214056033093 0.3282969767806615 0.7629836892905616 0.3141586571194618 0.7649142206809338 0.316239306755647 0.7801519369936816
0 0.6531604964338952 0.0394213188319278 0.6512072178026348 -0.0013852784846343446 0.6222669015625 -5.551115123125783e-18 0.6242201801937604 0.040806597316562145
0 0.7925094158262238 0.1429905557383726 0.7667627374730482 0.14084118931603723 0.765151084684448 0.16014674165643586 0.7908977630376236 0.1622961080787712
0 0.5126943359375001 0.9835625 0.46728000000000014 0.9835625 0.46728000000000014 1 0.5126943359375001 1
0 0.28047447831563466 0.8392874983634198 0.28015053536214685 0.8232964678117295 0.26394272423401216 0.82362480226081 0.2642666671874999 0.8396158328125003
0 0.33037762839685936 0.8142369289175619 0.31623930872204553 0.812306394198354 0.314158655735743 0.827544108785933 0.3282969754105568 0.8294746435051408