0 0.4213196541122236 0.650402606857276 0.419906227634256 0.6208742584576273 0.36229025495239225 0.623632148612546 0.36370368143035975 0.6531604970121947
0 0.26228381068396295 0.7667627374730482 0.24297825834356432 0.765151084684448 0.24082889192122892 0.7908977630376237 0.2601344442616276 0.792509415826224
0 0.6956310052262931 0.24076459822198268 0.39999284436961197 0.1140625292834053 0.32127836179956903 0.2977296552801726 0.6169165226562501 0.42443172421875
0 0.6124309309189171 0.5087077103677327 0.6038508810324381 0.4657225157617721 0.5681108827144732 0.4728563899089487 0.5766909326009523 0.5158415845149092
0 0.5369046898126679 0.8294107245582248 0.518006223883023 0.8256185986562989 0.5142127274906324 0.8445238945720845 0.5331111934202772 0.8483160204740103
0 0.7695801738316808 0.26539000100170684 0.7528425000000001 0.2642666671875 0.7518209613568339 0.2794875929706768 0.7685586351885145 0.2806109267848836
0 0.7790558328125 0.3152266671875001 0.7630825 0.3152266671875001 0.7630825 0.3290933328125001 0.7790558328125 0.3290933328125001
0 0.03982916718750008 0.6222669015625 7.620571692138568e-17 0.6222669015625 7.803450839299903e-17 0.6521333328125001 0.03982916718750008 0.6521333328125001
0 0.1627505682067121 0.7902038635071416 0.15860250000000004 0.7652800000000001 0.13963470320412313 0.7684368025084798 0.14378277141083523 0.7933606660156214
0 1 0.46728000000000014 0.9835625 0.46728000000000014 0.9835625 0.5126943359375001 1 0.5126943359375001
0 0.8396158328125003 0.26426666718750014 0.8236248022608101 0.2639427242340123 0.8232964678117295 0.28015053536214696 0.8392874983634195 0.28047447831563477
0 0.829468846683558 0.32814447058537055 0.8271676269900159 0.31401417501003603 0.8121316006106488 0.31646289944275197 0.8144328203041911 0.3305931950180865