0 0.7459041558016222 0.7942676794736225 0.7178798517138518 0.7674027734968686 0.6808286451049996 0.8060529843602062 0.70885294919277 0.8329178903369602
0 0.5257617311308822 0.4276932791863546 0.45295798628338596 0.42076193117568533 0.4455342550449776 0.49873744677027493 0.5183379998924739 0.5056687947809443
0 0.6484071968749999 0.6853333328125001 0.6369912451028344 0.6615568482664045 0.6014291183052807 0.6786315139365728 0.6128450700774462 0.7024079984826685
0 0.7894375 0.9396060609375001 0.7810305194113252 0.9159235081525186 0.7333826790033563 0.9328378363095788 0.7417896595920312 0.9565203890945604
0 0.54101249896756 0.21496989975263778 0.40249487433756015 0.016615520971470656 0.2297666678515382 0.1372375158881543 0.36828429248153804 0.33559189466932143
0 0.37518803828978975 0.52190396269878 0.3480297749185334 0.5156261726011527 0.342302182979809 0.5404042311115437 0.3694604463510654 0.546682021209171
0 0.6140738640625 0.8775757578125001 0.6059607299980405 0.8247746074156359 0.5619950707786486 0.8315301285510325 0.5701082048431081 0.8843312789478966
0 0.9156855129150008 0.805015243779588 0.8769196671249114 0.7678531861956291 0.8504743665547695 0.7954397761323825 0.8892402123448588 0.8326018337163411
0 0.9932300648261216 0.673278311860253 0.9510598768384215 0.6672377189927383 0.9472053737186394 0.694146521609536 0.9893755617063397 0.7001871144770507
0 0.8629829546875 0.9342727265624999 0.8167485235524208 0.9160204790764233 0.8074375 0.9396060609375002 0.8536719311350793 0.9578583084235767
0 0.151589015625 0.07966488593750001 9.756134756779835e-18 0.0796648859375 2.178570890229997e-17 0.27612274062500003 0.15158901562500002 0.27612274062500003
0 0.0667014821931925 0.5403694431581175 0.0609089644281013 0.515579084238729 0.03376009886244909 0.5219226909046302 0.03955261662754028 0.5467130498240186
0 1 0.8350897625 0.9828011359375 0.8350897625 0.9828011359375 0.8788491921875 1 0.8788491921875