0 0.5203827716344795 0.5817538458675479 0.509051328401793 0.4858364997293278 0.4063799568493421 0.4979658471853359 0.41771140008202856 0.593883193323556
0 0.48515625 0.7074479171875 0.47879055217412814 0.6720285215922648 0.44488430217412817 0.6781222715922649 0.45124999999999993 0.7135416671875
0 0.4916220033451732 0.1988201977504784 0.46907895986459475 0.12337372158563917 0.3830298737069216 0.14908477383516072 0.4055729171875 0.22453125
0 0.3213742990375632 0.4972749998003122 0.2187810119666193 0.48648615808499446 0.2086262286136548 0.5830500554118766 0.31121951568459866 0.5938388971271944
0 0.8630409662079727 0.4972749999628296 0.7604476791370287 0.48648615824751185 0.7502928958011548 0.5830500554118767 0.8528861828720986 0.5938388971271944
0 1 0.49203125000000014 0.9520833328125 0.49203125000000014 0.9520833328125 0.5927083328125001 1 0.5927083328125001
0 0.2809375000000002 0.6777083328125001 0.24677943037833394 0.6738357610784325 0.24271693037833392 0.7096690954534324 0.2768750000000001 0.7135416671875001
0 0.8226041671875001 0.6777083328125003 0.7884460975658342 0.6738357610784326 0.7843835975658341 0.7096690954534325 0.8185416671875 0.7135416671875002
0 1 0.6777083328125002 0.9888541671875 0.6777083328125002 0.9888541671875 0.7135416671875002 1 0.7135416671875002
0 0.3363125680020512 0.1398814480064161 0.2550734173404677 0.12667539077812906 0.2413129321509165 0.21132519277171297 0.32255208281250003 0.22453125000000002
0 0.8779792334602193 0.139881446609158 0.7967400823915478 0.12667539119233395 0.7829795989313284 0.21132519458317606 0.86421875 0.22453125000000007
0 1.0187806065745129 0.20315513765703538 0.9962375636792318 0.12770866069415762 0.9246965399172188 0.1490847730371224 0.9472395828124999 0.22453125000000015