0 0.6635696828125 0.5840770171875 0.634871911037975 0.5500928147440123 0.6134474328125 0.568184596875 0.642145204587025 0.6021687993184879
0 1 0.2366687046875001 0.9727139359375 0.2366687046875001 0.9727139359375 0.27187652812500007 1 0.27187652812500007
0 0.8598593652467607 0.7328935883255345 0.8209496547748371 0.7082797778799474 0.7861673722246524 0.7632638912325783 0.8250770826965759 0.7878777016781654
0 0.17128964717642173 0.45905019814843656 0.16170031774706853 0.4235462929262931 0.12531535505015695 0.4333735891460284 0.13490468447951015 0.4688774943681719
0 0.49194177945424444 0.6678091301139129 0.4727893103638519 0.6408905689713448 0.45496138500761196 0.6535750801353257 0.4741138540980045 0.6804936412778939
0 0.11523227343750005 0.674297065625 0.09111980560006774 0.6260721271686598 0.060215158855934134 0.641524449649481 0.08432762669336644 0.6897493881058212
0 0.3393579457878923 0.453500389240189 0.324214421703027 0.3884571918798856 0.2661938392703421 0.4019656927400158 0.2813373633552074 0.4670088901003192
0 0.9378221215758572 0.5264864526170709 0.9324754863664524 0.4878076346579913 0.9012713937499999 0.4921210265624999 0.9066180289594048 0.5307998445215796
0 0.9737823169661913 0.37642676581933515 0.9290464546875 0.3701650359375001 0.9241598844022143 0.40507630477582 0.9688957466809056 0.41133803465765506
0 0.834079564654543 0.4602310143356518 0.8233291274734944 0.43679153580893065 0.8010833034439513 0.44699450741077895 0.8118337406249999 0.4704339859375001
0 0.17895824726989362 0.38056895325311313 0.14612519897284854 0.3773123427741051 0.1421519039162385 0.4173709832940563 0.17498495221328358 0.4206275937730643
0 0.8745110023437499 0.5400794617187501 0.8459413203124999 0.5115097796875001 0.814352078125 0.543099021875 0.8429217601562501 0.5716687039062501
0 0.2223827850204209 0.7672129654155027 0.20604466537542981 0.7577031296745409 0.1909779953125 0.7835880203125001 0.20731611495749108 0.793097856053462
0 0.5490005899551621 0.7550450207040509 0.5262983431194813 0.7444506363242425 0.5156596109768191 0.7672479140576917 0.5383618578124999 0.7778422984375
0 0.5424449874999999 0.34762225 0.5420705406752544 0.3201334824176949 0.5013180601506748 0.320688605046865 0.5016925069754203 0.3481773726291701
0 0.8876858655623667 0.7151167160729155 0.8841001355523138 0.6557437319415653 0.8385473804020196 0.6584948128173663 0.8421331104120723 0.7178677969487165
0 0.6635696828125002 0.9845660140625 0.6196636796875001 0.9845660140625 0.6196636796875001 1 0.6635696828125002 1
0 1 0.15886919375000014 0.9727139359375 0.15886919375000014 0.9727139359375 0.19407701718750012 1 0.19407701718750012
0 0.8598593652467607 0.8421064116744656 0.8250770826965759 0.7871222983218347 0.7861673722246525 0.8117361087674217 0.8209496547748373 0.8667202221200526
0 0.49194177945424455 0.9071908698860872 0.47411385409800444 0.894506358722106 0.45496138500761196 0.9214249198646742 0.47278931036385197 0.9341094310286554
0 0.11523227343750016 0.900702934375 0.08432762669336649 0.8852506118941788 0.060215158855934224 0.9334755503505189 0.0911198056000679 0.9489278728313402
0 0.3346466382757586 0.0014305983035536984 0.3104526375554888 -0.029312154666190172 0.26800648834223023 0.004092211092756104 0.29220048906249996 0.03483496406249997
0 0.973782316751689 0.05431895452318909 0.9688957466809057 0.019407687217345048 0.9241598846167168 0.025669417069155976 0.9290464546875 0.06058068437500001
0 0.17895824818054715 0.0501767665971302 0.17498494880213405 0.01011812447207508 0.1421519011224676 0.013374738301614553 0.14612520050088068 0.05343338042666966
0 0.22238278502042083 0.8077870345844973 0.20731611495749105 0.7819021439465381 0.19097799531249998 0.7914119796875 0.20604466537542976 0.8172968703254592
0 0.5490005899551622 0.8199549792959495 0.5383618578125 0.7971577015625 0.5156596109768191 0.8077520859423084 0.5262983431194813 0.8305493636757578
0 0.5424449874999999 0.08312347187500006 0.5016925069754203 0.08256834924583001 0.5013180601506748 0.1100571168281351 0.5420705406752544 0.11061223945730517
0 0.8876858655623666 0.8598832839270845 0.8421331104120723 0.8571322030512833 0.8385473804020196 0.916505187182634 0.8841001355523138 0.9192562680584351