0 0.5193334051613048 0.6624560567602341 0.4862209638243484 0.44722516983780797 0.25694797809964476 0.4824979338844214 0.290060419436601 0.6977288208068475
0 0.4298113203125 0.38599646249999997 0.4293169741320087 0.3271691605824298 0.38406188550835807 0.3275494547567274 0.3845562316888494 0.3863767566742976
0 0.56415094375 0.472788915625 0.5494991069787332 0.4339051930781424 0.4974236351037332 0.4535278337031424 0.512075471875 0.49241155625
0 0.8592452828124998 0.3795813671875 0.8228363269272491 0.34543813852701316 0.7818929316147492 0.3890985166520131 0.8183018874999999 0.42324174531250003
0 0.9577773532214646 0.39285526501959456 0.9037735843749999 0.3369398578125001 0.8659704444531661 0.3734505823512324 0.9199742132996308 0.42936598955832694
0 0.2545634294369576 0.42469398603177283 0.2174864617177193 0.3551105952092813 0.1262858880519806 0.4037061104006397 0.16336285577121892 0.4732895012231312
0 0.502200225 4.730584867393058e-17 0.2686792453125 3.3006812658528027e-17 0.2686792453125 0.08497759375000004 0.502200225 0.08497759375000005
0 0.5193334051613048 0.7812349807397659 0.2900604194366011 0.7459622166931525 0.2569479778648182 0.9611931051419518 0.48622096358952194 0.9964658691885651
0 0.42981132031250013 0.16712853750000004 0.38455623168884945 0.16674824332570243 0.38406188550835807 0.22557554524327256 0.42931697413200876 0.2259558394175702
0 0.56415094375 0.08033608437500006 0.512075471875 0.060713443750000054 0.4974236351037331 0.09959716629685764 0.5494991069787332 0.11921980692185766
0 0.56415094375 0.9709021218749999 0.5120754718750001 0.95127948125 0.49812585784642377 0.988299612581699 0.5502013297214237 1.007922253206699
0 0.8592452828124999 0.1735436328125001 0.8183018875 0.12988325468750003 0.7818929316147492 0.16402648334798697 0.8228363269272491 0.20768686147298704
0 0.9577773532214648 0.1602697349804055 0.9199742132996308 0.12375901044167303 0.865970444453166 0.17967441764876763 0.9037735843749999 0.21618514218750012
0 0.2545634294369576 0.12843101396822734 0.16336285577121892 0.07983549877686892 0.12628588805198054 0.1494188895993604 0.21748646171771924 0.19801440479071883