0 0.6896669993797842 0.4777173170381997 0.5302334753895381 0.35726593083249164 0.3770232042239794 0.5600602216487867 0.5364567282142254 0.6805116078544946
0 0.4026702759874839 0.27708821781186627 0.3920682764678632 0.2562144960322189 0.3703178648349789 0.2672617762497904 0.3809198643545996 0.28813549802943783
0 0.5106500604792561 0.7504226936532298 0.4957278893778058 0.7400198065911351 0.486593683185193 0.7531221489378807 0.5015158542866432 0.7635250359999752
0 0.6268803129568743 0.8829577971794264 0.6048109250000001 0.8794117640625002 0.602375005696988 0.8945721549435689 0.6244443936538622 0.898118188060495
0 0.6576448106160286 0.8806363739232579 0.6412885147665536 0.8800168185015531 0.6405969850686692 0.898273239042864 0.6569532809181442 0.8988927944645688
0 0.29796939161364305 0.5601008936507915 0.14481788154416883 0.3572638624214838 -0.014661551857565147 0.47767834444418555 0.13848995821190907 0.6805153756734933
0 0.942227094738643 0.5601008936507914 0.7890755846691684 0.3572638624214838 0.6295961512674347 0.4776783444441858 0.7827476613369093 0.6805153756734935
0 0.30370794246630195 0.26613741991927775 0.2807919763354012 0.2568012853066307 0.27210580046482447 0.2781218982064856 0.29502176659572515 0.2874580328191326
0 0.9479656455913021 0.2661374199192778 0.9250496794604013 0.25680128530663077 0.9163635035898243 0.27812189820648564 0.9392794697207252 0.28745803281913274
0 0.18765576414543844 0.7541550768942166 0.18089353923632032 0.7398902361609719 0.164344083399928 0.7477354792016734 0.1711063083090461 0.762000319934918
0 0.8319134672704387 0.7541550768942163 0.8251512423613203 0.7398902361609717 0.8086017865249279 0.7477354792016733 0.8153640114340461 0.7620003199349179
0 0.07171934365829277 0.894918461427553 0.07018907500000002 0.8794117640625 0.0484234864455093 0.8815596874539307 0.04995375510380205 0.8970663848189837
0 0.7159770467832925 0.8949184614275533 0.714446778125 0.8794117640625 0.6926811895705093 0.8815596874539302 0.6942114582288018 0.8970663848189835
0 0.034099265192436154 0.8805020732288764 0.018065059830412955 0.8798947181800199 0.01736863393221131 0.8982803986682605 0.03340283929423451 0.898887753717117
0 0.6783569683174362 0.8805020732288767 0.6623227629554129 0.8798947181800202 0.6616263370572113 0.8982803986682606 0.6776605424192346 0.8988877537171172
0 0.013046218750000107 0.8802521015625 1.0795844523765631e-16 0.8802521015625 1.0908189564476887e-16 0.8985994390625001 0.01304621875000011 0.8985994390625001