0 0.5132795703125002 0.5986559140625002 0.4844623656249999 0.5820430109375001 0.47095471751337586 0.6054737537493101 0.4997719222008761 0.6220866568743102
0 0.7001844326942764 0.05541922412873984 0.6223853298990442 0.0534483148832256 0.6209268798561844 0.11101875099762033 0.6987259826514168 0.11298966024313459
0 0.4741683764145078 0.28688152413565393 0.4713978499999999 0.23360214999999998 0.403650930501472 0.23712498849082614 0.4064214569159798 0.2904043626264801
0 0.21270858925344954 0.06360745447684857 0.13568371674313875 0.0552718845738577 0.13177419375000002 0.09139785000000003 0.20879906626031075 0.0997334199029909
0 0.09569892500000003 0.3704838703125 0.05685545415107075 0.3674551398479187 0.054704916651070745 0.3950357851604187 0.09354838750000002 0.398064515625
0 0.7203478805484798 0.5239848204572117 0.7069702723704543 0.5016888046399017 0.6752814665426804 0.5207020862713388 0.6886590747207059 0.5429981020886488
0 0.7611290328125 0.5869892468750001 0.7489429153876038 0.5460156335665387 0.6775931010448113 0.5672360519192023 0.6897792184697076 0.6082096652276636
0 0.4973894511222272 0.7500133223100982 0.45615416957569643 0.6764161749740295 0.3825869143146249 0.7176347084783721 0.42382219586115566 0.7912318558144408
0 0.7420430109375001 0.7822580640625001 0.6735413483974142 0.7810820699438137 0.6722671039626817 0.8553068138218913 0.7407687665027677 0.8564828079405779
0 0.3380853044823262 0.4976909513354471 0.22839825177423162 0.4509547296485497 0.18870004416690536 0.5441239939381026 0.298387096875 0.590860215625
0 0.6309061755863736 0.4400416492862521 0.6133744991521152 0.3638499267545393 0.5635244792662292 0.37532039086587304 0.5810561557004876 0.45151211339758585
0 0.9242740315614555 0.24124366144452 0.9072926556525263 0.13919056515171152 0.7638172046875 0.163064515625 0.7807985805964293 0.26511761191780847
0 0.2395161296875 0.7505376343750002 0.22088049107504154 0.7194110794765751 0.189391336924806 0.7382638082437243 0.20802697553726449 0.7693903631421494
0 0.7569288869674599 0.7150176792371391 0.709523613837626 0.6712385564839293 0.643891274988275 0.7423071104803699 0.6912965481181088 0.7860862332335797
0 0.6465821286094329 0.9096238795332494 0.6075534503539858 0.9031585235692232 0.6026106660277767 0.9329960669662224 0.6416393442832237 0.9394614229302487
0 0.6995698921875 8.234398651819897e-17 0.6220967734375 7.760012617334145e-17 0.6220967734375 0.045752687500000076 0.6995698921875 0.04575268750000008
0 0.21270858925344957 0.03639254552315145 0.20879906626031083 0.00026658009700913086 0.13177419375000002 0.008602150000000003 0.13568371674313875 0.04472811542614233
0 0.6465821286094329 0.9860750454667506 0.6416393442832237 0.9562375020697514 0.6026106660277766 0.9627028580337778 0.6075534503539858 0.9925404014307769