0 0.4938559941036621 0.8937513645276519 0.4411044140625 0.8851335312500002 0.435177759021338 0.9214118401598481 0.4879293390625 0.9300296734375
0 0.7510361533433743 0.7655083913752697 0.7199558878493567 0.717514282414826 0.6901908478236274 0.7367896761345466 0.721271113317645 0.7847837850949904
0 0.42887889531250006 0.42584569687500007 0.4083744437500001 0.4245400593750001 0.40738060122568465 0.44014791063584335 0.4278850527881846 0.4414535481358433
0 0.379739428125 0.17246290781250007 0.3598958793158682 0.1623344317586115 0.35101539375 0.17973293750000002 0.3708589425591318 0.18986141355388858
0 0.4095910609375001 0.28089020781250007 0.37537741093750004 0.2783382796875 0.37340989665252056 0.30471670486994484 0.40762354665252054 0.3072686329949449
0 0.6711637609375001 0.11207715156250012 0.6511637609375001 0.11133531093750011 0.6505373627975638 0.12822298515825928 0.6705373627975638 0.12896482578325927
0 0.44349724800481294 0.07255602645393269 0.36820465012043047 0.05323366812774455 0.35135387877301494 0.11889533994257044 0.4266464766573974 0.13821769826875857
0 0.02502132812500011 0.8851335312499999 1.0864789057805523e-16 0.8851335312499999 1.1098174686420063e-16 0.923248296875 0.02502132812500011 0.923248296875
0 0.8453197273815836 0.7403711151728828 0.8192908427505664 0.7171148732157246 0.7823455591189827 0.7584648267928419 0.80837444375 0.78172106875
0 0.06020637259908057 0.4380708634799183 0.057327121242846356 0.4222022650156895 0.037246846875 0.425845696875 0.04012609823123421 0.4417142953392288
0 0.11511034843750001 0.1797329375 0.10665234608734142 0.16251029988313734 0.08638631249999999 0.1724629078125 0.09484431485015858 0.18968554542936264
0 0.09622389602315413 0.2983823182153586 0.0890211396848231 0.2720156635352567 0.05653468125000001 0.2808902078125 0.06373743758833103 0.3072568624926019
0 0.8850054942465094 0.1268364994204695 0.8830315551136543 0.10978295941958435 0.8632112390625 0.1120771515625 0.8651851781953551 0.12913069156338514
0 0.12000341710499149 0.09862249961559849 0.09047368640259798 0.04527192730404543 0.019683825252465623 0.0844543661355509 0.049213555954859135 0.13780493844710398