0 0.6805116078544945 0.5364567282142255 0.5600602216487864 0.3770232042239795 0.3572659308324916 0.5302334753895381 0.4777173170381996 0.6896669993797843
0 0.2827731093750001 0.377556021875 0.2574229687500001 0.377556021875 0.2574229687500001 0.40167366875 0.2827731093750001 0.40167366875
0 0.7620003199349179 0.5038936916909538 0.7541550768942165 0.48734423585456144 0.7398902361609718 0.4941064607636796 0.7477354792016733 0.5106559166000719
0 0.8969233463781154 0.6251154810810895 0.8949525017990968 0.6033682312075925 0.8794086796524916 0.6047768901319653 0.8813795242315102 0.6265241400054623
0 0.8988877537171172 0.6415971607057658 0.8805020732288767 0.6409007348075642 0.87989471818002 0.6569349401695873 0.8982803986682605 0.6576313660677889
0 0.6805116078544946 0.13854327178577436 0.4777173170381996 -0.014666999379784195 0.35726593083249164 0.14476652461046194 0.5600602216487865 0.29797679577602054
0 0.6805116078544945 0.7828009749107746 0.4777173170381997 0.629590703745216 0.35726593083249175 0.789024227735462 0.5600602216487865 0.9422344989010206
0 0.282773109375 0.27332633125 0.25742296875 0.27332633125 0.25742296875 0.297443978125 0.282773109375 0.297443978125
0 0.2827731093750001 0.917584034375 0.2574229687500001 0.917584034375 0.2574229687500001 0.94170168125 0.2827731093750001 0.94170168125
0 0.7620003199349179 0.17110630830904622 0.7477354792016732 0.16434408339992806 0.7398902361609717 0.1808935392363204 0.7541550768942165 0.18765576414543855
0 0.7620003199349179 0.8153640114340461 0.7477354792016733 0.808601786524928 0.7398902361609718 0.8251512423613203 0.7541550768942165 0.8319134672704387
0 0.8969233463781154 0.04988451891891069 0.8813795242315102 0.048475859994537886 0.8794086796524917 0.07022310986803487 0.894952501799097 0.07163176879240768
0 0.8969233463781154 0.6941422220439106 0.8813795242315103 0.6927335631195378 0.8794086796524917 0.7144808129930348 0.8949525017990968 0.7158894719174075
0 0.898887753717117 0.033402839294234404 0.8982803986682605 0.017368633932211202 0.8798947181800202 0.018065059830412844 0.8805020732288767 0.03409926519243604
0 0.898887753717117 0.6776605424192345 0.8982803986682605 0.6616263370572112 0.87989471818002 0.6623227629554128 0.8805020732288765 0.6783569683174361
0 0.8985994390625001 1.0908189564476887e-16 0.8802521015625 1.0795844523765631e-16 0.8802521015625 0.013046218750000107 0.8985994390625001 0.01304621875000011