0 0.5743417093750001 0.6770446734375 0.5109163023577296 0.6747582499645384 0.5091980898577295 0.7224214796520385 0.5726234968750001 0.724707903125
0 0.7918961714186982 0.3359692155703834 0.7502058468464059 0.3350350761913601 0.7489744098027077 0.38999369499597675 0.790664734375 0.3909278343750001
0 0.5583842914426698 0.5158266763464835 0.5043356011826436 0.5036635093144769 0.49218305348997393 0.5576650110929935 0.5462317437500002 0.5698281781250001
0 0.5279967646160866 0.39813727335064775 0.4797037945055562 0.3837611968163619 0.46827191772379156 0.42216383625782294 0.5165648878343219 0.4365399127921088
0 0.76399390978879 0.8729052574916633 0.7273961008034927 0.824957878884967 0.6794850311187511 0.8615279735920541 0.7160828401040484 0.9094753521987504
0 0.6911339558953591 0.8962957789076815 0.632043156413187 0.8709122845982543 0.6062131098928282 0.931042622878073 0.6653039093750003 0.9564261171875001
0 0.5622848337881633 0.9119074320482481 0.5346460289647631 0.9007144519239064 0.5241599498641001 0.9266077073756585 0.5517987546875002 0.9378006875
0 0.6151720372705267 0.7927009967694877 0.5573314 0.7904811 0.555282138883838 0.8438757310124518 0.6131227761543647 0.8460956277819396
0 0.6485787680590578 0.14232095358077174 0.5716518990810662 0.07200429625778652 0.5026840419998216 0.14745556921878786 0.5796109109778133 0.21777222654177306
0 0.38540700203040873 0.24810996390582937 0.34966816874999995 0.21237113281250006 0.32413552343749996 0.2379037796875 0.3598743567179088 0.27364261078082935
0 0.8355011928032001 0.38733725681430264 0.8309077326960244 0.33340662332949694 0.7887516852053242 0.3369972008901943 0.7933451453125 0.39092783437499995
0 0.9041953045242088 0.8628861978621364 0.857770004046122 0.8247206150619893 0.8194701807353681 0.8713092081085115 0.8658954812134549 0.9094747909086586
0 0.9786583898213712 0.925587577505194 0.95006828421427 0.8700062814121324 0.8901158647053988 0.9008448210944382 0.9187059703125 0.9564261171874998
0 1 0.7915050078125001 0.9695650765625 0.7915050078125001 0.9695650765625 0.8457388312499999 1 0.8457388312499999
0 1 0.10378816250000014 0.9449946312499999 0.10378816250000014 0.9449946312499999 0.2123711343750001 1 0.2123711343750001
0 0.09148947656250003 0.23790377968750004 0.07002500923167411 0.20931657522632716 0.0292002670441741 0.23996949710132717 0.05066473437500002 0.26855670156250006