0 0.661949655130005 0.49288722172618726 0.61964444375 0.43867083281249997 0.5863566088193795 0.46464543055571284 0.6286618201993844 0.5188618194694002
0 1.0009231636675664 0.5669430048138158 0.9822812547045853 0.5553059339008399 0.9675803129120191 0.5788559853370243 0.9862222218750001 0.5904930562500001
0 0.7667111109375001 0.6532486109375001 0.7651576793636916 0.6115761386789849 0.7103132356136916 0.6136205839914848 0.7118666671875001 0.6552930562500001
0 0.5172888890625001 0.6139152781250001 0.4342300163732415 0.6095338759173365 0.4311189054357415 0.6685116540423366 0.5141777781250002 0.6728930562500002
0 0.882670586675299 0.715849865196577 0.8558019328474309 0.7150442803812412 0.8547097553204852 0.7514716550430307 0.8815784091483533 0.7522772398583665
0 0.8986384862012378 0.929963444241784 0.8965307817700634 0.8193510987399113 0.7799094048958601 0.821573304513527 0.7820171093270345 0.9321856500153997
0 0.6623464066129623 0.7925580389259533 0.63505482471265 0.7876961188744281 0.6289915881072063 0.8217310920218217 0.6562831700075187 0.8265930120733469
0 0.46308243999947507 0.7481596078795558 0.32352368864525194 0.7260336020157022 0.3021395268150071 0.8609132066831228 0.4416982781692302 0.8830392125469764
0 0.21073991990723187 0.6857438337422275 0.20390251759981143 0.6270745086536711 0.1465387671614642 0.6337597575297648 0.1533761694688846 0.692429082618321
0 0.14684444375000008 0.46395972187500006 0.10720000000000003 0.4254263890625 0.0780406567018467 0.455426543754429 0.11768510045184674 0.49395987656692897
0 0.7510910270358205 0.10075359917953794 0.4754955446074258 0.08808695437505865 0.461880218022132 0.3843234524070603 0.7374757004505267 0.39699009721153955
0 0.6146401980217766 0.38947169356601224 0.5700394170171349 0.37038354850617033 0.5561565408760805 0.40282185597609815 0.6007573218807222 0.42191000103594006
0 0.89835555625 0.9413819437500001 0.7817333328125001 0.9413819437500001 0.7817333328125001 1 0.89835555625 1