0 0.4934390726427857 0.7744573990970828 0.3841357117460447 0.7580869170981777 0.36495865453576004 0.8861293782385025 0.474262015432501 0.9024998602374076
0 0.5504965077532166 0.18972606136742978 0.5146669963883397 0.1866281731761807 0.51068396256912 0.2326950893081275 0.546513473933997 0.2357929774993766
0 0.5935287750636553 0.0729858631669086 0.5724719595880311 0.07096419916345251 0.5698143267118759 0.09864500318404401 0.5908711421875001 0.1006666671875001
0 0.692465937388811 0.45854149371776065 0.6895331684231306 0.44031878727845086 0.6706489203125 0.44335802500000004 0.6735816892781804 0.46158073143930983
0 0.7009643571635281 0.5401909181296981 0.6817175805399286 0.5387723944879101 0.6806266913420329 0.5535737697307864 0.6998734679656324 0.5549922933725744
0 0.5657773405867091 0.5697259552617546 0.5553660324895547 0.5481980565289576 0.5384934909519364 0.556357943869126 0.5489047990490908 0.577885842601923
0 0.6913896609374999 0.7099259265625001 0.6881304015624999 0.6957283953125002 0.6700971811574853 0.6998681955095579 0.6733564405324852 0.7140657267595578
0 0.35341929063769534 0.7805086405361331 0.34000694375000023 0.7738024687500002 0.332041513182129 0.7897333338237302 0.34545386006982415 0.7964395056098633
0 0.5601298525210178 0.3727229186804176 0.5426515901397947 0.3713246572475013 0.5416207549613615 0.3842100929008836 0.5590990173425846 0.3856083543337999
0 1 0.7651604937500002 0.9132415125 0.7651604937500002 0.9132415125 0.8935308640624999 1 0.8935308640624999
0 0.2318555846107737 0.8871990146369775 0.2149368713258764 0.7588195587599991 0.10502270689633819 0.7733047910055262 0.12194142018123552 0.9016842468825045
0 0.8923199220719944 0.23277726024671952 0.8886067686104407 0.1866762868262902 0.8527587696556385 0.1895636254556695 0.8564719231171921 0.2356645988760988
0 0.08738165019699452 0.23277726024671946 0.08366849673544091 0.18667628682629017 0.047820497780638516 0.1895636254556695 0.05153365124219213 0.23566459887609875
0 0.8343830405485783 0.09544977181838363 0.8282610876092988 0.06948148882444412 0.8061319048732205 0.07469838419356052 0.8122538578125 0.10066666718750003
0 0.0294447701538117 0.0954497714694226 0.023322817296798897 0.06948148882444413 0.0011936330804871997 0.07469838454252155 0.007315585937499999 0.10066666718749999
0 0.7324760796875001 0.4433580250000001 0.7123392178770327 0.4416409281798968 0.7108265134201573 0.4593808251103114 0.7309633752306247 0.46109792193041477
0 0.722591705761493 0.5533719644509125 0.7211746462301456 0.5384284346153482 0.7019275427829623 0.5402535918366193 0.7033446023143096 0.5551971216721836
0 0.864564256287627 0.5563114030914399 0.8476785109579167 0.5482196817920089 0.8373491450091377 0.5697749277494706 0.8542348903388481 0.5778666490489015
0 0.05962598441262697 0.5563114030914397 0.04274023908291671 0.5482196817920088 0.032410873134137576 0.5697749277494705 0.04929661846384783 0.5778666490489014
0 0.7324760796875001 0.7022716046875 0.7149945984375001 0.6957283953125002 0.7099330449344946 0.7092513391138608 0.7274145261844945 0.7157945484888609
0 0.2659414083324144 0.7899335543647537 0.258179784375 0.7738024687500001 0.2447693391430211 0.7802550309319851 0.25253096310043555 0.7963861165467387
0 0.8611674375 0.38000000000000006 0.8557895776296022 0.36770775095123975 0.8408031385636422 0.3742643191539573 0.84618099843404 0.38655656820271767
0 0.056229167187500005 0.38 0.050851307897652964 0.36770775065765254 0.03586486823272195 0.37426431825802875 0.04124272752256899 0.38655656760037627