0 0.8403861316165454 0.3608399289606895 0.7478709713593563 0.30932987613435364 0.6921056532064014 0.40948774945487976 0.7846208134635904 0.4609978022812157
0 0.22416309062500012 0.6623444203125 0.1500429187500001 0.6623444203125 0.1500429187500001 0.717237125 0.22416309062500012 0.717237125
0 0.09200823838827263 0.6114967565646685 0.04213672482076909 0.5959994906371351 0.027129185429992275 0.6442950227549802 0.07700069899749581 0.6597922886825136
0 0.14133676007405124 0.7870569180200377 0.07594209122655297 0.6792234786089465 0.01721582620289719 0.7148375207358212 0.08261049505039546 0.8226709601469123
0 0.2916601968222171 0.5127735615083795 0.2888053319082665 0.4691416913914398 0.25889225463527166 0.47109892573748285 0.26174711954922225 0.5147307958544226
0 0.31551689425468504 0.4197174334482166 0.24929982492946762 0.3878616583539763 0.2239900681634847 0.44047183385337885 0.2902071374887022 0.4723276089476192
0 0.42817148140758576 0.3745006018577926 0.4034334765625 0.35109978593750013 0.3879197953056341 0.3674999628973413 0.41265780015071984 0.3909007788176338
0 0.9635415717008691 0.28231798922235185 0.9591973841792788 0.23163578038305005 0.9187502175804777 0.23510267893475514 0.923094405102068 0.285784887774057
0 0.6461559801127464 0.22363258902615288 0.6420406027470167 0.1842425540293887 0.5926958146163137 0.1893979803753289 0.5968111919820436 0.2287880153720931
0 0.21823661322206647 0.6186178798386649 0.1274678109375001 0.593159871875 0.11195479521704191 0.6484704782184876 0.20272359750160832 0.6739284861821525
0 0.14133676007405122 0.9254430819799625 0.08261049505039542 0.8898290398530879 0.021946954687491173 0.9898610198213721 0.08067321971114697 1.0254750619482467
0 0.9635415717008688 0.005289307652648257 0.9230944049691164 0.0018224090895473167 0.9187502174475263 0.05250461792884914 0.9591973841792788 0.05597151649195008
0 0.646155979952461 0.06397470769920525 0.5968111918383301 0.05881928163513037 0.5926958148574074 0.09820931508910435 0.6420406029715383 0.10336474115317924