0 0.6968149786516078 0.4652772638311279 0.6555124040542802 0.4638104436415899 0.6545423045799581 0.4911264065597451 0.6958448791772855 0.4925932267492831
0 0.8211988756691551 0.45351919667688134 0.797395643465015 0.4441431220526525 0.7846503373303864 0.4764998911265083 0.8084535695345263 0.4858759657507372
0 0.46706396872881334 0.6605867329821309 0.46307822013691613 0.6168825244320139 0.40583747242577795 0.6221027820950074 0.4098232210176752 0.6658069906451244
0 0.9212359546875 0.569575140625 0.9091276665700221 0.5509856530844687 0.8720821120811333 0.5751153256343537 0.8841904001986111 0.5937048131748851
0 0.36013985955155026 0.5987815982780148 0.34331460625 0.5255301968750002 0.3027839271654862 0.5348397654159336 0.3196091804670364 0.6080911668189483
0 0.17018418465367188 0.4575755033397857 0.14589887656249995 0.44109199375 0.13288278733840023 0.4602687191450167 0.15716809542957216 0.4767522287348024
0 0.24008988812500007 0.38321558937500005 0.209426966875 0.36788412875 0.1943820228125 0.39797401687500006 0.22504494406250003 0.4133054775000001
0 0.8027743067412674 0.43317372384543074 0.775593022803224 0.4088403449104816 0.742936443318624 0.44531895159265106 0.7701177272566673 0.4696523305276002
0 0.9907213581928284 0.4922304067356492 0.9414427924526212 0.49024336538783125 0.940222656458837 0.5205027013838915 0.9895012221990441 0.5224897427317096
0 0.6968149786516076 0.894097736168872 0.6958448791772852 0.8667817732507169 0.6545423045799577 0.8682485934402552 0.65551240405428 0.8955645563584103
0 0.696814978596187 0.1806145892958403 0.6958448791218648 0.15329862637768527 0.6545423045245372 0.15476544656722332 0.6555124039988595 0.18208140948537835
0 0.8211988756691551 0.9058558033231187 0.8084535695345265 0.873499034249263 0.7846503373303865 0.8828751088734919 0.7973956434650151 0.9152318779473477
0 0.8211988756691551 0.19237265644811866 0.8084535695345263 0.1600158873742628 0.7846503373303864 0.16939196199849177 0.797395643465015 0.20174873107234764
0 0.4670639687288135 0.6987882670178692 0.4098232210176754 0.6935680093548757 0.40583747242577806 0.7372722179049928 0.46307822013691624 0.7424924755679863
0 0.4657238203125 5.392632734898258e-17 0.407471909375 5.035942653529127e-17 0.407471909375 0.02752457812500005 0.4657238203125 0.027524578125000053
0 0.9212359546875 0.789799859375 0.8841904001986111 0.7656701868251149 0.8720821120811333 0.7842596743656463 0.9091276665700223 0.8083893469155313
0 0.9212359546875 0.07631671406249999 0.8841903994840383 0.05218704104717693 0.8720821120811333 0.07077652749064622 0.909127667284595 0.09490620050596928
0 0.36013985955155037 0.7605934017219853 0.31960918046703646 0.7512838331810519 0.30278392716548624 0.8245352345840666 0.34331460625000015 0.833844803125
0 0.3601398594122268 0.04711025473335735 0.3196091803208679 0.037800686480960785 0.30278392715864105 0.11105208956010348 0.34331460625 0.12036165781250005
0 0.17018418465367202 0.9017994966602145 0.15716809542957227 0.8826227712651976 0.13288278733840028 0.8991062808549832 0.14589887656250006 0.91828300625
0 0.1701841849423837 0.1883163518039756 0.15716809677821786 0.1691396253939864 0.13288278839833417 0.18562313296501082 0.1458988765625 0.20479985937500006
0 0.24008988812500012 0.9761594106250001 0.22504494406249997 0.9460695225 0.1943820228125 0.9614009831250001 0.20942696687500012 0.9914908712500002
0 0.24008988755425822 0.262676264510989 0.22504494499107136 0.23258637708550828 0.19438202310182 0.2479178368586883 0.2094269656650069 0.27800772428416903
0 0.8027743067412674 0.9262012761545695 0.7701177272566674 0.8897226694724001 0.7429364433186241 0.9140560484073493 0.7755930228032242 0.9505346550895186
0 0.8027743067412674 0.2127181292795694 0.7701177272566675 0.17623952259739997 0.7429364433186241 0.2005729015323491 0.775593022803224 0.23705150821451854
0 0.9907213581928282 0.8671445932643509 0.989501222199044 0.8368852572682908 0.9402226564588364 0.8388722986161088 0.9414427924526206 0.869131634612169
0 0.9907213575937753 0.15366144866067152 0.9895012232408853 0.12340211127939889 0.9402226568709097 0.12538914988938482 0.9414427912237997 0.15564848727065747