0 0.3165131431942466 0.3079136663066898 0.3066013279953936 0.2843973983834802 0.2847141314718872 0.29362258019678406 0.2946259466707402 0.3171388481199936
0 0.06242718437500009 0.6724180828125 8.399717148420814e-17 0.6724180828125 8.979938154314404e-17 0.7671753640625 0.06242718437500009 0.7671753640625
0 0.7557281546875 0.40668992656249997 0.7398265330512838 0.3715053057939694 0.6791026027943475 0.39894936919775725 0.6950042244305639 0.4341339899662878
0 0.7895145625 0.5045054609375 0.7708252421874999 0.4725151703125 0.7439164956044472 0.4882357584745078 0.7626058159169472 0.5202260490995079
0 0.45686893081331875 0.5667627430625684 0.42618932106304575 0.5360831311561818 0.40662621293838697 0.5556462379059771 0.43730582268866003 0.5863258498123636
0 0.4764563109375001 0.7001850734375001 0.3438845159203951 0.6553266050889356 0.3129451459305383 0.7467628035873384 0.44551694094764327 0.7916212719359029
0 0.2567475734375 0.21013652968750005 0.25326595435772364 0.1660782262323484 0.21665930533138292 0.16897099326380077 0.22014092441115926 0.21302929671895238
0 0.5381784846019951 0.48926591352948245 0.5050021314765927 0.4733122581629795 0.48770848039123954 0.509275193431083 0.5208848335166419 0.5252288487975859
0 0.725309418400351 0.5354903536904165 0.722912621875 0.46062196562499996 0.6448345198525456 0.46312151621596387 0.6472313163778967 0.5379899042813804
0 0.419866584695123 0.3688225206815927 0.31728300735609744 0.35308800034144544 0.3057900552345064 0.42801803426251234 0.408373632573532 0.4437525546026596
0 0.28418725206154516 0.6619484754449332 0.2810624980312098 0.5730131325211292 0.1892664758116356 0.5762383968645199 0.19239122984197093 0.665173739788324
0 0.2836323131766574 0.6775060657616032 0.22394987768378832 0.6697066553251392 0.21753776145806003 0.7187732759540066 0.2772201969509291 0.7265726863904707
0 0.6133749971326581 0.7965191279008424 0.5573436997587196 0.754453421078494 0.5322319734814506 0.7879021066920942 0.5882632708553891 0.8299678135144426
0 0.29466019375 0.26465109218750005 0.2820041417526198 0.25898530115103646 0.2757224077609014 0.2730172256468826 0.28837845975828164 0.27868301668334616
0 0.2567475734375 0.03673847031250003 0.22014092441115926 0.03384570328104765 0.21665930533138286 0.07790400673619924 0.2532659543577236 0.08079677376765163
0 0.6133749963824474 0.9552102414123812 0.5882632701051784 0.921761555798781 0.5322319727312399 0.9638272626211295 0.5573436990085089 0.9972759482347296