0 0.8680593518509365 0.3329559899605376 0.8315591114212756 0.32110980437786296 0.8206639107248309 0.3546798883660163 0.8571641511544918 0.36652607394869097
0 0.4825660595789998 0.6016116022819638 0.44661434904044717 0.5944561641717614 0.4418678156250001 0.6183045984375001 0.4778195261635528 0.6254600365477023
0 0.29477149495723487 0.7094058170150596 0.25703974322620804 0.6974400567757428 0.24728741922274403 0.7281921578324038 0.28501917095377083 0.7401579180717205
0 0.1617241375000001 0.5060344828125001 0.09554597656250007 0.5060344828125001 0.09554597656250007 0.6124137937499999 0.1617241375000001 0.6124137937499999
0 0.9075543830366948 0.47649164344217054 0.8149595617695994 0.33436049572971915 0.6595862172686845 0.4355822707964993 0.75218103853578 0.5777134185089507
0 0.2656516526271923 0.45075874940299043 0.22122804804334364 0.445332628732748 0.21556023656284068 0.4917349539605083 0.2599838411466894 0.49716107463075077
0 0.2849875656788234 0.6544223895507919 0.19284482201675474 0.6190550981839189 0.1762867699199933 0.6621939502398646 0.268429513582062 0.6975612416067378
0 0.38697725793151083 0.6203584514935854 0.33401801253736063 0.5756021312782101 0.2933369748753645 0.6237391775336395 0.3462962202695147 0.6684954977490147
0 0.41759463387844675 0.6860231623282435 0.3847413796875 0.6547701156250001 0.36435568882987057 0.6761995874445988 0.39720894302081733 0.7074526341478422
0 0.7552158873111287 0.6418564834532748 0.7270522066878036 0.6181882330693884 0.7047790475065095 0.6446918457775551 0.7329427281298347 0.6683600961614415
0 0.6683222571747602 0.7334942059084055 0.6602966421052726 0.6964103254516327 0.6205644551219052 0.7050090814251105 0.6285900701913927 0.7420929618818832
0 0.34265652572185984 0.46222214192347166 0.34220003589532155 0.44350605407106913 0.32416338670153844 0.44394597222740256 0.3246198765280767 0.46266206007980515
0 0.19735844378500275 0.34903257748688254 0.14417679063384353 0.3388504144982919 0.13821839062500008 0.3699712640625001 0.1914000437761593 0.3801534270510908
0 0.8680593523097219 0.19376814895306324 0.8571641511544916 0.16019806355130908 0.8206639102660456 0.17204424928288295 0.8315591114212756 0.20561433468463713
0 0.4825660595789998 0.8733883977180362 0.4778195261635526 0.8495399634522975 0.44186781562500005 0.8566954015625001 0.4466143490404472 0.8805438358282387
0 0.29477149495723476 0.7655941829849404 0.2850191709537707 0.7348420819282797 0.24728741922274394 0.7468078421675963 0.257039743226208 0.777559943224257
0 0.1617241375000001 0.8625862062499999 0.0955459765625001 0.8625862062499999 0.0955459765625001 0.9689655171875 0.16172413750000011 0.9689655171875
0 0.9034482765625 0.926005746875 0.7010904828125002 0.926005746875 0.7010904828125002 1 0.9034482765625 1
0 0.9034482765625 1.0074649660180736e-16 0.6924712640624999 8.782788044921755e-17 0.6924712640624999 0.13548850625000008 0.9034482765625 0.13548850625000008
0 0.2626907046875001 0.9810344828125 0.22455459843750009 0.9810344828125 0.22455459843750009 1 0.2626907046875001 1
0 0.26565165242323785 0.07596538834133026 0.25998384123864154 0.029563063030568333 0.21556023673104613 0.03498918339850248 0.2212280479156424 0.08139150870926441
0 0.2849875656788234 0.8205776104492081 0.26842951358206196 0.7774387583932625 0.17628676991999326 0.8128060497601355 0.19284482201675468 0.8559449018160812
0 0.38697725793151105 0.8546415485064148 0.3462962202695147 0.8065045022509855 0.2933369748753644 0.8512608224663609 0.3340180125373608 0.8993978687217903
0 0.41759463387844686 0.7889768376717569 0.3972089430208174 0.767547365852158 0.3643556888298706 0.7988004125554012 0.38474137968750016 0.8202298843750002
0 0.7552158873111284 0.8331435165467254 0.7329427281298347 0.8066399038385587 0.7047790475065095 0.8303081542224451 0.7270522066878032 0.8568117669306117
0 0.6683222571747602 0.7415057940915946 0.6285900701913928 0.7329070381181167 0.6205644551219052 0.7699909185748894 0.6602966421052727 0.7785896745483672
0 0.3426565257599471 0.06450199557745728 0.3246198765280769 0.06406207742019485 0.32416338670153844 0.08277816527259746 0.34220003593340864 0.08321808342985988
0 0.19735844378500272 0.1776915600131175 0.1914000437761592 0.1465707104489093 0.138218390625 0.15675287343749997 0.1441767906338435 0.18787372300170818