0 0.5506867606259194 0.2501096574314673 0.4807358542382868 0.24263320623630308 0.4729284709888136 0.315680367323841 0.542879377376446 0.32315681851900524
0 0.709563403824737 0.7679088213294325 0.7076875 0.7495999999999999 0.690395058052559 0.7513717665929756 0.692270961877296 0.7696805879224081
0 0.5287606347982627 0.7038580589954307 0.5229680463616255 0.6750133329027882 0.5018449115633625 0.6792552739073574 0.5076374999999999 0.7081
0 0.46287647086037165 0.7662062683510573 0.4609641549877866 0.7495774346764044 0.440831657270103 0.751892671913938 0.44274397314268804 0.7685215055885909
0 0.5358834638764358 0.8426988126768388 0.5165627005788039 0.828467000426351 0.4963671959987598 0.8558839278562294 0.5156879592963917 0.8701157401067171
0 0.7015113737926594 0.8765387842884739 0.6949154549259497 0.8555212801030265 0.6796771651641984 0.8603035093367677 0.686273084030908 0.8813210135222149
0 0.7466507033745597 0.776789794413957 0.7398018459742813 0.7622177573920877 0.7253747839708412 0.7689984765337046 0.7322236413711196 0.7835705135555738
0 0.4108601415094341 0.7914207547169813 0.393294103773585 0.786401886792453 0.3871997641509436 0.8077320754716982 0.4047658018867927 0.8127509433962266
0 0.5944685344827586 0.11007758620689653 0.5876754310344826 0.09309482758620684 0.5706064655172413 0.09992241379310347 0.5773995689655173 0.11690517241379317
0 0.6628815366972476 0.07810321100917442 0.6495329128440366 0.07409862385321109 0.6449365825688073 0.08941972477064226 0.6582852064220182 0.09342431192660558
0 0.9246519600864407 0.7525429832223522 0.9066875000000001 0.7496000000000003 0.90383128410264 0.7670348178734703 0.9217957441890805 0.7699778010958223
0 0.9359850302037727 0.8627876263291308 0.92122321863581 0.8558369975639465 0.912182924992593 0.8750368593014454 0.9269447365605556 0.8819874880666294
0 0.8889474201035193 0.7689223469403108 0.874330152081672 0.7623290260453499 0.8677705637516739 0.7768715096071382 0.8823878317735213 0.7834648305020991
0 0.9695098076923078 0.08907153846153841 0.9641190384615385 0.07379769230769231 0.9512513461538461 0.07833923076923069 0.9566421153846154 0.09361307692307679