0 0.4654931441113635 0.08950924984056823 0.45963153194305423 0.03675474324250032 0.4104454233838245 0.04221986671790627 0.4163070355521338 0.09497437331597418
0 0.6722599640625 0.2225362312500001 0.6230329109375 0.2225362312500001 0.6230329109375 0.2612801937500001 0.6722599640625 0.2612801937500001
0 0.7713195699843007 0.31069506793339413 0.7558093397886976 0.27971034554360263 0.7222963019406492 0.2964861915569414 0.7378065321362524 0.3274709139467329
0 0.5277373123289782 0.6007051112902811 0.5172684579545297 0.5470937145402455 0.4461037100731852 0.5609902631722049 0.45657256444763394 0.6146016599222406
0 0.4468922889833461 0.7133706530388525 0.43396048795442566 0.6642655661757183 0.3916005898422702 0.6754210249883366 0.40453239087119075 0.7245261118514709
0 0.29995886729680055 0.9352263650881898 0.2806670427281063 0.8870246000003863 0.21893253153976228 0.9117326445607914 0.23822435610845663 0.9599344096485949
0 0.40851399877538014 0.040863646931495086 0.406577896931701 0.01771944995234685 0.3750340075313209 0.020358218645851765 0.37697010937500003 0.043502415625
0 0.9645955865967506 0.2554839254691646 0.9582345663356101 0.2197326412596304 0.9081685590271344 0.22864059782468998 0.9145295792882753 0.26439188203422426
0 0.8612883654056758 0.29460213174426986 0.8248033279993899 0.2812931246685845 0.8126938838001964 0.3144897051545978 0.8491789212064822 0.3277987122302831
0 0.025351751562500087 0.6689361328125 8.192104938828368e-17 0.6689361328125 8.502046568366094e-17 0.7195534421875001 0.02535175156250009 0.7195534421875001
0 0.2014782747576045 0.9154840837357945 0.14185971751176202 0.8868297747341325 0.11933543737897442 0.9336941079288396 0.17895399462481693 0.9623484169305015
0 0.04462163598627929 0.019810357844455073 0.013340756296684672 0.017872203419698633 0.011872803122905387 0.04156426120024356 0.043153682812500004 0.043502415625000006