0 0.6816244984311275 0.4474056260565775 0.6754404889889805 0.3900261239558713 0.6282676640160281 0.39511012058124273 0.6344516734581751 0.4524896226819489
0 0.8083109360049898 0.8084148235160373 0.7928854206755751 0.7719203131360283 0.7595331575910855 0.7860176620283232 0.7749586729205002 0.8225121724083323
0 0.6428088598656758 0.6530860595095214 0.5761151463587677 0.6258916553871379 0.5425393726882026 0.7082355456919198 0.6092330861951106 0.7354299498143033
0 0.3874398011472591 0.8472751439586677 0.3646409249337289 0.7853074445098799 0.26907350762072574 0.8204681772262299 0.29187238383425596 0.8824358766750178
0 0.5925677214193495 0.03008044172160753 0.5409521772722213 -0.005794193450777296 0.49407716296144494 0.06164842607494225 0.5456927071085732 0.09752306124732708
0 0.3326472703125001 0.675057471875 0.22279117606307047 0.6683225730984492 0.21543694164011856 0.7882809416953378 0.32529303588954817 0.7950158404718886
0 0.6674173843750002 0.9161494250000001 0.6522449718750002 0.9161494250000001 0.6522449718750002 0.947356321875 0.6674173843750002 0.947356321875
0 0.20408405156249998 0.20436781562500003 0.15974648452799994 0.18777667918821392 0.13957407046549994 0.24168472606321392 0.1839116375 0.2582758625
0 0.9485668107155373 0.7841379339310752 0.91530819070736 0.7730517244448016 0.902721981608353 0.8108103421477804 0.9359806016165303 0.821896551634054
0 0.06701508593750008 0.6715517234374999 8.227482066752034e-17 0.6715517234374999 8.954528130094853e-17 0.79028735625 0.06701508593750008 0.79028735625
0 0.14133334081912668 0.2310485612821403 0.11025871459761352 0.18440349389973146 0.06938873627848682 0.21163079511759122 0.10046336250000001 0.2582758625