0 0.3655922071534917 0.14204435749411737 0.3317731242931948 0.13231087263597208 0.32118804795074773 0.16908881795821884 0.35500713081104474 0.17882230281636416
0 0.6218678156249999 0.5214655171875001 0.5990955348661847 0.519252537704433 0.5955323176786848 0.5559192048919329 0.6183045984375 0.558132184375
0 0.7407129002944608 0.7154411558131908 0.7108593157577718 0.7033318710231893 0.6960372201508113 0.7398734745849986 0.7258908046875001 0.7519827593750001
0 0.6124137937500002 0.8382758625 0.5060344828125002 0.8382758625 0.5060344828125002 0.9044540234375 0.6124137937500002 0.9044540234375
0 0.5777134185089506 0.2478189614642199 0.47649164344217043 0.09244561696330511 0.33436049572971904 0.18504043823040073 0.4355822707964993 0.3404137827313155
0 0.49716107463075077 0.7400161588533107 0.4507587494029905 0.7343483473728077 0.44533262873274804 0.7787719519566564 0.4917349539605083 0.7844397634371594
0 0.6949444377353498 0.7298183481828 0.6502017723052743 0.7154429172612404 0.6201459441031816 0.808989877544235 0.6648886095332569 0.8233653084657945
0 0.6684648337237462 0.6615849336530901 0.6305855529731395 0.6128578027338741 0.5781664022438302 0.6536071694568149 0.616045682994437 0.7023343003760308
0 0.7078397309243719 0.6037415947085449 0.6870081085594861 0.5818433589537448 0.6533980725392705 0.6138163263600284 0.6742296949041563 0.6357145621148285
0 0.6677763124159647 0.2708518663502689 0.6448050858765038 0.24351759882773677 0.6176421056250787 0.2663448786269133 0.6406133321645395 0.29367914614944546
0 0.740564846724455 0.3723967183761549 0.7346207196000015 0.33228635011640756 0.6965363609499619 0.3379302342065045 0.7024804880744154 0.3780406024662518
0 0.4651581720140475 0.6714492432284438 0.46088292113014917 0.655060777632386 0.4429035697781981 0.6597510420936201 0.44717882066209647 0.676139507689678
0 0.37523831231274174 0.8061850098167007 0.3449715429221031 0.8033176305880078 0.3397044946718615 0.8589142301463071 0.3699712640625002 0.8617816093750001
0 0.20561433468463716 0.16844088857872433 0.1937681489530633 0.13194064769027816 0.1601980635513091 0.1428358488455083 0.172044249282883 0.17933608973395446
0 0.8805438358282387 0.5533856509595529 0.8733883977180362 0.5174339404210002 0.8495399634522975 0.5221804738364474 0.8566954015625001 0.5581321843750001
0 0.777559943224257 0.7429602567737918 0.7655941829849404 0.7052285050427651 0.7348420819282797 0.7149808290462293 0.7468078421675963 0.752712580777256
0 0.9692009065947786 0.9020924876425693 0.9677560586574201 0.8368628899308133 0.8611413583126415 0.839224425725744 0.8625862062500002 0.9044540234375
0 1 0.09655172343750013 0.926005746875 0.09655172343750011 0.926005746875 0.2989095171875001 1 0.2989095171875001
0 0.1384659839837169 0.09995017250178548 0.0029256273662945573 0.09488324326232615 -0.0048954573635357655 0.304097258954679 0.1306448992538866 0.30916418819413827
0 1 0.7373092953125002 0.9810344828125 0.7373092953125002 0.9810344828125 0.7754454015625002 1 0.7754454015625002
0 0.08234855921131015 0.7747383125961255 0.06772003356111833 0.7298191983192662 0.02540556494271502 0.7435994853868907 0.040034090592906836 0.7885185996637499
0 0.8559449018160812 0.8071551779832454 0.8205776104492081 0.7150124343211768 0.7774387583932624 0.7315704864179381 0.8128060497601355 0.8237132300800069
0 0.8966958703419085 0.655049433976135 0.846410993399792 0.6125532458665383 0.806269754280259 0.6600515594617273 0.8565546312223757 0.7025477475713242
0 0.820229884375 0.6152586203124998 0.7889768376717566 0.582405366121553 0.7675473658521578 0.6027910569791826 0.7988004125554011 0.6356443111701293
0 0.8570840195117914 0.26679657689797526 0.8305414889734923 0.24360678580276093 0.8070945176005964 0.27044367929354124 0.8336370481388956 0.29363347038875554
0 0.7783459558830563 0.3423222012990355 0.7432971078524836 0.3310610201105958 0.7309142953051705 0.36960078853270184 0.7659631433357432 0.3808619697211416
0 0.08381785078890633 0.6597138315675823 0.06580800217565885 0.6550959204434476 0.06159426903815372 0.6715294753264056 0.07960411765140121 0.6761473864505404
0 0.18787372300170815 0.8558232093661562 0.17769156001311748 0.8026415562149973 0.14657071044890935 0.8085999562238408 0.15675287343750002 0.8617816093749997