0 0.817052975559857 0.4460332785044937 0.8122736298268289 0.4004731572644811 0.7698241203125 0.40492619375 0.774603466045528 0.45048631499001257
0 0.8996286554966136 0.4062451281174024 0.8715591406455928 0.3908251886836759 0.8574139427704548 0.4165742419489816 0.8854834576214756 0.4319941813827081
0 0.9263237370171508 0.44827318101600466 0.9196275658593164 0.4401184371880168 0.9105572765643574 0.4475663976452987 0.9172534477221918 0.45572114147328674
0 0.6866052835625049 0.7388439992143617 0.6462327808963476 0.7165889696808643 0.6262389373227524 0.7528594900936426 0.6666114399889097 0.7751145196271401
0 0.7485345990989759 0.5547217598987153 0.7023294161482109 0.5343334908881918 0.6786457622335951 0.5880068832444824 0.7248509451843601 0.608395152255006
0 0.7530488960669355 0.6133338320222109 0.7357967743200009 0.6010163525003411 0.7205352124208674 0.6223920181521285 0.737787334167802 0.6347094976739984
0 0.8715075419751337 0.5634598944126518 0.8399791822303323 0.43748294690987083 0.7129452445676401 0.46927584049732357 0.7444736043124415 0.5952527880001045
0 0.13347232250384064 0.6613643213592956 0.13261747888455022 0.6470262696114379 0.11577304973866942 0.6480305450199221 0.11662789335795984 0.6623685967677797
0 0.16810582365260995 0.6709172562037841 0.1623216680241758 0.6573226485497068 0.14899088606024435 0.6629945531379187 0.1547750416886785 0.676589160791996
0 0.6866052835625048 0.8716616539106383 0.6666114399889093 0.8353911334978601 0.6262389373227524 0.8576461630313578 0.6462327808963478 0.8939166834441359
0 0.7493467343750002 0.9806548359375 0.7258793968750001 0.9806548359375 0.7258793968750001 1 0.7493467343750002 1
0 0.1334723225038407 0.9491413317657044 0.11662789345078708 0.9481370563627548 0.1157730498314968 0.9624751081106122 0.1326174788845504 0.9634793835135618
0 0.16810582365261006 0.9395883969212158 0.15477504168867867 0.9339164923330039 0.14899088606024447 0.9475110999870813 0.16232166802417586 0.9531830045752931