0 0.45320804741754517 0.7836294260641952 0.40492619375000005 0.7698241203125001 0.39385651960590007 0.808538539013964 0.44213837327344513 0.822343844765659
0 0.43119460226974393 0.8820388465088282 0.41231914628725874 0.8570488056950156 0.38836611077020844 0.8751409917349472 0.40724156675269363 0.9001310325487599
0 0.4557211414732866 0.917253447722192 0.4475663976452987 0.9105572765643576 0.44011843718801663 0.9196275658593166 0.44827318101600466 0.926323737017151
0 0.7752379285088599 0.6655462483235436 0.751801699635267 0.6261029219980155 0.7161302968658336 0.647297969105528 0.7395665257394265 0.6867412954310559
0 0.6083951522550057 0.7248509451843601 0.5880068832444822 0.678645762233595 0.5343334908881917 0.7023294161482108 0.5547217598987152 0.7485345990989759
0 0.6347094976739983 0.7377873341678021 0.6223920181521285 0.7205352124208675 0.601016352500341 0.735796774320001 0.6133338320222108 0.7530488960669356
0 0.5987016082008745 0.7491549054831809 0.47771155289113104 0.7103911056607687 0.4368200293583694 0.8380222387435478 0.5578100846681128 0.8767860385659599
0 0.6648061361238224 0.12253989255789846 0.6489714203125001 0.1158291453125001 0.6435162092832181 0.12870129101858443 0.6593509250945405 0.1354120382639828
0 0.6766129321753662 0.15500099673811635 0.663334087288688 0.14876958482249192 0.6570896121689302 0.1620762667810503 0.6703684570556084 0.1683076786966747
0 0.8939166834441359 0.6462327808963482 0.8576461630313574 0.6262389373227525 0.8353911334978598 0.6666114399889094 0.8716616539106383 0.6866052835625049
0 1.0014918967692863 0.7274757298768394 0.9821014112455011 0.725675453417213 0.9800069538232821 0.7482345143373068 0.9993974393470673 0.7500347907969332
0 0.9636668494427006 0.13211739034988923 0.9615342343750001 0.11582914531250002 0.9473084571081267 0.11769172208976772 0.9494410721758273 0.13397996712715693
0 0.9531830045752929 0.1623216680241759 0.9475110999870809 0.14899088606024452 0.9339164923330039 0.15477504168867862 0.9395883969212158 0.16810582365261