0 0.7822629567595338 0.33636874171504977 0.7694505903040239 0.22746363772872188 0.6358034207802179 0.24318683571488445 0.6486157872357279 0.35209193970121233
0 0.06708320528819803 0.1562590915564551 0.04640880839456771 0.15488079880493652 0.044760960195774475 0.17959852850696756 0.06543535708940477 0.18097682125848613
0 0.07095369967569747 0.5828215919188795 0.06476587652418024 0.5628830529375038 0.042260453410982765 0.5698674953936244 0.04844827656249999 0.5898060343749999
0 0.1287142148898187 0.7708230717148862 0.11358076034687425 0.7395472687681313 0.08796825018558993 0.7519404200779912 0.10310170472853439 0.7832162230247461
0 0.3658139744276477 0.5950999266851235 0.36181798236203566 0.5727223645992326 0.33780934355101355 0.5770096202809174 0.34180533561662557 0.5993871823668082
0 0.45408035097479515 0.7275754477013919 0.4508397158550654 0.7068353889262429 0.426190076910021 0.7106868961239797 0.42943071202975086 0.7314269548991288
0 0.714388099903763 0.18109406665549327 0.6898647727727079 0.17564444005038937 0.6861325222376731 0.1924395725315744 0.7106558493687283 0.1978891991366783
0 0.6395469068746406 0.15345915658083437 0.61209233599174 0.12917242013730287 0.5910745459293787 0.1529316604292486 0.6185291168122793 0.17721839687278007
0 0.5023665617389554 0.4838326071007872 0.4867251618084653 0.451346622881397 0.4667497381125264 0.4609644195502348 0.48239113804301637 0.493450403769625
0 0.3006659901716202 0.8004754056212928 0.2717275194675297 0.7932407872428018 0.2667579447803387 0.8131190840614189 0.2956964154844292 0.8203537024399099
0 0.10673606176155119 0.5353392539938162 0.08395454917561249 0.5221499558037752 0.07085968482481637 0.5447683554123365 0.09364119741075508 0.5579576536023775
0 0.06708320539190372 0.05128401312413119 0.06543535719311049 0.02656628342210014 0.04476096029948018 0.02794457617361873 0.04640880849827341 0.05266230587564978
0 0.7143881002346453 0.026449037958477507 0.7106558496996106 0.009653905477292456 0.6861325225685554 0.015103532082396343 0.68986477310359 0.03189866456358139
0 0.6395469068746407 0.054083946544165686 0.6185291168122794 0.030324706252219967 0.5910745459293787 0.05461144269575149 0.6120923359917401 0.0783706829876972
0 0.30066599017250395 0.9932745943760912 0.29569641548067854 0.9733962975563258 0.2667579447788565 0.9806309159405785 0.2717275194706819 1.0005092127603439