0 0.8711363907731862 0.543738109790857 0.8286498546875001 0.4800386093750001 0.7852675425740925 0.5089739096058314 0.8277540786597786 0.5726734100216884
0 0.8091956070574401 0.9274426046662818 0.7618966103315283 0.8856988569381208 0.7070186137396686 0.9478800055505129 0.7543176104655803 0.9896237532786738
0 0.3414693138321609 0.6999322738523277 0.3074607469015878 0.5714810016148765 0.24566382402746062 0.5878422625900361 0.27967239095803376 0.7162935348274874
0 0.5243255312499999 0.770154440625 0.5206756566637132 0.7013886755126695 0.44017863931175416 0.7056612087626793 0.4438285138980409 0.7744269738750099
0 0.2540770097902648 0.3792852399238035 0.2200225039724018 0.35543736659765973 0.19115905668213704 0.3966540579238562 0.22521356250000002 0.4205019312499999
0 0.4238986106073792 0.6171076110964584 0.3922665864014876 0.6135985132213672 0.3884077929816085 0.6483827943124089 0.4200398171875001 0.6518918921875001
0 0.7352135624999999 0.7289575296875002 0.721191427483609 0.7084963859792539 0.6893062265625 0.730347490625 0.7033283615788909 0.7508086343332463
0 0.4705729738079623 0.09116151537165218 0.39696576140914075 0.0875759165040727 0.3936928955394197 0.15476316809645102 0.4673001079382413 0.1583487669640305
0 0.8143373497308936 0.33792333173497713 0.8012338139471481 0.274527174098154 0.7585223820855355 0.28335532388886897 0.771625917869281 0.346751481525692
0 0.9613802325800958 0.5116856749236216 0.9182251453124998 0.4800386093750003 0.873948468420752 0.5404158930838772 0.917103555688348 0.5720629586324983
0 1 0.887297296875 0.9601556468749999 0.887297296875 0.9601556468749999 0.971937834375 1 0.971937834375
0 0.06128013166667401 0.3830575548175276 0.024161265261785726 0.35335187247149985 -0.005804917967388268 0.39079624890397235 0.03131394843750002 0.4205019312500001
0 0.9930433329012501 0.2873932332517639 0.9515781749052914 0.27051787932595694 0.9263497117107187 0.33250782140109236 0.9678148697066774 0.3493831753268994