0 0.5767512573566856 0.6950126234486786 0.5380119082908502 0.6835259569211978 0.5233373881219935 0.7330164995285713 0.5620767371878289 0.7445031660560522
0 0.23990428298940106 0.3377342359324262 0.20442716669462208 0.3303693650745986 0.1902137735630404 0.3988363091401014 0.22569088985781938 0.406201179997929
0 0.7431452092431499 0.18297782163514603 0.7346721394819513 0.13709924302621282 0.6530375923733496 0.15217589172692791 0.661510662134548 0.19805447033586113
0 0.25059444199376185 0.6136965522780404 0.24099816100753255 0.5647416029174995 0.1668599674367119 0.5792743712404202 0.17645624842294122 0.6282293206009613
0 0.6309290559093904 0.6571259895870172 0.6008248908841793 0.602411117823532 0.5294998146944092 0.641654230250701 0.5596039797196204 0.6963691020141864
0 0.6381462678040623 0.534993696089667 0.5864340866626087 0.4951835259195039 0.5151642473326066 0.5877608453733549 0.5668764284740602 0.6275710155435179
0 0.6957778179424 0.5901832347170026 0.6900000000000001 0.5659970234375 0.652758557959763 0.5748935913841833 0.6585363759021631 0.5990798026636859
0 0.5097619046874999 0.6218303578125 0.450119046875 0.6218303578125 0.450119046875 0.6677827375 0.5097619046874999 0.6677827375
0 0.7692965576297943 0.6860610379253681 0.7381925565067615 0.664870965685304 0.7093256874727192 0.7072434086237325 0.740429688595752 0.7284334808637966
0 0.4060381956078052 0.7436358877482675 0.3565571148500999 0.7248474213450402 0.3478086275846953 0.7478873329374458 0.3972897083424006 0.7666757993406733
0 0.6495650536290987 0.6930653563973193 0.6339880953124999 0.6765922625 0.5968438390612428 0.7117158728511226 0.6124207973778416 0.7281889667484418
0 0.6988179706858049 0.855367692252682 0.6871899705245494 0.8386327988327464 0.6741071421875 0.8477232140625001 0.6857351423487553 0.8644581074824357
0 0.850119046875 0.8164732140625002 0.8255325108621662 0.7802238342557403 0.8088138091619408 0.7915634754753056 0.8334003451747748 0.8278128552820657
0 0.6115541948011374 0.26177146446233623 0.5390544826957515 0.2590921275456511 0.5369921101225736 0.31489750867495747 0.6094918222279595 0.3175768455916427
0 0.9371428578125001 0.369508928125 0.8632363768271686 0.36845028527453055 0.8625363205624522 0.41732294803702763 0.9364428015477836 0.4183815908874971
0 0.5927534850990969 0.11662378064860542 0.554191169810383 0.07209554526306268 0.5105242434659262 0.10991195022059466 0.5490865587546402 0.1544401856061374
0 0.737678571875 8.545712689447129e-17 0.654523809375 8.036536620799713e-17 0.654523809375 0.03022321406250008 0.737678571875 0.030223214062500087
0 0.698817970685805 0.971269212434818 0.6857351423487555 0.9621787972050644 0.6741071421875 0.978913690625 0.6871899705245494 0.9880041058547538
0 0.592753485099097 0.05525121935139472 0.5490865587546403 0.01743481439386265 0.5105242434659264 0.061963049779405345 0.5541911698103831 0.09977945473693742