0 0.4032230530439545 0.8288796105810098 0.3929168533074478 0.7170936867733999 0.2928494777641564 0.7263194848374936 0.3031556775006631 0.8381054086451035
0 0.3841049503068529 0.4709899877752271 0.38003378361412093 0.42071305921928487 0.3149933171749519 0.42597970116126965 0.3190644838676839 0.47625662971721183
0 0.19409266406250003 0.381815878125 0.11669990704924486 0.38092808055866934 0.11621643955843677 0.4230738167703196 0.19360919657169193 0.42396161433665036
0 0.26603028660063494 0.24236480497135293 0.20985553836952456 0.2410906237388093 0.20858090044993696 0.2972855059030348 0.26475564868104734 0.29855968713557846
0 0.9044547355531682 0.3828011205529297 0.8364010630594079 0.3635946541947014 0.810802812588876 0.454296135739666 0.8788564850826364 0.47350260209789424
0 0.10225564846829127 0.45144085911862525 0.0831411007546069 0.39590174022602925 0.035102649455767285 0.4124348305550078 0.054217197169451656 0.46797394944760384
0 0.9199433318311236 0.7064482768925918 0.81523956832862 0.5714873763906447 0.7170964575252252 0.6476275994088692 0.8218002210277289 0.7825884999108164
0 0.1300386093750001 0.6452135625000001 0.07354055162936426 0.6193798763443852 0.05175562237911939 0.6670233362575735 0.10825368012475525 0.6928570224131885
0 0.57859653829826 0.7403818903533249 0.5398270518255908 0.7186276486052879 0.5198046170708162 0.7543107821461377 0.5585741035434852 0.7760650238941749
0 0.936783462156056 0.49603308207115726 0.8947196736165477 0.4788478768302812 0.8770021347012126 0.5222146449269758 0.9190659232407208 0.5393998501678519
0 0.5792677562959718 0.42969078262800736 0.5141248447770163 0.4263850206251444 0.5111448357128072 0.48510868755196296 0.5762877472317628 0.48841444955482594
0 0.5330321036752252 0.335363518953864 0.5245173750000001 0.28687379375000005 0.46820341819977485 0.29676244667113605 0.476718146875 0.345252171875
0 0.21930501875 0.2910050671875 0.17138996093750006 0.2910050671875 0.17138996093750006 0.32729850312500003 0.21930501875 0.32729850312500003
0 0.40239382187500017 0.9215069984375001 0.2988416984375001 0.9215069984375001 0.2988416984375001 1 0.40239382187500017 1
0 0.5702868953125002 0.9828583500000001 0.5347522562500002 0.9828583500000001 0.5347522562500002 1 0.5702868953125002 1