0 0.6395758779971635 0.631831518156733 0.5815472606529383 0.6188212793371464 0.5750646831228996 0.6477350461104792 0.6330933004671249 0.6607452849300659
0 0.759625568206712 0.7902038635071416 0.7554774999999999 0.7652800000000001 0.736509703204123 0.7684368025084799 0.7406577714108351 0.7933606660156214
0 0.672426592214203 0.2685640714316636 0.5690462260729724 0.09851378171304667 0.29274622924989785 0.26648759042372444 0.39612659539112843 0.43653788014234135
0 0.43266711296476307 0.47509107884782537 0.4003963729248925 0.46324519298909445 0.3843580671097472 0.5069369863942306 0.41662880714961775 0.5187828722529616
0 0.4858553614976415 0.8437091824292453 0.4803932231721699 0.8245916982900944 0.4621315880896226 0.8298093083136793 0.4675937264150944 0.8489267924528303
0 0.24715750000000006 0.2642666671875 0.23116646788645082 0.2639427242023725 0.2308381334367294 0.28015053536214707 0.24682916555027865 0.2804744783472745
0 0.237010513871058 0.3281444705853707 0.23470929417751588 0.31401417501003603 0.2196732677981489 0.31646289944275185 0.22197448749169105 0.33059319501808654
0 1.001385278484634 0.6512072178026348 0.9999999999999998 0.6222669015625001 0.9591934026834379 0.6242201801937604 0.9605786811680721 0.6531604964338951
0 0.8591588106839628 0.7667627374730482 0.8398532583435643 0.765151084684448 0.8377038919212291 0.7908977630376239 0.8570094442616277 0.7925094158262241
0 0.016437500000000056 0.46728 5.729426907774294e-17 0.46728 6.007509513480603e-17 0.5126943359375 0.01643750000000006 0.5126943359375
0 0.1771218394636872 0.2653900008973112 0.1603841671875 0.2642666671874999 0.15936262853732736 0.27948759307507226 0.17610030081351455 0.2806109267848835
0 0.18659750000000003 0.31522666718750003 0.17062416718750004 0.31522666718750003 0.17062416718750004 0.3290933328125 0.18659750000000003 0.3290933328125