0 0.5363231203125001 0.2871030640625001 0.5088307115014371 0.26394258506670165 0.4699160296072781 0.3101358586851261 0.4974084384183411 0.33329633768092454
0 0.39464396817501735 0.7064652225807183 0.3829174054629886 0.6787627507652675 0.35835527920797267 0.6891599931409303 0.37008184192000143 0.7168624649563812
0 0.8461398919581924 0.17492838403986513 0.8141090514702333 0.16928418689090505 0.8096126141995408 0.19480148566354005 0.8416434546874999 0.20044568281250014
0 0.4358495828125001 0.3379108640625001 0.39652794331283303 0.3158966766720379 0.38408881495071323 0.3381153901075963 0.4234104544503802 0.36012957749805846
0 0.427737524859666 0.6689298723680176 0.3905601164585607 0.5900669253247364 0.3533877117053471 0.6075906639697423 0.3905651201064523 0.6864536110130236
0 0.3501254095246846 0.23468314483503647 0.2634625669217069 0.21013702128586625 0.2338575226807634 0.31466095086552526 0.3205203652837411 0.3392070744146955
0 0.7123443387897875 0.7149023734701165 0.6524891281045708 0.5253869870033737 0.42348173413736506 0.5977150763998776 0.4833369448225818 0.7872304628666205
0 0.6780287622464044 0.36249966336843337 0.5839366474750284 0.28799274979184303 0.5024261436154634 0.39092944809357744 0.5965182583868395 0.4654363616701677
0 0.5363231203125001 6.245219905725906e-17 0.48359869062499994 5.922375885457573e-17 0.48359869062499994 0.02236768750000006 0.5363231203125001 0.022367687500000063
0 0.3935836289061265 0.9914146222680997 0.37031993532679197 0.9815670133554416 0.36251718281250017 1.0000000000000002 0.3857808763918347 1.0098476089126585
0 0.8461398919581924 0.125071615960135 0.8416434546874999 0.0995543171875 0.8096126141995408 0.10519851433646006 0.8141090514702334 0.13071581310909505
0 0.343649025 3.6165630542573454e-17 0.244345403125 3.0085037408925564e-17 0.244345403125 0.07083565468750004 0.343649025 0.07083565468750005
0 0.7112534812500002 0.9360445687500001 0.46537604531250015 0.9360445687500001 0.46537604531250015 1 0.7112534812500002 1