0 0.5495219312499999 0.03789181718750006 0.41164398437500005 0.03789181718750005 0.41164398437500005 0.13672676875000006 0.5495219312499999 0.13672676875000006
0 0.6403494158507032 0.446970931694902 0.4955408525292773 0.43438954964463194 0.48136191289382735 0.5975856015431322 0.6261704762152532 0.6101669835934023
0 0.6149933230324984 0.692106334945511 0.4804452652414552 0.6902077250343372 0.47858234117026405 0.8222268481389902 0.6131303989613073 0.8241254580501639
0 0.4789975415615163 0.9658538433868076 0.47450081827834667 0.8783176122699462 0.4151295340887965 0.8813675063830526 0.419626257371966 0.968903737499914
0 0.39850944843749997 0.8891262140625 0.38869668828125004 0.8793134539062504 0.3810822640625001 0.8869278781250003 0.39089502421875 0.8967406382812501
0 1 0.037891817187500114 0.89110306875 0.03789181718750011 0.89110306875 0.13672676875000012 1 0.13672676875000014
0 0.1496467578125 0.03789181718750001 0.01176881093750001 0.037891817187499996 0.011768810937500014 0.13672676875 0.1496467578125 0.13672676875
0 0.9629652932816055 0.5876937761349789 0.933891156458281 0.4276819500696985 0.7894507478529433 0.45392676150566835 0.8185248846762679 0.6139385875709487
0 0.07488947656250006 0.43742025 5.373274608998392e-17 0.43742025 6.380301423180879e-17 0.601880209375 0.07488947656250007 0.601880209375
0 0.9616479401739438 0.6914030563576413 0.827134790610223 0.6891936997868694 0.8249653063484337 0.8212792874384183 0.9594784559121544 0.8234886440091902
0 0.08153302656250008 0.690748959375 8.462906378287689e-17 0.690748959375 9.271665841629685e-17 0.822829403125 0.0815330265625001 0.822829403125
0 1 0.880284846875 0.9625316406250001 0.880284846875 0.9625316406250001 0.9673509015624999 1 0.9673509015624999
0 0.14556362737915207 0.8811545913803022 0.08623253846881436 0.8785702976328575 0.08242055622119486 0.966087073882381 0.14175164513153257 0.9686713676298255
0 0.18020847734375006 0.88692787890625 0.17259405234374992 0.8793134539062499 0.16278129296875005 0.88912621328125 0.17039571796875017 0.8967406382812501