0 0.8982398761605325 0.09694217460027996 0.8720353094418488 0.024879614728200394 0.7895203614465258 0.054885049781721304 0.8157249281652094 0.12694760965380086
0 0.8609014236626775 0.6784519620510793 0.7545679010472315 0.5912039470098388 0.7073416971288273 0.648760885354231 0.8136752197442734 0.7360089003954715
0 0.53843482762324 0.5355060751879327 0.5076410879074345 0.46552030050403986 0.4610351123682596 0.4860269289787098 0.4918288520840653 0.5560127036626026
0 0.42202741093749996 0.4317931781250001 0.4132528253807789 0.38313411573131806 0.35693756875000004 0.39328932656250004 0.36571215430672116 0.44194838895618205
0 0.3900589158857886 0.6121293876792679 0.35212590712891856 0.5795069985449883 0.3018644033176849 0.6379506047553489 0.33979741207455494 0.6705729938896285
0 0.24402516606664698 0.5437567352835095 0.17908645000000004 0.5225522578125001 0.15622028348869268 0.5925798968637623 0.22115899955533963 0.6137843743347716
0 0.21056267029217643 0.23521340938667978 0.1733262922735178 0.18091037022947248 0.10717564042248015 0.22627082733712936 0.14441201844113877 0.2805738664943367
0 0.26259651757542646 0.7343612343720108 0.07997258282877433 0.6531950449939886 0.003872192631390314 0.8244209310445786 0.18649612737804247 0.9055871204226007
0 0.488950771875 0.9974330749999998 0.4875582559897914 0.9785346571172413 0.45272143880229143 0.9811015821172413 0.4541139546874999 0.9999999999999998
0 0.24757394714367428 0.4460009833982122 0.2170827202523702 0.4311462862270588 0.1951662573787308 0.47613271943639346 0.2256574842700349 0.49098741660754686
0 0.5450532899776898 0.3732906069854855 0.5325534459321936 0.31912461138735243 0.4840785589693338 0.33031112278565283 0.4965784030148301 0.3844771183837859
0 0.6292147968749999 0.5463879703125001 0.6227636480888037 0.509831462967427 0.5915938668388037 0.5153320129674269 0.598045015625 0.5518885203125