0 0.925321857671992 0.4125245395954155 0.8895522833474031 0.38749551335092464 0.8642304256754111 0.42368358000550926 0.9 0.44871260625000015
0 0.6737606843749999 0.49845619687500003 0.6295955152937205 0.4336947710960251 0.5837213209796518 0.46497946756430564 0.6278864900609312 0.5297408933432806
0 0.23154997182638898 0.5407007984959262 0.1916728615797809 0.4317576881277064 0.06446607764654691 0.47831996205101246 0.10434318789315497 0.5872630724192323
0 0.5706837609375002 0.4108066234375 0.5515738546324438 0.40945218377961135 0.5500108185546406 0.4315051950188148 0.569120724859697 0.43285963467670346
0 0.925321857671992 0.2562254604045847 0.9 0.22003739375000012 0.8642304256754109 0.24506641999449097 0.8895522833474029 0.2812544866490756
0 0.925321857671992 0.918618622904585 0.9 0.8824305562500001 0.8642304256754109 0.9074595824944908 0.8895522833474029 0.9436476491490756
0 0.6737606843749999 0.1702938031250001 0.6278864900609311 0.13900910665671956 0.5837213209796518 0.20377053243569465 0.6295955152937206 0.23505522890397518
0 0.673760684375 0.832686965625 0.6278864900609313 0.8014022691567195 0.5837213209796519 0.8661636949356948 0.6295955152937206 0.8974483914039754
0 0.23154997182638892 0.1280492015040739 0.10434318789315497 0.08148692758076781 0.06446607764654701 0.19043003794898752 0.19167286157978097 0.23699231187229358
0 0.23154997182638898 0.7904423640040739 0.10434318789315507 0.7438800900807678 0.06446607764654702 0.8528232004489874 0.19167286157978092 0.8993854743722937
0 0.5706837609375001 0.2579433765625 0.5691207248596968 0.2358903653232966 0.5500108185546406 0.23724480498118528 0.5515738546324438 0.2592978162203886
0 0.5706837609375 0.9203365390625 0.5691207248596968 0.8982835278232967 0.5500108186648311 0.8996379674733754 0.5515738547426344 0.9216909787125788