0 0.1842227375 0.2889791187500001 0.12481432006741992 0.270718418835134 0.09169812139267332 0.37845694823552944 0.1511065388252534 0.3967176481503956
0 0.34247290706638045 0.734211314714531 0.3378383680101703 0.718554089427181 0.3257385946307795 0.7221356226343059 0.3303731336869896 0.7377928479216559
0 0.9587423837363918 0.3291402938467617 0.9226986666288159 0.32719573765930876 0.9211434809636222 0.35602219817903197 0.9571871980711981 0.35796675436648495
0 0.19207505354306445 0.7208823133447136 0.1737032683374848 0.7146712833179857 0.16357156648518562 0.7446401370180012 0.18194335169076523 0.7508511670447293
0 0.8137599777261144 0.6737453565546495 0.7956874516711112 0.6686710493314274 0.7889482095032253 0.6926733661625227 0.8070207355582285 0.6977476733857448
0 0.18578975553864865 0.5135338194105564 0.10063894264886838 0.3858076029545884 0.001954309273076049 0.4515973600212241 0.0871051221628563 0.579323576477192
0 0.962023997228858 0.21181245983489266 0.948289102609637 0.1792060488021578 0.9215611727259632 0.19046473348148768 0.9352960673451841 0.22307114451422255
0 0.9726113027879817 0.6068490622573387 0.9455261544754606 0.5950626617649231 0.9289218470007281 0.6332193603150215 0.9560069953132493 0.6450057608074371
0 0.22867096544647011 0.7597885460226357 0.21276766212093445 0.7463268287493763 0.1999668536076229 0.7614493526047598 0.21587015693315856 0.7749110698780193
0 0.3062358113981131 0.8387708552928362 0.3056380515625 0.81835266875 0.28225642748691726 0.8190371857483372 0.2828541873225304 0.8394553722911734
0 0.1842227375 1.8465632015306633e-17 0.11670533593750002 1.4331383529793528e-17 0.11670533593750002 0.021809745312500017 0.1842227375 0.02180974531250002
0 0.3424729070663804 0.962540425910469 0.33037313326174755 0.9589588925774726 0.3257385942055375 0.9746161178648226 0.3378383680101703 0.978197651197819
0 0.19207505306900535 0.9758694258780537 0.1819433516907651 0.9459005735802707 0.16357156648518553 0.9521116036069988 0.1737032678634258 0.9820804559047817
0 0.962023997228858 0.08818754016510755 0.9352960673451843 0.07692885548577762 0.9215611727259633 0.10953526651851249 0.948289102609637 0.12079395119784242
0 0.2286709651873114 0.9369631953038364 0.21587015791016223 0.9218406704127247 0.1999668529521772 0.9353023868458414 0.21276766022932633 0.9504249117369532
0 0.3062358093052235 0.8579808844504877 0.28285418571313126 0.8572963698925088 0.2822564279704078 0.8777145573170211 0.3056380515625 0.8783990718749999