0 0.28290631322660026 0.6070831466925523 0.17112038941899016 0.5967769469560456 0.1618945913548964 0.696844322499337 0.27368051516250647 0.7071505222358436
0 0.582217018386357 0.625185377248138 0.5303887285708756 0.6131711261940376 0.5166261023720187 0.6725417333208996 0.5684543921875 0.6845559843750001
0 0.618184121875 0.8059073359375001 0.5767115177849539 0.8054315901648792 0.575823486534954 0.882844718289879 0.6172960906250001 0.8833204640625001
0 0.7581586364729931 0.7354630095379551 0.7022876227199636 0.7341957177492244 0.7010198743150353 0.7900868623119761 0.7568908880680648 0.7913541541007068
0 0.6361484073434023 0.16013394588732216 0.6108451243907023 0.0933252758863975 0.5227988614722775 0.12667213795567522 0.5481021444249776 0.1934808079565999
0 0.6027882818509804 0.9233679406386998 0.5529250123093835 0.8956477165311542 0.5271251209211558 0.9420566825425413 0.5769883904627527 0.9697769066500868
0 0.4285126236093554 0.18476043167137995 0.2935517231074084 0.08005666816887629 0.21741150008918386 0.17819977897227102 0.35237240059113073 0.28290354247477467
0 0.3839108804659148 0.9185196847307783 0.3547864375 0.8699613906250001 0.30635918761349323 0.8990072354860914 0.33548363057940805 0.9475655295918693
0 0.2813723513947121 0.46017294817440935 0.259618109646675 0.42140346170174003 0.22393497610582522 0.4414258964565147 0.24568921785386238 0.48019538292918396
0 0.5217854809263678 0.09804932547274534 0.4877873637635954 0.0584507434749999 0.4543550551068213 0.08715468915668341 0.4883531722695936 0.12675327115442886
0 0.5768363804177626 0.4278669954226248 0.5197305489932141 0.4145757872842445 0.5048129912287356 0.47866924892407503 0.561918822653284 0.49196045706245534
0 0.7131262062499999 0.47548262500000005 0.6649339827602607 0.4665484785772692 0.6544274405692675 0.5232224578714163 0.7026196640590067 0.5321566042941471
0 0.7089949328125001 0.78069498125 0.6727014968750001 0.78069498125 0.6727014968750001 0.8286100390625 0.7089949328125001 0.8286100390625
0 0.07849300156250007 0.597606178125 7.361111247443602e-17 0.597606178125 7.995185130006831e-17 0.7011583015625 0.07849300156250008 0.7011583015625
0 0.017141650000000053 0.4297131046875 5.2624677820721836e-17 0.4297131046875 5.4800546920059185e-17 0.46524774375 0.017141650000000057 0.46524774375