0 0.34040503252893245 0.4255951470338875 0.33214673906250003 0.35758893281250004 0.2633271818843031 0.3659459940886553 0.2715854753507355 0.4339522083100428
0 0.6542028238732638 0.5145597548720916 0.601255183277446 0.4968687184652441 0.5864133330676762 0.5412890075094566 0.6393609736634939 0.5589800439163042
0 0.9084046868905642 0.19348879626994867 0.8891965232643436 0.14235817053915797 0.8597107221104284 0.1534350561653306 0.878918885736649 0.2045656818961213
0 0.9160735410118079 0.07533872507928611 0.8947223468656244 0.04039476432175819 0.8561807885177819 0.06394413529007262 0.8775319826639656 0.09888809604760054
0 0.23864581283762848 0.2646513573483691 0.23207954344764303 0.2450224073970959 0.20912883614669267 0.2526998698799513 0.21569510553667812 0.2723288198312245
0 0.28660300808768113 0.2480659873764076 0.26271649279527753 0.24609136808056667 0.26016502703326594 0.2769558623507803 0.28405154232566954 0.27893048164662115
0 0.4858226281250001 0.53964426875 0.44526926875000006 0.538735178125 0.44473314346057824 0.5626510352838469 0.4852865028355783 0.5635601259088469
0 0.3699728265625001 0.5999209484375001 0.32270009843750014 0.5916205531250001 0.3161248044312021 0.6290684184614341 0.36339753255620205 0.6373688137739342
0 0.21668722151672162 0.9032191802366567 0.1749211518217758 0.8959237971252069 0.1686415396800543 0.9318745778260503 0.21040760937500008 0.9391699609375002
0 0.6631586334025747 0.8306828186817145 0.6337210539808809 0.7994015502004491 0.6076498705783062 0.8239361221437349 0.6370874500000001 0.8552173906250001
0 0.6040044468750001 0.84106719375 0.6004471343750001 0.80675889375 0.5597430489435677 0.810979363779302 0.5633003614435677 0.845287663779302
0 0.9006842890625 0.9639920953125 0.877047925 0.9226086953125001 0.8313417096953325 0.9487140598997534 0.8549780737578325 0.9900974598997532
0 0.7565948014667688 0.6964156771953325 0.7309314696007272 0.6273423905019413 0.6967351413993633 0.6400476165197391 0.722398473265405 0.7091209032131303
0 0.600035973257617 0.44976239259400624 0.5515920302594258 0.343272034272879 0.50708745 0.3635177859375 0.5555313929981913 0.47000814425862725
0 0.45032855781250003 0.2713043484375 0.44918231249999996 0.21577075156250003 0.405154061190997 0.21667951993913004 0.406300306503497 0.27221311681413
0 0.43653978379289543 0.16529712098215862 0.41153719794830207 0.06372759720599128 0.3039141267324453 0.09022033810790972 0.32891671257703864 0.1917898618840771
0 0.9705014095443742 0.1518238931286277 0.9397352491904861 0.14255459957791577 0.9239742305825496 0.19486775841569437 0.9547403909364377 0.2041370519664063
0 0.9752897750872099 0.059994693257036415 0.9332439187116541 0.04087179491162605 0.915737987942291 0.0793623959467836 0.957783844317847 0.09848529429219396
0 0.9945383935440641 0.9589653440202472 0.9542020750000001 0.9226086953125 0.9230265448566065 0.9571967599262778 0.9633628634006707 0.9935534086340251