0 0.2756509125384739 0.3455840934487121 0.2725309412945412 0.3016025806587507 0.2364647509298894 0.3041610528366699 0.2395847221738221 0.3481425656266313
0 0.7599861159080199 0.4660698167449361 0.7327149203125 0.43699604687500015 0.7033556594375892 0.46453503302785953 0.730626855033109 0.4936088028977956
0 0.8561936851501774 0.9102942143283137 0.8351914634535695 0.8648174023865695 0.7950619029238387 0.8833501422785496 0.8160641246204465 0.9288269542202938
0 0.5724851396167491 0.7747862054973713 0.5670172327084424 0.7460906276908305 0.5169764473542092 0.7556258375332732 0.522444354262516 0.784321415339814
0 0.4137114041975084 0.3073938021698113 0.3372653136717573 0.3029308461353816 0.3338976939741844 0.3606148919272108 0.4103437844999355 0.36507784796164044
0 0.37905306848045417 0.04654958302733223 0.3171077038783183 0.04181976300285119 0.30954812851355307 0.14082578221371686 0.3714934931156889 0.1455556022381979
0 0.39129488288267517 0.211940730793593 0.35239226892880826 0.15663735069111623 0.2759782397860894 0.2103900412299283 0.3148808537399564 0.26569342133240503
0 0.42385770213691665 0.3575507686299611 0.3646729819800659 0.34062150004194625 0.34209489994807807 0.41955447105568755 0.4012796201049288 0.4364837396437024
0 0.7612524703125 0.37533596874999997 0.7529520749999999 0.3363241109374999 0.6935319845694613 0.34896668342016535 0.7018323798819612 0.3879785412326654
0 0.29489974035574534 0.4934705364465698 0.29322875468750004 0.4530434781250001 0.26856732957951873 0.4540628173899585 0.27023831524776404 0.4944898757115282
0 0.45846259370664744 0.7395986117261605 0.3666515976148058 0.6527336615331877 0.3003780273323402 0.7227808150591916 0.3921890234241818 0.8096457652521643
0 1 0.8728063234375 0.9751259875 0.8728063234375 0.9751259875 0.9160079046874999 1 0.9160079046874999