0 0.5373709582040744 0.8984449344634354 0.46959527696288134 0.8962700435685867 0.4680742026459355 0.9436709721823677 0.5358498838871286 0.9458458630772164
0 0.1622917513447824 0.26482465155796825 0.1578146861515698 0.22760356632448336 0.13008598822676196 0.23093885833849975 0.1345630534199746 0.26815994357198464
0 0.2863837281200319 0.15421615495268265 0.26488969043843713 0.06816458935854386 0.20917366825211986 0.0820813876419076 0.23066770593371463 0.16813295323604638
0 0.6727217098922935 0.1472673333131437 0.6346466515553062 0.1341479575196196 0.6172144807991857 0.18473961133955466 0.655289539136173 0.19785898713307876
0 0.40940505253266385 0.8111887152699826 0.4026867350460705 0.7660606156359255 0.3591591768501864 0.7725406570679256 0.3658774943367797 0.8176687567019826
0 0.8050709573574875 0.8409562227836693 0.7699372178808067 0.8286119370753321 0.760185441694136 0.8563669949274031 0.7953191811708168 0.8687112806357401
0 0.8227462445426136 0.902402826002841 0.7949723938125 0.8931448770000004 0.7840536671704548 0.9259010613153412 0.8118275179005684 0.935159010318182
0 0.6013296334034235 0.4778636221765435 0.4759453203914295 0.30231308751458374 0.3132759794795984 0.4184972028043418 0.43866029249159244 0.5940477374663015
0 0.1224126359527272 0.23060852486497554 0.09487121835665588 0.22791769715151067 0.09123787201681052 0.26510607168626865 0.11877928961288184 0.26779689939973356
0 0.03709253593750001 0.077137809375 9.95729686649181e-18 0.077137809375 1.4779009252153027e-17 0.15588234843749998 0.03709253593750002 0.15588234843749998
0 0.9840302593532158 0.8560074734284454 0.973660394042042 0.8281725664688718 0.9389869201156597 0.8410901327107597 0.9493567854268334 0.8689250396703333
0 0.9576717089767482 0.9289555039902012 0.9503847882150692 0.8940823848461376 0.9236374432281886 0.8996713825695567 0.9309243639898677 0.9345445017136204