0 0.27619527306397307 0.6048168504278973 0.2239627427068976 0.5251555412965826 0.07140501407619974 0.625184981922195 0.12363754443327526 0.7048462910535098
0 0.3187532335610393 0.4601499215385668 0.31333368213834284 0.38472441621474623 0.22261418084837006 0.3912428876545008 0.22803373227106646 0.4666683929783214
0 0.5358900085035617 0.4567446087444342 0.44705117186381826 0.45401365338467714 0.4447795552193595 0.5279100571703291 0.5336183918591029 0.5306410125300862
0 0.8353271142073897 0.5708133078085734 0.7955132821398642 0.5137118881323729 0.7384857948807108 0.5534741709940582 0.7782996269482364 0.6105755906702587
0 0.6619098463732241 0.34801761156830907 0.6401148110575253 0.34571582494309394 0.6381090327310821 0.364708032553217 0.6599040680467809 0.36700981917843223
0 0.8402352937499998 0.6116963234374999 0.8267820889030689 0.5989122556067012 0.8194354150092868 0.6066434652767987 0.8328886198562178 0.6194275331075974
0 0.27703394174812546 0.37405956362089354 0.2742111931063028 0.3643082526483418 0.2625882359375 0.36767279375000006 0.2654109845793228 0.3774241047225517
0 0.25028235312499997 2.159153732527391e-17 0.10233421093749999 1.2532326386787942e-17 0.10233421093749999 0.10179044062500002 0.25028235312499997 0.10179044062500005
0 0.27619527268341176 0.7432346218108588 0.12363754561040863 0.6432051788001483 0.0714050146716235 0.7228664861058197 0.22396274174462666 0.8228959291165303
0 0.3187532335610392 0.18672507846143316 0.22803373227106644 0.18020660702167862 0.22261418084837006 0.2556321123454993 0.31333368213834284 0.26215058378525385
0 0.3187532339083445 0.8879015512274846 0.2280337328611337 0.8813830765505314 0.2226141786904623 0.9568085824591384 0.31333367973767307 0.9633270571360916
0 0.5358900085035616 0.1901303912555657 0.5336183918591029 0.11623398746991384 0.4447795552193594 0.11896494282967089 0.4470511718638182 0.19286134661532273
0 0.5358900085035616 0.8913068615680657 0.5336183918591029 0.8174104577824138 0.4447795552193593 0.8201414131421709 0.4470511718638181 0.8940378169278228
0 0.8353271142073899 0.07606169219142678 0.7782996269482366 0.036299409329741475 0.7384857948807109 0.09340082900594204 0.7955132821398642 0.13316311186762736
0 0.8353271142701283 0.7772381649434188 0.7782996285274324 0.7374758811203763 0.7384857956726899 0.7945772990266124 0.7955132814153858 0.8343395828496549
0 0.6619098463732239 0.29885738843169096 0.6599040680467809 0.2798651808215679 0.6381090327310822 0.2821669674467831 0.6401148110575253 0.30115917505690615
0 0.6618325220188241 0.9993016939916257 0.6599040680467809 0.9810416511340678 0.6381090327310821 0.983343437759283 0.6400374867031253 1.001603480616841
0 0.84023529375 0.035178676562500046 0.8328886198562178 0.027447466892402784 0.8194354150092871 0.04023153472320144 0.8267820889030691 0.04796274439329871
0 0.84023529375 0.7363551468750001 0.8328886198562178 0.7286239372049028 0.8194354150092868 0.7414080050357015 0.8267820889030691 0.7491392147057988
0 0.27703394174812546 0.27281543637910655 0.2654109845793227 0.26945089527744825 0.26258823593749997 0.27920220625000003 0.2742111931063028 0.2825667473516583
0 0.2770339415732471 0.973991907021625 0.2654109818341239 0.9706273677148642 0.2625882359375 0.9803786765625 0.2742111956766232 0.9837432158692607