0 0.11486646874999999 0.5588955859374999 0.10624863547234811 0.5061440058963378 0.06997032656249999 0.5120706609375 0.07858815984015186 0.5648222409786621
0 0.282485717585174 0.28004411215064334 0.23449160862473034 0.2489638466566258 0.21521621490500958 0.2787288866823552 0.26321032386545323 0.3098091521763727
0 0.5754599406249999 0.59162555625 0.574154303125 0.5711211046875001 0.5585464518641569 0.5721149472118155 0.5598520893641569 0.5926193987743155
0 0.8370754916827832 0.6414006437436369 0.8275370921874998 0.6202605718749999 0.8100656748126059 0.6281436746244191 0.8196040743078891 0.6492837464930561
0 0.7216617203125 0.6246225890625 0.7191097921875 0.5904089390625 0.6927313670050552 0.5923764533474795 0.6952832951300552 0.6265901033474794
0 0.8886646890625001 0.3488362390625 0.8879228484375 0.32883623906250004 0.8710351742167409 0.32946263720243624 0.871777014841741 0.3494626372024362
0 0.9480581059007216 0.6285134994752829 0.9251254507737329 0.5553993087150083 0.8614587138648686 0.5753687196516469 0.8843913689918572 0.6484829104119215
0 0.11486646875000013 0.974978671875 0.07675170312500013 0.974978671875 0.07675170312500014 1 0.11486646875000013 1
0 0.28248571758517393 0.18558088784935678 0.2632103238654532 0.15581584782362734 0.21521621490500956 0.18689611331764483 0.2344916086247303 0.21666115334337427
0 0.5754599406250002 0.9422487015625002 0.5598520894632486 0.9412548590444946 0.5585464519632486 0.9617593106069945 0.5741543031250002 0.9627531531250002
0 0.8370754918403825 0.8924736135010232 0.8196040736573185 0.8845905110511092 0.8100656740044361 0.9057305850500864 0.8275370921875002 0.9136136875000002
0 0.7216617203125 0.90925166875 0.6952832951300552 0.9072841544650204 0.6927313670050552 0.9414978044650205 0.7191097921875 0.9434653187500001
0 0.8886646890625001 0.1167887609375001 0.871777014841741 0.11616236279756387 0.8710351742167409 0.13616236279756389 0.8879228484375 0.13678876093750011
0 0.9480581059007218 0.905360758337217 0.8843913689918572 0.8853913474005785 0.8614587138648686 0.9585055381608534 0.9251254507737331 0.9784749490974919