0 0.3718232434643477 0.5188310821517631 0.32685747060181597 0.5170882222060869 0.32546789499635115 0.5529392618754877 0.37043366785888293 0.5546821218211639
0 0.2045018291823625 0.45316203623186935 0.1979395076148141 0.42832284222817457 0.17529334874495164 0.4343057809963053 0.18185567031250005 0.45914497500000007
0 0.12032989687500004 0.32036146875 0.08014432968750004 0.32036146875 0.08014432968750004 0.3789387890625 0.12032989687500004 0.3789387890625
0 0.062246786384477316 0.7770243277243049 0.05421631172007946 0.7505906787844145 0.031082926898102124 0.7576185416851098 0.03911340156249998 0.784052190625
0 0.06975709526455806 0.7583967421547064 0.06866111855231345 0.734833237650543 0.04934065144256598 0.7357318638297784 0.05043662815481061 0.7592953683339418
0 0.4961855671875 0.3630831187500001 0.4792212513656893 0.3549658799165306 0.46981918886568935 0.37461536429153064 0.48678350468750003 0.3827326031250001
0 0.5606515460936363 0.5798088906043182 0.5490061855513636 0.5710748712004546 0.5377237115277274 0.5861181716259092 0.54936907207 0.5948521910297728
0 0.7453271763535451 0.16823445976269674 0.7332099277977975 0.139143448461652 0.6835960612575975 0.1598090604769243 0.695713309813345 0.18890007177796905
0 0.7042722957619598 0.12868378086407717 0.6629244312996787 0.11245522992977268 0.6539156802923681 0.13540814896318612 0.6952635447546492 0.1516366998974906
0 0.8498018420670543 0.12380740072241961 0.8150468353205529 0.12278027623319446 0.8137128864148728 0.16791735913088146 0.8484678931613743 0.1689444836201066
0 0.8968516813856156 0.4306892489446568 0.8881896906320174 0.4033111788240717 0.8649791180980158 0.4106546388922843 0.8736411088516138 0.43803270901286934
0 1.000412370216346 0.5542171398557691 0.9989310076190827 0.5423662278517012 0.9882981764197485 0.5436953304926037 0.9897795390170119 0.5555462424966715
0 0.8634498731163767 0.7062648616486596 0.8614113991608944 0.6768526050854138 0.8332595984183427 0.6788037206854771 0.835298072373825 0.7082159772487231
0 0.6654959252648971 0.44774110849601695 0.6621333144776704 0.422401431846691 0.6108153802519929 0.4292113940097261 0.6141779910392197 0.45455107065905204
0 0.5599323175425678 0.2385571948158808 0.5213248790555759 0.22643625429833686 0.5104624596105541 0.2610350702843228 0.549069898097546 0.2731560108018668
0 0.8248129777902875 0.2856946422559846 0.7627394039349592 0.2843528925672598 0.7609285390782137 0.36812921416569544 0.823002112933542 0.36947096385442024
0 0.7370737113120718 0.7078026863683962 0.7308453609375001 0.6719284796875 0.7114395414378117 0.6752976480770582 0.7176678918123834 0.7111718547579544
0 0.33590658854867017 0.7999795868895727 0.28667666837030936 0.7892790439277918 0.27738920542673484 0.8320078158232658 0.3266191256050957 0.8427083587850467
0 0.7453271769081498 0.05937507640581226 0.6957133098133451 0.03870946415953105 0.6835960612575975 0.0678004754605758 0.7332099283524022 0.088466087706857
0 0.7042722957619599 0.09892575507342301 0.6952635447546494 0.0759728360400096 0.6539156797609662 0.09220138718288311 0.6629244307682769 0.11515430621629652
0 0.8498018420670543 0.10380213521508053 0.8484678932075111 0.058665053878530014 0.813712886414873 0.059692178369118644 0.8150468352744162 0.10482925970566917
0 0.33590658854867 0.9781454131104275 0.32661912560509565 0.9354166412149535 0.2773892054267348 0.9461171841767342 0.28667666837030914 0.9888459560722082