0 0.32029763330851824 0.8159647874793425 0.28970760156250003 0.811081871875 0.28347734037276173 0.8501126278869588 0.31406737211877994 0.8549955434913012
0 0.8225037436860537 0.7890741173932285 0.6690894855910154 0.6454876991775145 0.580769166090011 0.739853144456659 0.7341834241850492 0.8834395626723731
0 0.19397660781249998 0.3685672515625 0.14239839553157974 0.3600991879341485 0.13339254865657973 0.4149529894966486 0.1849707609375 0.42342105312499995
0 0.5125485787297575 0.27245291006426736 0.4555956502903406 0.2296886013801624 0.3816268438021887 0.32819925833448904 0.4385797722416056 0.370963567018594
0 0.4315789468750002 0.8016081875000001 0.34933696885850446 0.7824783453223231 0.33200786853342035 0.8569786718145241 0.4142498465499161 0.8761085139922014
0 0.574627021576588 0.35344668936281665 0.4719263541808817 0.3387956845691936 0.45828913346432676 0.4343899246053676 0.560989800860033 0.44904092939899076
0 0.7416091565019243 0.1759623767710506 0.6623152457819371 0.146993969252836 0.6388923652601255 0.21110835992942523 0.7181862759801126 0.24007676744763978
0 0.8640992604373302 0.2465375870853242 0.7918919088587868 0.23659811458480834 0.7823028881610783 0.30625953663486544 0.8545102397396217 0.3161990091353813
0 0.9779839743049792 0.26239748471437885 0.906900584375 0.22271929843750007 0.8691658141948896 0.2903210623869269 0.9402492041248685 0.32999924866380564
0 0.917156952148677 0.702122156451235 0.8795049995995281 0.633664062374532 0.8466778906203014 0.6517189727000622 0.8843298431694505 0.7201770667767653
0 0.9405684068094324 0.8532914405127618 0.884833995368432 0.8253761047744608 0.8531200863747289 0.8886945641628008 0.9088544978157292 0.916609899901102
0 0.031214875745537496 0.7391616193806982 0.015183599995470986 0.6927442670034691 -0.00851134301331693 0.7009278480524032 0.00751993273674958 0.7473452004296324
0 1.0127142855866853 0.5767549379208591 0.9799548439818648 0.518370336182724 0.9437902662076795 0.5386621826368649 0.9765497078124998 0.597046784375
0 0.3792618932647006 0.9378228221262098 0.34547810974120025 0.9324885408923029 0.3394899641664742 0.9704134655321642 0.3732737476899745 0.9757477467660711
0 0.37760233906250007 0.9723684203125 0.3407602343750001 0.9723684203125 0.3407602343750001 1 0.37760233906250007 1