0 0.19505319218750003 0.275957446875 0.17037234062500003 0.275957446875 0.17037234062500003 0.3006382984375 0.19505319218750003 0.3006382984375
0 0.1975000000000001 0.6561702125 0.16765601477238395 0.6497881910228833 0.16026239758488398 0.6843626597728832 0.1901063828125001 0.6907446812499999
0 0.2598174747465464 0.8127702270014184 0.1905592395400665 0.786974131498124 0.16303812631961662 0.8608637529845481 0.23229636152609645 0.8866598484878427
0 0.2969638090374329 0.4239607168071148 0.20685214120966763 0.3519008539696598 0.13445395664376364 0.4424355969187541 0.22456562447152892 0.514495459756209
0 0.35340425468750003 0.21218085156250005 0.26341867283352194 0.1914993607387832 0.24753027767614394 0.26063008710416813 0.33751585953012203 0.281311577927885
0 0.8070411972608685 0.2063188553942656 0.7766002386422375 0.12370737863376102 0.6865976524301858 0.15687183846291494 0.7170386110488167 0.23948331522341954
0 0.6060357914824721 0.5108200694883772 0.5946016010580953 0.47368968672874123 0.5398607385145011 0.4905469717820621 0.551294928938878 0.527677354541698
0 0.3793222197922598 0.6644148847627919 0.3704408388828278 0.631934394720784 0.3528359131526409 0.6367482399272397 0.3617172940620728 0.6692287299692474
0 0.1430853249496779 0.8164073099041118 0.09694371708532219 0.7726721783845479 0.03671761614869133 0.8362121526812765 0.08285922401304706 0.8799472842008402
0 0.21087090863487717 0.5606446752010305 0.13283375976730424 0.4962739353612113 0.05290728639130462 0.5931694210558575 0.13094443525887756 0.6575401608956766
0 0.276542553125 0.36111702187500005 0.25739361640625 0.34196808515625005 0.24441489375 0.35494680781250004 0.26356383046875 0.37409574453125
0 0.8492312945297105 0.6643965756153839 0.6797155891165371 0.4877433684214772 0.5564598502571785 0.6060190785025946 0.7259755556703518 0.7826722856965013