0 0.699140871510509 0.24189478176621826 0.6546641700918615 0.2383070322822724 0.6518340423498483 0.27339162977755554 0.6963107437684958 0.27697937926150146
0 0.563003953125 0.7327149203125002 0.5354649669721405 0.7033556594375892 0.5063911971022044 0.730626855033109 0.5339301832550639 0.75998611590802
0 0.13518259761343074 0.8351914634535695 0.11664985772145053 0.7950619029238387 0.07117304577970618 0.8160641246204463 0.08970578567168638 0.8561936851501774
0 0.2555762583301601 0.5642165418150686 0.2395652171875 0.5178927859375 0.21112298480811925 0.5277233738116555 0.2271340259507794 0.5740471296892241
0 0.6970691538646185 0.3372653136717574 0.6393851080727893 0.3338976939741845 0.6349221520383597 0.4103437844999355 0.692606197830189 0.4137114041975084
0 0.9599406366502808 0.32121514148675195 0.8605984664372934 0.30915905416426154 0.8532794997402094 0.3694673462291794 0.9526216699531969 0.3815234335516699
0 0.8432411062499998 0.3524777671875001 0.7897315265934675 0.2760092718879822 0.734288280665665 0.3148062270623985 0.7877978603221976 0.3912747223619165
0 0.6581763690668413 0.3988601170187559 0.5864822140624999 0.34382164062500015 0.5546913653778273 0.38523299832706515 0.6263855203821687 0.44027147472082095
0 0.6636758890624999 0.7529520749999999 0.6510333165798345 0.6935319845694614 0.6120214587673345 0.7018323798819615 0.6246640312499999 0.7612524703125
0 0.546956521875 0.2932287546875001 0.5459371826100414 0.2685673295795188 0.5055101242884719 0.27023831524776404 0.5065294635534303 0.29489974035574534
0 0.34651414892104376 0.37286809459620635 0.2796091361170969 0.30215354453404886 0.18885204221562127 0.38802136840042295 0.25575705501956814 0.45873591846258044
0 0.12719367656250014 0.9751259875 0.08399209531250011 0.9751259875 0.08399209531250013 1 0.12719367656250014 1