0 0.7005529207452162 0.7058319077566946 0.6573804209005703 0.477795781320465 0.4432627097396896 0.518333204036309 0.48643520958433567 0.7463693304725385
0 0.38599646249999997 0.5701886796875001 0.3303776793639255 0.5665734579776174 0.3274342824889255 0.6118564767276172 0.3830530656250001 0.6154716984374999
0 0.4924115562500001 0.4879245281250001 0.4727889156250001 0.43584905625000003 0.43390519307814246 0.4505008930212669 0.4535278337031425 0.502576364896267
0 0.42324174531250003 0.18169811249999998 0.3795813671875 0.14075471718749996 0.345438138527013 0.17716367307275077 0.389098516652013 0.2181070683852508
0 0.4278832546875 0.07849056562500005 0.38969297203807346 0.04160593401099477 0.3369398578125001 0.09622641562500003 0.3751301404619266 0.1331110472390053
0 0.4732895012231312 0.8366371442287812 0.4246939860317728 0.7454365705630425 0.3551105952092812 0.7825135382822809 0.4037061104006397 0.8737141119480196
0 0.08497759375000008 0.497799775 6.096289010700227e-17 0.497799775 7.526192612240482e-17 0.7313207546875 0.0849775937500001 0.7313207546875
0 0.996465869188565 0.5137790364104783 0.781234980739766 0.48066659483869545 0.7459622166931527 0.709939580563399 0.9611931051419516 0.7430520221351818
0 0.22561910312500003 0.6107547171875 0.22178019557264045 0.5655477438448417 0.1662330268226404 0.5702647250948417 0.17007193437499998 0.6154716984374999
0 0.11807193437500003 0.4535471703125 0.08033608437500002 0.43584905625000003 0.056778271877066674 0.4860789324735778 0.09451412187706669 0.5037770465360778
0 1.0081989785009944 0.45334128181131994 0.9709021218749998 0.43584905625000003 0.9473443100193155 0.48607893283851766 0.9846411666453101 0.5035711583998376
0 0.20583088894741858 0.17930348665369458 0.1735436328125 0.14075471718750002 0.12772976564992572 0.17912699428200912 0.1600170217848443 0.21767576374820372
0 0.2161851421875 0.09622641562500002 0.1602697349804053 0.04222264677853519 0.1237590104416729 0.08002578670036915 0.1796744176487676 0.134029555546834
0 0.19801965015289325 0.7825244754070365 0.1284465433725372 0.7454228807852747 0.07981705851653467 0.8366131484018562 0.1493901652968907 0.873714743023618