0 0.6105181625000001 0.8881623937500003 0.5693090610924533 0.8661941219570254 0.5496481982423733 0.9030748788314877 0.5908572996499201 0.9250431506244627
0 0.566305228903975 0.6295955152937205 0.5350205324356944 0.5837213209796518 0.47025910665671944 0.6278864900609313 0.501543803125 0.673760684375
0 0.5672227337710902 0.18768964234692614 0.5132583245385643 0.06254002806086482 0.4085016515392955 0.10771101803010892 0.4624660607718214 0.23286063231617024
0 0.5891933765624999 0.55055555625 0.5678685890625 0.55055555625 0.5678685890625 0.5706837609375001 0.5891933765624999 0.5706837609375001
0 0.77996260625 0.9 0.7549335800055091 0.8642304256754109 0.7187455133509245 0.8895522833474031 0.7437745395954154 0.925321857671992
0 0.11756944375000011 0.9 0.0925404175055092 0.8642304256754109 0.05635235085092445 0.8895522833474031 0.08138137709541535 0.925321857671992
0 0.8610586731085158 0.628028499713662 0.796369077958866 0.5836794486131188 0.7649728372631651 0.6294754701609389 0.829662432412815 0.6738245212614821
0 0.19866551060851592 0.6280284997136619 0.133975915458866 0.5836794486131188 0.10257967476316518 0.6294754701609389 0.1672692699128151 0.673824521261482
0 0.9185130724192321 0.10434318789315511 0.8095699620510125 0.06446607764654706 0.7630076881277064 0.19167286157978097 0.8719507984959259 0.231549971826389
0 0.25611990991923217 0.10434318789315493 0.1471767995510124 0.06446607764654702 0.10061452562770642 0.191672861579781 0.2095576359959262 0.23154997182638892
0 0.7641096346767035 0.5691207248596968 0.7627551950188148 0.5500108185546406 0.7407021837796114 0.5515738546324438 0.7420566234375 0.5706837609375001
0 0.10171647217670343 0.5691207248596968 0.10036203252662468 0.5500108186648311 0.07830902128742123 0.5515738547426344 0.07966346093749999 0.5706837609375001