0 0.5316371439122788 0.8971263948837596 0.4639339580284688 0.894953830332074 0.4623898383760688 0.9430729160329738 0.5300930242598787 0.9452454805846594
0 0.8692876359527274 0.23060852486497563 0.8417462183566562 0.22791769715151072 0.8381128720168107 0.26510607168626876 0.8656542896128819 0.26779689939973367
0 0.7847822624069309 0.15520603680621375 0.7833854985953335 0.07691745558451583 0.7182374841377851 0.07807977565178141 0.7196342479493826 0.15636835687347933
0 0.38123774528133747 0.18719934043149328 0.36881781577105266 0.13546591824264217 0.32754508800257126 0.1453744908421982 0.339965017512856 0.1971079130310493
0 0.6403019186822263 0.7710542204915363 0.594610260422829 0.7687167649969757 0.5923612770907283 0.8126790043125764 0.6380529353501255 0.8150164598071369
0 0.23973918245717663 0.8560074719738522 0.22936931443888767 0.8281725642258362 0.1946958410536227 0.8410901332724403 0.20506570907191168 0.8689250410204563
0 0.21338063085174813 0.9289555039902009 0.20609371009006905 0.8940823848461374 0.17934636660032025 0.8996713822567228 0.1866332873619993 0.9345445014007863
0 0.6824361339712468 0.39910123873433834 0.48890695290263386 0.3061320765898947 0.40081097725477904 0.48951699293539236 0.594340158323392 0.582486155079836
0 0.9091667513447825 0.26482465155796825 0.9046896861515699 0.22760356632448336 0.8769609882267619 0.23093885833849978 0.8814380534199747 0.2681599435719847
0 1 0.07713780937500012 0.9629074640624999 0.07713780937500012 0.9629074640624999 0.15588234843750012 1 0.15588234843750012
0 0.06077987923248775 0.8409562227836693 0.025646141146614766 0.8286119375639943 0.015894365131636203 0.8563669949274031 0.05102810321750919 0.8687112801470779
0 0.0784551678238636 0.9024028264715909 0.050681315687500075 0.8931448770000003 0.03976258904545493 0.9259010613153412 0.06753644118181845 0.9351590107869319