0 0.30095580157056756 0.7110727397093486 0.2981286436331096 0.6840862099278091 0.2792193828286647 0.686067178477953 0.2820465407661227 0.7130537082594924
0 0.6300634182405107 0.5130490989745554 0.6218122125202957 0.49561958889124347 0.6054219185266283 0.5033788252042617 0.6136731242468432 0.5208083352875736
0 0.6208975158292052 0.5849635427953002 0.6117062777548247 0.5546443930402931 0.587284453192763 0.5620478593503467 0.5964756912671435 0.5923670091053538
0 0.43840196360085393 0.26386776280783375 0.43682236874999997 0.24800000000000005 0.40702736828055963 0.2509660154296916 0.40860696313141365 0.2668337782375253
0 0.7065518320459434 0.43012579623950825 0.6992597257518456 0.41386637201987425 0.6844067288295207 0.42052771690395147 0.6916988351236185 0.4367871411235854
0 0.6296213038093044 0.9034151390882859 0.6270334867412417 0.8762430521910428 0.6072629366407494 0.8781259611920527 0.609850753708812 0.9052980480892957
0 0.7401319548123295 0.9314646529968336 0.7173425732053513 0.930515095782251 0.7163738605971404 0.9537642070069137 0.7391632422041186 0.9547137642214961
0 0.718271151098093 0.6588620708549712 0.7008428338835486 0.6463136813015161 0.6911195786536349 0.6598182012068816 0.7085478958681792 0.6723665907603367
0 0.6715592109374999 0.024473684375000082 0.6515592109375 0.02447368437500008 0.6515592109375 0.05447368437500009 0.6715592109374999 0.05447368437500009
0 0.11513780019042867 0.6865669856522587 0.09623607764708643 0.6837445565401599 0.09228906651915787 0.7101775708879012 0.1111907890625001 0.713
0 0.9990632285785912 0.50547846577592 0.9843371613624126 0.49449631294896185 0.9730476339527468 0.5096345414997001 0.9877737011689256 0.5206166943266584
0 1 0.5598853937500002 0.9876118421875001 0.5598853937500002 0.9876118421875001 0.5900022531250002 1 0.5900022531250002
0 0.9195222331212332 0.42196021783260385 0.9065012774858043 0.41389167754747486 0.8971358494991921 0.4290055417671576 0.9101568051346209 0.4370740820522866
0 0.996441037250167 0.877717974572813 0.9765016131859315 0.8768510433155594 0.9753129342790363 0.904190665231933 0.9952523583432716 0.9050575964891866
0 0.8894211383989541 0.9343074561506002 0.8656250570201898 0.9297312849826218 0.8614430598550245 0.9514776622956896 0.8852391412337888 0.9560538334636679
0 0.9130872012612989 0.6600120061788717 0.9036581914747451 0.6462970814649237 0.8858332574752186 0.6585517223493381 0.8952622672617725 0.6722666470632861
0 0.9527171046875 0.024473684375000117 0.9327171046875 0.024473684375000117 0.9327171046875 0.05447368437500011 0.9527171046875 0.05447368437500011