0 0.6267753902936484 0.7503860926007578 0.6199146755575329 0.7268377644794206 0.580943094579936 0.7381919845550465 0.5878038093160514 0.7617403126763838
0 0.3236634005972693 0.5128804221572351 0.29836194721398973 0.46484264247740104 0.25353645014710563 0.4884521896292277 0.2788379035303852 0.5364899693090617
0 0.5214628625 0.6665217390625 0.4722599640625 0.6665217390625 0.4722599640625 0.70736715 0.5214628625 0.70736715
0 0.344506340625 0.16809178750000012 0.3015784909271126 0.11512542488274151 0.2591014969157005 0.14955191604499873 0.30202934661358793 0.20251827866225733
0 0.7005208328124999 0.8445410624999999 0.6760222795365767 0.8118763288622308 0.6446908805298655 0.8353748810404615 0.6691894338057887 0.8680396146782308
0 0.7669237195492433 0.5638872507496762 0.7645341757276598 0.5234297848764825 0.7123813779468114 0.5265100913916292 0.7147709217683949 0.5669675572648227
0 0.42837380414611986 0.10943138884810688 0.4023595620972117 0.08503130774060627 0.37492303696484414 0.11428286648050559 0.40093727901375226 0.1386829475880062
0 1.0015716363253315 0.7353853455605855 0.9634193843750001 0.730410628125 0.9601005808978682 0.7558632951503526 0.9982528328481998 0.760838012585938
0 0.16379304036549353 0.4848368821891874 0.11740688440617694 0.4662653052877558 0.09723723864189453 0.5166429516788953 0.1436233946012111 0.5352145285803268
0 0.16052936839631604 0.14829388054917475 0.11697593755099331 0.11461195244475382 0.07561745156250001 0.1680917875 0.11917088240782273 0.20177371560442095
0 0.9351585140625 0.8319806765625 0.892009132991593 0.8184789952311295 0.8822894893100036 0.8495415420945249 0.9254388703809105 0.8630432234258956
0 0.871269625 0.5387681156250002 0.8329818820420783 0.5150802046394938 0.8069547811736525 0.5571488762331989 0.8452425241315742 0.5808367872187052
0 0.0358633635876198 0.12360173097986746 0.0340913653063593 0.09041707378733946 -0.0012621108482488424 0.09230488292211803 0.0005098874330116632 0.12548954011464603