0 0.6297444087345034 0.8849733942716019 0.6132973014265841 0.8838551785555696 0.611366761411945 0.912250235365953 0.6278138687198643 0.9133684510819853
0 0.7220613344672581 0.9062937081119141 0.6818655306813979 0.8460000002188115 0.6245788180891398 0.8841911405443975 0.664774621875 0.9444848484375001
0 0.7297746218750001 0.5886969703125 0.6198655296875 0.5886969703125 0.6198655296875 0.6926969703125 0.7297746218750001 0.6926969703125001
0 0.41068442838759867 0.11919684990731305 0.3856821778440365 0.04658589861076048 0.3100846147470293 0.07261653420062725 0.3350868652905915 0.14522748549717984
0 0.6148001887817462 0.4296728960882888 0.5423087497748552 0.42691356943563435 0.5399619465335713 0.48856743120769125 0.6124533855404624 0.4913267578603457
0 0.5674412875 0.63706060625 0.5649736273535009 0.601051045562491 0.5291554461035008 0.603505590874991 0.53162310625 0.6395151515624999
0 0.8181547336016453 0.12885214276528675 0.8154066562408838 0.07011202194659766 0.7660348290724508 0.07242181631899573 0.7687829064332121 0.13116193713768484
0 0.37112138656412696 0.7113037013480868 0.3153271180819563 0.7003490854419631 0.3072698742236245 0.7413864007536557 0.3630641427057951 0.7523410166597795
0 0.32762310625 0.7934242421875 0.32262310625 0.7741212125 0.3085107015124417 0.777776702069779 0.3135107015124417 0.797079731757279
0 0.4569261359375002 0.8763030296875 0.4369261359375002 0.8763030296875 0.4369261359375002 0.8963030296875001 0.4569261359375002 0.8963030296875001
0 0.5653334261033996 0.35266006315851745 0.5006036796640749 0.34254435767819047 0.4882540270871896 0.4215689873958297 0.5529837735265144 0.43168469287615674
0 0.4388094876243075 0.5522195340074452 0.43162310625 0.521 0.39790769211247773 0.5287609045710667 0.4050940734867853 0.5599804385785119
0 1.0179350958682876 0.8822921725532694 0.9603263787583589 0.8464671635788961 0.9216507532025716 0.9086598394631267 0.9792594703125002 0.9444848484375001
0 1 0.5886969703125001 0.9142594703125001 0.5886969703125001 0.9142594703125001 0.6926969703125001 1 0.6926969703125001
0 0.02765340937500001 0.0605151515625 7.423801625090885e-18 0.0605151515625 1.1904711262740757e-17 0.133693959375 0.02765340937500001 0.133693959375
0 0.8779021247066169 0.1304716177091183 0.8751163285148866 0.07092518056918196 0.8259764952826437 0.07322411845456611 0.828762291474374 0.13277055559450246
0 0.04050189375000009 0.706969696875 8.687656496106018e-17 0.706969696875 8.953330683849223e-17 0.750357584375 0.04050189375000009 0.750357584375
0 0.044592593604799655 0.7779567110933734 0.030501893750000054 0.7741212125 0.025265137293263785 0.7933597969103924 0.039355837148063386 0.7971952955037658