0 0.24612476128996325 0.37591481148949285 0.2282041399774397 0.3588475558640106 0.2141424796875 0.3736123015625001 0.23206310100002353 0.3906795571879823
0 0.6219697210135082 0.6324630379507499 0.5580211077067088 0.6236386874854017 0.5503257929432006 0.6794053651596519 0.6142744062500001 0.6882297156250001
0 0.7132453828124999 0.5111584765625001 0.71116095 0.4872006921875001 0.6782405809181469 0.4900649093638358 0.6803250137306469 0.5140226937388358
0 0.3819788921874999 0.4569896109374999 0.32922932618866063 0.4444226147656825 0.32008583889921044 0.4828021113168185 0.3728354048980497 0.49536910748863583
0 0.2788390499999999 0.296567446875 0.20860334223669397 0.23558202638498366 0.1556728234375 0.2965410625 0.22590853120080595 0.3575264829900163
0 1.001493503938876 0.6541984370102475 0.9600857146387897 0.44899983470291005 0.743761424541058 0.49265271792986987 0.7851692138411441 0.6978513202372074
0 0.23358042033511892 0.4472805408814531 0.21399570207878843 0.4308293786595267 0.19879202191663256 0.448928999125145 0.21837674017296305 0.4653801613470714
0 0.3081598171319238 0.385775376758157 0.2899296111965123 0.37492458381584 0.25167473672537055 0.439195853514708 0.2699049426607821 0.450046646457025
0 0.14814086736494844 0.32202022158375143 0.134960421875 0.29648829218750006 0.11193747588506464 0.3083735155847935 0.1251179213750131 0.33390544498104485
0 0.3952631484082896 0.9252479093199971 0.37784794390959514 0.924297987779088 0.37692802545425685 0.9411631364591653 0.3943432299529513 0.9421130580000744
0 0.3952631484082894 0.959127090680003 0.3943432299529511 0.9422619419999256 0.37692802545425674 0.9432118635408345 0.377847943909595 0.960077012220912