0 0.7616929677177278 0.34533582990813866 0.758105218233782 0.30085912848949103 0.7230206207384987 0.3036892562315041 0.7266083702224445 0.34816595765015174
0 0.2962969375000001 0.46600790468750014 0.26728507968750004 0.43699604687500015 0.23949851796875005 0.4647826085937501 0.26851037578125003 0.4937944664062501
0 0.20340616581902174 0.8878479576822613 0.16810334945809552 0.8629165874636104 0.13911809934250402 0.9039596971295506 0.17442091570343027 0.9288910673482015
0 0.48210721406249996 0.7604347828125 0.4357834581849314 0.7444237416698398 0.42595287031077583 0.7728659740492205 0.4722766261883445 0.7888770151918807
0 0.6671686626646939 0.3595088992034784 0.6605625830639495 0.3002650252913269 0.5857686373910717 0.3086050396445652 0.592374716991816 0.3678489135567167
0 0.6908409458357386 0.13940153356270665 0.6787848585132481 0.04005936334971912 0.6184765664483303 0.047378330046803155 0.6305326537708208 0.14672050025979072
0 0.7239907281120179 0.2102684734065326 0.6475222328124999 0.15675889375000007 0.6087252776380836 0.21220213967780258 0.6851937729376016 0.2657117193343351
0 0.656178359375 0.4135177859375002 0.6011398829812442 0.3418236309331589 0.5597285252791793 0.37361447961783156 0.614767001672935 0.44530863462217285
0 0.30645635004466387 0.3490291381570577 0.24704792500000003 0.33632411093750003 0.23870675251489923 0.37532724818406277 0.29811517755956307 0.3880322754036205
0 0.7314081624954973 0.4913132986016864 0.7259218839353281 0.4504710041837738 0.7016561791491027 0.4537305765905992 0.7071424577092719 0.49457287100851177
0 0.7015747075753074 0.7262793662216567 0.641774725957384 0.6528133025663876 0.5427115017570908 0.733448887099504 0.6025114833750141 0.8069149507547732
0 0.024874012500000108 0.8728063234375 1.0688794702733038e-16 0.8728063234375 1.0953328093712623e-16 0.9160079046874999 0.02487401250000011 0.9160079046874999