0 0.7653692780130029 0.5075079247336128 0.71695171072268 0.44470408505702663 0.6308964072762723 0.5110469785291742 0.6793139745665951 0.5738508182057604
0 0.19782500000000008 0.6694500000000001 0.14106450130224965 0.6042338961079732 0.05935945949603054 0.675345456631731 0.11611995819378099 0.7405615605237579
0 0.233425 0.467875 0.21719821496570355 0.4346636573613675 0.17587173331727535 0.4548554316364847 0.1920985183515718 0.48806677427511713
0 0.3267985133058316 0.30183108089540833 0.20004512856510245 0.28792732244385777 0.18553791060940988 0.4201821358069628 0.312291295350139 0.4340858942585134
0 0.411976845079156 0.6013432356666577 0.33881372904066936 0.5928986754427265 0.33076375796836605 0.662643096946207 0.4039268740068526 0.6710876571701384
0 0.8904396747678163 0.5191916556820029 0.8782288258279628 0.45818025606673485 0.8272218317108431 0.4683888187938269 0.8394326806506968 0.529400218409095
0 0.6801885568560773 0.6904663943052441 0.6085383837495517 0.6305349230461478 0.5525087038722094 0.6975203678879588 0.6241588769787348 0.7574518391470552
0 0.7894100443411028 0.6837912739236964 0.7627817368847781 0.6257145982942692 0.7109893590538265 0.6494615387971432 0.7376176665101513 0.7075382144265704
0 0.19782500000000014 0.9243000000000002 0.11611995819378093 0.8531884394762426 0.05935945949603054 0.9184045433682695 0.14106450130224973 0.9895161038920272
0 0.32437499999999997 3.219435939254831e-17 0.19325 2.4165268815638483e-17 0.19325 0.11287500000000003 0.32437499999999997 0.11287500000000003
0 0.41197684507915594 0.9924067643333426 0.40392687400685257 0.9226623428298621 0.330763757968366 0.9311069030537933 0.3388137290406693 1.0008513245572739
0 0.680188556856077 0.903283605694756 0.6241588769787347 0.8362981608529451 0.5525087038722096 0.8962296321120414 0.6085383837495518 0.9632150769538523
0 0.7894100443411028 0.9099587260763038 0.7376176665101513 0.8862117855734299 0.7109893590538265 0.9442884612028571 0.7627817368847781 0.9680354017057311