0 0.6001245249120664 0.0584775413741927 0.45087269050369844 0.04222902240240463 0.4406663731213508 0.13597981867585482 0.5899182075297188 0.1522283376476429
0 0.41688922151080077 0.9114528796760599 0.37052933750000017 0.8994217687500002 0.35562507341072364 0.9568528703907117 0.4019849574215241 0.9688839813167711
0 0.5504559893122691 0.8412558159969319 0.5034084468148662 0.8354509444912459 0.496816981711709 0.8888737005776093 0.5438645242091119 0.894678572083295
0 0.3667772849519678 0.30317264762384183 0.3569409016641591 0.2802210885135411 0.3383899986189439 0.2881714761892009 0.34822638190675265 0.3111230352995017
0 0.6556890778938046 0.3677911442898919 0.5137046005167005 0.33416324250602714 0.462608047460958 0.5499042491266687 0.604592524838062 0.5835321509105336
0 0.5484243115270984 0.5838961777871154 0.4362851081106823 0.5805658789754286 0.43230169814608405 0.7146969121258133 0.5444409015625002 0.7180272109375002
0 0.4916368661069367 0.8804665925111163 0.45521779182429584 0.7126221513112111 0.2954720323023137 0.7472839645996171 0.33189110658495463 0.9151284057995221
0 0.7462388630677589 0.1758986157815984 0.6111117023904867 0.08516574386980244 0.4840797138580354 0.2743526566599652 0.6192068745353075 0.3650855285717612
0 1.0138544838653332 0.10917092325958686 0.9749763353252201 0.024146850666327557 0.8582435633790023 0.07752413440260435 0.8971217119191154 0.16254820699586364
0 0.089304846875 0.1072448984375 0.05771618249491073 0.028134714286412787 -0.031588664380089275 0.06379410334891278 -5.551115123125783e-18 0.1429042875
0 0.17160077018468956 0.9592845228958637 0.16257015312500003 0.8994217687499999 0.11780633503258961 0.9061746304432183 0.12683695209227913 0.9660373845890822
0 0.9750864276389037 0.8886961012103651 0.9681233294826608 0.8353561403259313 0.9211050503927607 0.8414939943290479 0.9280681485490037 0.8948339552134816
0 0.03539328281250011 0.8378571421875 1.0302877784476198e-16 0.8378571421875 1.0633615734498538e-16 0.8918707484375 0.03539328281250011 0.8918707484375
0 0.19507620242870144 0.29094359534724457 0.17859367341711635 0.2799403933485102 0.16445685169694874 0.3011170084975431 0.18093938070853383 0.3121202104962775
0 1.016511176814042 0.543407933341052 0.9488699930659692 0.3327273536468538 0.8109705333508102 0.37700140447247865 0.8786117170988831 0.5876819841666769
0 0.06727704628787863 0.5528715265033143 0.025791635308925476 0.3336070280067329 -0.035799964021187305 0.3452603181133417 0.0056854469577658495 0.564524816609923
0 1 0.5818707484375002 0.925461309375 0.5818707484375002 0.925461309375 0.7180272109375002 1 0.7180272109375002
0 0.10056335000000002 0.7068027203125001 0.07680925551951445 0.577474894140049 -0.022400138267674376 0.5956970307298202 0.0013539562128112026 0.7250248569022713
0 0.23716137967474998 0.7423077703738052 0.07291496543421905 0.7155966227423615 0.04569359293911564 0.8829804014072427 0.2099400071796466 0.9096915490386864
0 0.9914233746968983 0.2710104736705929 0.8392585663323923 0.08804493383120486 0.7196292745985843 0.18753562627217427 0.8717940829630905 0.3705011661115623