0 0.34706572963541366 0.5126501397686061 0.3061865162789838 0.5068102531478328 0.30234943822507193 0.5336698041317807 0.3432286515815018 0.539509690752554
0 0.21488764062500004 0.5233181187500001 0.19075588127952695 0.5144207322202716 0.1788566165792328 0.5466942758250298 0.2029883759247059 0.5555916623547583
0 0.5949747809506374 0.3746841816398333 0.5879586691606462 0.33250544666841353 0.5305634819618514 0.34205269956414586 0.5375795937518426 0.38423143453556563
0 0.1275561796875 0.4243293546875001 0.11473221532151597 0.4056850964085782 0.07876404531250003 0.43042485937499997 0.09158800967848406 0.4490691176539219
0 0.6953089890625002 0.45685744375000004 0.6657342667475585 0.39200059624589506 0.6271106714350585 0.40961295562089506 0.6566853937500001 0.47446980312500003
0 0.8638764046875002 0.5375316015625001 0.8375992321143435 0.5255152332296348 0.8278239508643436 0.5468916379171348 0.8541011234375002 0.5589080062500001
0 0.8028361964292214 0.6168327481184648 0.7804945801285765 0.5859923072757574 0.7559384209853808 0.6037814267047871 0.7782800372860257 0.6346218675474946
0 0.25684600353275755 0.5556462757620801 0.23044027386746818 0.5303052915889965 0.19657024749452154 0.5655984259854975 0.22297597715981085 0.5909394101585812
0 0.05938202187500006 0.4893012640625001 0.016918183126357334 0.47469163719176255 0.007074567249085617 0.5033027523841209 0.04953840599772834 0.5179123792548584
0 0.34706572963541366 0.12797486023139387 0.3432286515815018 0.10111530924744605 0.3023494382250719 0.10695519586821944 0.30618651627898374 0.13381474685216727
0 0.3470657304861151 0.8414580050039749 0.343228650953831 0.8145984544200721 0.30234943806448744 0.8204383433111241 0.3061865175967716 0.847297893895027
0 0.214887640625 0.11730688125 0.2029883759247058 0.08503333764524176 0.17885661657923269 0.09393072417497031 0.19075588127952686 0.12620426777972854
0 0.214887640625 0.8307900281249999 0.20298837592470576 0.7985164845202417 0.17885661657923263 0.8074138710499703 0.19075588127952686 0.8396874146547285
0 0.5949747809506374 0.2659408183601667 0.5375795937518426 0.25639356546443437 0.5305634819618514 0.29857230043585425 0.5879586691606462 0.30811955333158664
0 0.5925280906250002 0.972475421875 0.5342761796875002 0.972475421875 0.5342761796875002 1 0.5925280906250002 1
0 0.12755617968750005 0.2162956453125 0.09158800967848402 0.19155588234607812 0.0787640453125 0.21020014062500003 0.11473221532151603 0.23493990359142192
0 0.1275561796875 0.9297787921875 0.09158800894891832 0.9050390287192653 0.07876404531250003 0.9236832859374999 0.1147322160510817 0.9484230494057346
0 0.6953089890625 0.1837675562500001 0.65668539375 0.16615519687500008 0.6271106714350584 0.231012044379105 0.6657342667475584 0.24862440375410505
0 0.6953089890624999 0.8972507015625002 0.6566853937500001 0.8796383421874999 0.6271106708452091 0.9444951909851339 0.665734266157709 0.962107550360134
0 0.8638764046874998 0.10309339843750012 0.8541011234374999 0.0817169937500001 0.8278239508643432 0.09373336208286549 0.8375992321143432 0.11510976677036551
0 0.8638764046875 0.8165765453124998 0.8541011234375002 0.7952001406249998 0.8278239514552876 0.8072165086876307 0.8375992327052874 0.8285929133751306
0 0.8028361964292214 0.023792251881535574 0.7782800372860257 0.006003132452505744 0.7559384209853807 0.03684357329521322 0.7804945801285765 0.05463269272424305
0 0.8028361964292214 0.7372753971940355 0.7782800372860255 0.7194862777650056 0.7559384202430401 0.7503267196324424 0.7804945793862361 0.7681158390614722
0 0.25684600353275744 0.08497872423791987 0.2229759771598107 0.04968558984141883 0.1965702474945215 0.07502657401450251 0.23044027386746818 0.11031970841100355
0 0.25684600353275744 0.7984618711129199 0.22297597715981085 0.7631687367164188 0.19657024749452168 0.7885097208895024 0.2304402738674683 0.8238028552860035
0 0.059382021875 0.15132373593749998 0.049538405997728296 0.12271262074514158 0.007074567249085567 0.13732224761587908 0.01691818312635728 0.16593336280823748
0 0.05938202187500008 0.8648068812500002 0.04953840434435075 0.836195765270914 0.00707456664349646 0.8508053938333342 0.01691818417414579 0.8794165098124204