0 0.9518900343749997 0.28431056718750003 0.933031907803872 0.24125644461526488 0.9101601885459459 0.2512744812374633 0.9290183151170737 0.2943286038096985
0 0.6851577330741906 0.4997896875804666 0.6589210454304532 0.48866976344334623 0.644961367292596 0.5216066531553396 0.6711980549363334 0.53272657729246
0 0.5346152524541103 0.46524704820273605 0.46383823586773587 0.38499724785818623 0.282437713582418 0.5449850324936765 0.35321473016879235 0.6252348328382262
0 0.14175118045851554 0.6647965146397298 0.12491408906249998 0.58898410625 0.06183666636727747 0.6029928991838021 0.07867375776329302 0.6788053075735319
0 0.8506529203125 0.6813896046875001 0.8069647095088032 0.6707549753890337 0.7963976727119457 0.7141655088636802 0.8400858835156425 0.7248001381621465
0 0.9475785545515167 0.5934168633737269 0.9375601375 0.5634514609375 0.9131235098120374 0.5716214272188365 0.9231419268635543 0.6015868296550634
0 0.4252341629269331 0.24994276545258048 0.40822414529640055 0.22198796278683347 0.3783714128824127 0.2401528380947786 0.3953814305129454 0.2681076407605256
0 0.7069290195796323 0.1469194798941777 0.626315929872177 0.1319719297551148 0.6099125401757124 0.22043645489838734 0.6905256298831677 0.23538400503745027
0 0.7580193076269579 0.3696343830354114 0.7448262892359729 0.3468055082576022 0.719828178125 0.36125214843750003 0.733021196515985 0.38408102321530924
0 0.5136426109375 0.27877792031250004 0.4902689329503456 0.2770248957919283 0.48830312359762107 0.30323570702446834 0.5116768015847755 0.30498873154504
0 0.6037867454277819 0.2755200884804425 0.5356221129340895 0.26395041861611646 0.5262172255155406 0.31936087561685084 0.594381858009233 0.33093054548117695
0 0.18643036443319522 0.36483589362668506 0.04099359514416201 0.2818046135230382 -0.08244104988347314 0.4980115173398736 0.06299571940556006 0.5810427974435204
0 0.34134020625000006 0.3612521484375001 0.31189021120922017 0.3407380395046385 0.29462182952951116 0.36552847795332355 0.32407182457029104 0.3860425868861851
0 0.9395992312500001 1.140095653325721e-16 0.92231826875 1.1295141156198155e-16 0.92231826875 0.014070017187500113 0.9395992312500001 0.014070017187500117
0 0.42381443281250003 5.0468218033693526e-17 0.3862542953125 4.816832292544806e-17 0.3862542953125 0.02970575625000005 0.42381443281250003 0.029705756250000055
0 0.7069290195796323 0.1093305201058224 0.6905256298831677 0.02086599496254986 0.6099125401757123 0.03581354510161274 0.6263159298721769 0.12427807024488528