0 0.7617403126763836 0.4121961906839487 0.7503860926007577 0.3732246097063515 0.7268377644794203 0.380085324442467 0.7381919845550463 0.41905690542006413
0 0.5352145287901393 0.7234995999803637 0.5166429498640599 0.6771134458779278 0.4662653043624565 0.6972830942923443 0.48483688328853586 0.7436692483947802
0 0.70736715 0.47853713750000004 0.6665217390625 0.47853713750000004 0.6665217390625 0.5277400359375 0.70736715 0.5277400359375
0 0.20177371560442098 0.6990470902203227 0.1680917875 0.655493659375 0.11461195244475383 0.6968521453634933 0.14829388054917483 0.7404055762088161
0 0.8636838889061025 0.33959920792136333 0.8489780743042787 0.29791387160063476 0.8172748619606761 0.30909817774177156 0.8319806765625 0.3507835140625001
0 0.5669675572648227 0.2852290782316051 0.5638872507496762 0.23307628045075673 0.5234297848764824 0.23546582427234025 0.5265100913916291 0.2876186220531886
0 0.12597365196329724 0.5751604075865302 0.0929403514476206 0.5727931108385825 0.0900084117506174 0.613705449010346 0.12304171226629404 0.6160727457582936
0 0.7615421372589812 0.004109015378258363 0.7379938091376439 -0.002751699357857085 0.7268377644794204 0.035539675557533124 0.7503860926007577 0.042400390293648574
0 0.5352145285803268 0.8563766053987889 0.48483688218918736 0.8362069596345065 0.4662653052877559 0.8825931155938231 0.5166429516788954 0.9027627613581055
0 0.20177371560442098 0.8808291175921774 0.14829388054917486 0.8394706316036841 0.11461195244475389 0.8830240624490069 0.1680917875 0.9243825484375001
0 0.8636838889061025 0.07602579207863677 0.8319806765625 0.06484148593750003 0.8172748619606761 0.10652682225822856 0.8489780743042787 0.1177111283993653
0 0.5669675572648227 0.13039592176839496 0.5265100913916292 0.1280063779468114 0.5234297848764825 0.18015917572765983 0.5638872507496762 0.1825487195492434
0 0.12558616292432384 0.9993087716614678 0.12304171238448265 0.9638034621216406 0.09000841183494361 0.9661707587458744 0.09255286237478481 1.0016760682857018