0 0.6469455012728607 0.9157004870745151 0.645631963534284 0.8237529586255894 0.5409743501141913 0.8252480692302537 0.5422878878527679 0.9171955976791795
0 0.6183391859184211 0.13382022551184217 0.5290358158089474 0.08916853914986855 0.48066502831618435 0.18591011130315804 0.5699683984256579 0.23056179766513166
0 0.5252964650866748 0.5204900831531247 0.5148508824049794 0.4909966753393665 0.485305478125 0.5014606734375 0.4957510608066954 0.5309540812512583
0 0.6481463743885568 0.4047257522678243 0.5099902429654779 0.36734232841780823 0.47627508892722464 0.4919418105558325 0.6144312203503035 0.5293252344058487
0 0.5118223312499999 0.3675280906250001 0.4781706453125 0.33792134843750016 0.4515513231717129 0.3681774658744638 0.4852030091092129 0.39778420806196374
0 0.42971781651718927 0.7474409306321521 0.4150807578125 0.7171910109375 0.3835239242572627 0.7324604473507074 0.39816098296195207 0.7627103670453594
0 0.8992207765407502 0.906992220570239 0.8898331567511679 0.8193744409442832 0.7831723467041671 0.8308023855400565 0.7925599664937495 0.9184201651660123
0 0.06479985937500002 0.104662921875 1.3178173248706374e-17 0.104662921875 1.922228673744701e-17 0.20337078593750002 0.06479985937500002 0.20337078593750002
0 0.9554153762396649 0.1772596479506156 0.8898119558260664 0.08876482374298508 0.8107208510389243 0.147397032403607 0.8763242714525228 0.23589185661123752
0 0.07406952187500007 0.5014606734375 0.044968977674135255 0.4902681572752609 0.03345791634364379 0.5201969189755985 0.0625584605445086 0.5313894351378377
0 0.9504740171875001 0.5014606734375001 0.9213734716254883 0.49026815675174307 0.9098624102949969 0.5201969184520807 0.9389629558570087 0.5313894351378378
0 0.07047401718750004 0.3876849375 4.747771177870167e-17 0.3876849375 5.5206363296371345e-17 0.5139033953125 0.07047401718750006 0.5139033953125
0 0.9602746854614541 0.4881672637183021 0.9213902519824189 0.3636830675071352 0.7858077894925256 0.40603420447129146 0.8246922229715608 0.5305184006824584
0 0.10670997187500002 0.369157303125 0.08120435468749998 0.3379213484375 0.04650987508367488 0.3662510128946203 0.07201549227117492 0.3974869675821203
0 0.9831144656249997 0.36915730312500006 0.9576088484374996 0.3379213484375002 0.9229143688336746 0.36625101289462064 0.9484199860211747 0.3974869675821205
0 0.17287233717886538 0.7254636172172385 0.1411704306113644 0.7162867497098266 0.13128673882986905 0.7504304129092654 0.16298864539737007 0.7596072804166772