0 0.215115328781264 0.6631230369047207 0.1448778510176157 0.6120170795155302 0.0974145405795753 0.6772482850693882 0.1676520183432236 0.7283542424585787
0 0.8532467531249998 0.37161989843750015 0.8250816992208769 0.35338353304226783 0.8083487937499999 0.37922657656250014 0.8365138476541227 0.3974629419577324
0 0.5625634523307527 0.6784284517621074 0.4817946169022213 0.40388910189530164 0.2907041546403268 0.46010746952049225 0.37147299006885814 0.7346468193872981
0 0.7943275961612182 0.2632817582836863 0.7314984310398167 0.22990376423464814 0.7095934621378741 0.2711366467768803 0.7724226272592756 0.30451464082591845
0 0.7936424926962431 0.32343990643442383 0.7606805766049438 0.31494110661906827 0.753230129215845 0.3438370715808978 0.7861920453071443 0.35233587139625333
0 0.6237602807590579 0.18967487202847452 0.610374105371217 0.18392595065362136 0.6039664775463433 0.19884590246561848 0.6173526529341842 0.20459482384047165
0 0.5055952736190441 0.32233223753589807 0.48939557188055866 0.15800453009921644 0.37638266266197223 0.16914553273655358 0.3925823644004577 0.33347324017323515
0 0.20035302656250006 0.9595976343749999 0.13656082968750013 0.9595976343749999 0.13656082968750013 1 0.20035302656250006 1
0 0.794327596161218 0.055468241716313794 0.7724226272592755 0.014235359174081585 0.7095934621378741 0.04761335322311964 0.7314984310398167 0.08884623576535185
0 0.6237602807590577 0.1290751279715256 0.617352652934184 0.11415517615952848 0.6039664775463429 0.11990409753438165 0.6103741053712166 0.13482404934637876
0 0.5047707957798104 0.004781160466163642 0.39175788656122384 -0.006359842171173508 0.37638266266197223 0.14960446726344648 0.48939557188055877 0.16074546990078362