0 0.7725789922268096 0.6442453080928481 0.6637596723551794 0.631645176449364 0.6482474580705622 0.7656143012106892 0.7570667779421923 0.7782144328541731
0 0.8456493142039572 0.04818302431675294 0.8215555923446747 0.04336427837278112 0.8173115591531065 0.06458443740754441 0.8414052810123891 0.06940318335151623
0 0.4363702818529848 0.06605979114276464 0.43256979507627735 0.04420700186347959 0.4101349126785414 0.04810872227087891 0.41393539945524893 0.06996151155016396
0 0.26021266511786995 0.11709090768178862 0.252055734600088 0.09080746544984084 0.21875855492092913 0.10114107315175987 0.22691548543871107 0.12742451538370764
0 0.4272776354007674 0.3618179823620358 0.4229903797190827 0.33780934355101366 0.40061281763319184 0.3418053356166256 0.4049000733148766 0.36581397442764774
0 0.29266878454067247 0.4510712170861974 0.2902674342848303 0.4262572579138225 0.26877792049595467 0.428336887733327 0.2711792707517968 0.45315084690570195
0 0.8243555599496106 0.6898647727727077 0.8075604274684256 0.6861325222376731 0.8021108008633216 0.7106558493687285 0.8189059333445068 0.7143880999037633
0 0.8703669743540432 0.6215424934530708 0.8525782788398297 0.5943362519160933 0.8230338799509065 0.6136537425467345 0.84082257546512 0.6408599840837119
0 0.5486533771186031 0.4867251618084654 0.5390355804497653 0.4667497381125264 0.506549596230375 0.4823911380430165 0.5161673928992128 0.5023665617389554
0 0.20675921275719844 0.27172751946752965 0.18688091593858128 0.26675794478033865 0.17964629756009023 0.29569641548442904 0.1995245943787074 0.3006659901716201
0 0.47544626658150363 0.09459984670648543 0.4615487126002373 0.0705949833410453 0.4392565407942007 0.08350097894359002 0.453154094775467 0.10750584230903013
0 0.9734337165778998 0.0654353571931105 0.9720554238263812 0.04476096029948019 0.9473376941243503 0.046408808498273425 0.9487159868758688 0.06708320539190374
0 0.9905584041470729 0.7102588778918609 0.9837300695662023 0.6858719607182363 0.9675716048113785 0.6903963293735116 0.9743999393922488 0.7147832465471362
0 0.9677254175842129 0.6106111934780915 0.9342623939054597 0.5968827750026791 0.9222467936153451 0.6261708039000107 0.9557098172940984 0.6398992223754231
0 0.025150562634491218 0.2969436703029994 0.02004716901458628 0.26734397898263784 -0.0004962789197759332 0.27088595176824437 0.004607114700129006 0.3004856430886059