0 0.8194730266343047 0.1286206142443327 0.7945982665761013 0.10828573355857177 0.7680427109503125 0.1407699701081532 0.792917471008516 0.16110485079391412
0 0.5599061437499999 0.4418088734375001 0.5208089579395334 0.43895245717123565 0.5172440265625 0.4877474406250001 0.5563412123729666 0.49060385689126457
0 0.38105495005744006 0.8956242318693042 0.3454768496302677 0.8550585459007823 0.3038441579963216 0.8915724627406314 0.33942225842349394 0.9321381487091532
0 0.7365955625000001 0.902730375 0.6893941984375002 0.902730375 0.6893941984375002 0.9491467578125 0.7365955625000001 0.9491467578125
0 0.6807898976327176 0.3308854634881426 0.679037953245402 0.2610996653590315 0.6264361202367781 0.2624202132150792 0.6281880646240937 0.33220601134419026
0 0.7828996626382151 0.15574305363943217 0.7578291320751006 0.14906457124917188 0.7501915825585443 0.17773536910309282 0.7752621131216588 0.1844138514933531
0 0.35385302680522834 0.6524816767048116 0.3423789220637177 0.6211071762973741 0.30206490088015225 0.6358505919886104 0.3135390056216629 0.6672250923960478
0 0.5526918878387591 0.28096982871383247 0.49843625442312894 0.2798220675928176 0.49644978396217854 0.37372419683117997 0.5507054173778088 0.37487195795219486
0 0.722007280324726 0.5937686943697723 0.7100958713335016 0.545257982596252 0.6388108521180161 0.5627614367361772 0.6507222611092406 0.6112721485096975
0 0.4491582457626235 0.7263755109726013 0.4365594085274778 0.659980118378683 0.3640623385030931 0.6737367775319545 0.3766611757382388 0.740132170125873
0 0.33421841550337905 0.14307913614418893 0.31825765157576125 0.08207679929393003 0.2378020345098822 0.10312735533724111 0.2537627984375 0.16412969218750004
0 0.425435153125 0.2996928328125 0.4179922001695848 0.256461995372027 0.3827730374999999 0.26252559687500004 0.3902159904554151 0.305756434315473
0 0.19475255937500002 0.7545051187500001 0.193660409375 0.722798634375 0.16281932933828708 0.7238609749727061 0.1639114793382871 0.7555674593477062
0 0.13165815576822762 0.8002964061706663 0.11824685241607372 0.7536761688884397 0.05341342760251468 0.772326883218141 0.06682473095466859 0.8189471205003678