0 0.7153692458694578 0.2947836180862725 0.6938334987931729 0.2839453662008755 0.6824384786156538 0.3065874190952965 0.7039742256919388 0.3174256709806935
0 1 0.6724180828125002 0.9375728156250001 0.6724180828125002 0.9375728156250001 0.7671753640625002 1 0.7671753640625002
0 0.32050530680428524 0.3983665419476929 0.2588220137372823 0.3722822099546763 0.2438820149944807 0.4076117833215392 0.30556530806148363 0.4336961153145558
0 0.2460679609375001 0.5053792468750001 0.22917475781250002 0.4725151703125 0.201384414510395 0.4868003096932802 0.21827761763539505 0.5196643862557803
0 0.593373786375887 0.555646238656523 0.5738106804380458 0.5360831313438184 0.5431310683133188 0.5667627413124319 0.56269417425116 0.5863258486251365
0 0.6847203007685536 0.751099344503757 0.6587410336274806 0.6588335741975633 0.5226869402430564 0.6971423167132389 0.5486662073841295 0.7894080870194327
0 0.7832524265624999 0.1700879859375001 0.7497857250246379 0.16522010214421662 0.7432524265625 0.2101365296875001 0.776719128100362 0.21500441348078358
0 0.5116118340807047 0.507720398963502 0.4920605501086205 0.4732483975350058 0.46090072927051196 0.4909211313618709 0.4804520132425962 0.5253931327903671
0 0.3554077151023224 0.46381370483329676 0.2770873781250001 0.460621965625 0.2740517994557727 0.5351103648266189 0.35237213643309495 0.5383021040349156
0 0.6931084346395069 0.4296586323699717 0.6837291490772706 0.35329445208162047 0.5812161822336785 0.36588541274180825 0.590595467795915 0.4422495930301594
0 0.8109217997711549 0.5776089253820378 0.7193213469363916 0.5724597867781743 0.7143359752728996 0.6611469123457062 0.8059364281076629 0.6662960509495697
0 0.7817633736529183 0.7203048895627202 0.7803026461292012 0.6702557288539063 0.7191800433193463 0.6720396442479132 0.7206407708430633 0.7220888049567271
0 0.46627493379885754 0.7921508550504638 0.4451006578826561 0.7535330103038186 0.3833839437134033 0.7873724631017283 0.40455821962960475 0.8259903078483735
0 0.7238488866152124 0.2733986106468859 0.7182000044861309 0.25912774914623027 0.7051916795284057 0.264276877275573 0.7108405616574872 0.2785477387762286
0 0.7832524265624999 0.07678701406250003 0.776719128100362 0.03187058651921652 0.7432524265624999 0.036738470312500014 0.7497857250246378 0.08165489785578353
0 0.46627493445755325 0.9595785140607009 0.4045582202883004 0.9257390612627912 0.38338394437209894 0.9643569060094365 0.44510065854135183 0.9981963588073463