0 0.6281415122588251 0.10262559846155392 0.619920548093366 0.0657017294537164 0.5720714329643978 0.0763551596438374 0.5802923971298568 0.11327902865167494
0 0.41981688423680374 0.2954361174599832 0.352145137874966 0.2885259728447459 0.3443491591930442 0.3648727819754825 0.4120209055548819 0.37178292659071976
0 0.5425815218750001 0.3519762843750001 0.413688240625 0.3519762843750001 0.413688240625 0.43944664062500005 0.5425815218750001 0.43944664062500005
0 0.5721908825268577 0.4959020217042761 0.5712535156514448 0.46121952512992 0.5530956431892498 0.46171027954079535 0.5540330100646627 0.49639277611515153
0 0.49349061250000004 0.04750988125000006 0.4428186765625 0.04750988125000006 0.4428186765625 0.08620553437500006 0.49349061250000004 0.08620553437500007
0 0.057908033803111256 0.08307914759322424 0.018150483639465163 0.06163623471245581 -0.0012472341766436301 0.09760176530162643 0.03851031598700246 0.11904467818239484
0 0.7930858994281113 0.08307914759322421 0.753328349264465 0.06163623471245585 0.7339306314483562 0.09760176530162652 0.7736881816120025 0.11904467818239488
0 0.2856715080591467 0.30718205747870125 0.2184602725965375 0.28959612683105485 0.200593642126716 0.3578801620345778 0.26780487758932525 0.3754660926822242
0 1 0.29328063281250005 0.94815464375 0.29328063281250005 0.94815464375 0.3692490125000001 1 0.3692490125000001
0 0.22566397344491307 0.39047425316514606 0.14690823952861937 0.3256399860312281 0.07683121403185833 0.4107642238400489 0.15558694794815203 0.47559849097396684
0 0.960841839069913 0.3904742531651462 0.8820861051536195 0.3256399860312282 0.8120090796568583 0.41076422384004874 0.8907648135731521 0.47559849097396684
0 0.08072077435743338 0.494451200593257 0.07392539401041669 0.46047430781250015 0.05636686550018499 0.4639860144400273 0.06316224584720169 0.49796290722078407
0 0.8158986399824334 0.494451200593257 0.8091032596354168 0.4604743078125001 0.7915447311251851 0.4639860144400272 0.7983401114722019 0.49796290722078407
0 0.1884313234375 0.047509881250000024 0.1377593875 0.047509881250000024 0.1377593875 0.08620553437500003 0.1884313234375 0.08620553437500003
0 0.9236091890625 0.047509881250000115 0.872937253125 0.047509881250000115 0.872937253125 0.08620553437500011 0.9236091890625 0.08620553437500011