0 0.6018153475959057 0.35587836655149874 0.5829653623696374 0.3352115148946262 0.5493346116487317 0.36588571553062754 0.5681845968749999 0.3865525671875001
0 0.271876528125 3.1539146470180215e-17 0.2366687046875 2.938328905629624e-17 0.2366687046875 0.02728606406250003 0.271876528125 0.02728606406250003
0 0.7878777016781654 0.17492291730342407 0.7328935883255343 0.1401406347532394 0.7082797778799474 0.17905034522516292 0.7632638912325785 0.2138326277753476
0 0.4707515573485187 0.8622592279905783 0.45862135420663674 0.8278221700857091 0.42297217452638974 0.840379334305644 0.4351023776682716 0.8748163922105132
0 0.6804622516719807 0.5253702630607527 0.666893512838431 0.507581974525458 0.6405784052802643 0.5276548905412435 0.654147144113814 0.5454431790765383
0 0.6897493884375001 0.9156723721875002 0.6742970653125001 0.8847677259375001 0.6260721271875 0.9088801949999998 0.6415244503124999 0.9397848412500001
0 0.4670088901003192 0.7186626366447927 0.4535003892401889 0.6606420542121078 0.38845719187988553 0.675785578296973 0.4019656927400158 0.733806160729658
0 0.5340669275734168 0.08116857714502423 0.5237528699801638 0.05653123535924694 0.48180696896924696 0.07409126446422269 0.49212102656249995 0.09872860624999999
0 0.410538548379202 0.06698191207299413 0.40680257142247706 0.02900395614194477 0.366429058980775 0.03297558938145066 0.37016503593749994 0.07095354531250002
0 0.47043398593749997 0.18816625937499998 0.46084000591111973 0.16574177426666176 0.43712362466111987 0.17588847270416177 0.4467176046875 0.19831295781249997
0 0.42028732453826956 0.8245015320344222 0.38024878370401216 0.8211921105945782 0.377527532892593 0.854114756958529 0.4175660737268504 0.857424178398373
0 0.5716687039062501 0.15707823984375008 0.5400794617187501 0.12548899765625005 0.5115097796875 0.1540586796875001 0.543099021875 0.1856479218750001
0 0.7930978560534618 0.7926838850425094 0.7672129654155028 0.7776172149795795 0.7577031296745409 0.7939553346245704 0.7835880203124999 0.8090220046875004
0 0.7778422984375 0.4616381421875001 0.7550450207040508 0.4509994100448379 0.7444506363242425 0.47370165688051874 0.7672479140576917 0.48434038902318094
0 0.3476222500000001 0.45755501250000014 0.320793468282963 0.45718955587864896 0.32023307490849395 0.4983289706297591 0.347061856625531 0.4986944272511103
0 0.7176848070742401 0.15801156302040353 0.7152860903553312 0.11247805250345877 0.6559150653142294 0.11560573294733437 0.6583137820331383 0.16113924346427913
0 1 0.3364303171875001 0.9845660140625 0.3364303171875001 0.9845660140625 0.3803363203125001 1 0.3803363203125001
0 0.19407701718749998 2.220608030149551e-17 0.15886919375 2.0050222887611533e-17 0.15886919375 0.02728606406250002 0.19407701718749998 0.02728606406250002
0 0.8659401156626201 0.18114557854372562 0.8427416170123149 0.13995003783278923 0.7864810710956707 0.17163211254254587 0.809679569745976 0.21282765325348224
0 0.9341094310286551 0.5272106896361484 0.9071908698860869 0.5080582205457558 0.8945063587221058 0.5258861459019958 0.921424919864674 0.5450386149923883
0 0.9489278728313403 0.9088801943999325 0.9007029343750002 0.8847677265625002 0.885250611894179 0.9156723733066338 0.9334755503505191 0.9397848411440661
0 0.034834964062499994 0.7077995109374999 0.001430598303553765 0.6653533617242413 -0.029312154666190127 0.6895473624445112 0.004092211092756104 0.7319935116577698
0 0.060580684375000006 0.0709535453125 0.0543189545231891 0.02621768324831114 0.019407687217345072 0.03110425331909441 0.02566941706915598 0.07584011538328325
0 0.053433380426669654 0.853874799499119 0.050176766597130176 0.8210417518194527 0.010118124472075062 0.8250150511978658 0.013374738301614541 0.8578480988775322
0 0.8172851349497506 0.793853733089081 0.8077373042144954 0.7775675988760906 0.7818641489522448 0.7927358704745098 0.7914119796875 0.8090220046875002
0 0.8305196783865816 0.47373272538423344 0.81999728707293 0.45102651175119757 0.7971472363176357 0.4616155592898936 0.8076696276312874 0.4843217729229295
0 0.11061223945730517 0.45792945932474555 0.08312347187500006 0.4575550125 0.08256834924583 0.4983074930245797 0.1100571168281351 0.49868193984932524
0 0.9192562680584352 0.11589986444768643 0.8598832839270847 0.1123141344376333 0.8571322030512833 0.1578668895879277 0.916505187182634 0.1614526195979808