0 0.44197750259516305 0.3114361101787843 0.4402683834753532 0.27981736285967784 0.42357950704846814 0.2807194630441497 0.42528862616827806 0.31233821036325615
0 0.6762057875000002 0.80237640625 0.6309003218750002 0.80237640625 0.6309003218750002 0.8465886250000001 0.6762057875000002 0.8465886250000001
0 0.5506077553444315 0.6117342182572276 0.4962770168820576 0.5832798926589987 0.44209326033199403 0.6867384510376828 0.496423998794368 0.7151927766359117
0 0.2780637968293423 0.31471249804284607 0.20363925785334153 0.2996566512078569 0.19659325452077064 0.33448667806700905 0.27101779349677135 0.3495425249019982
0 0.8077523525149815 0.5064162735469131 0.7944203772250643 0.46522595569061875 0.752262879397583 0.4788709758937058 0.7655948546875001 0.5200612937500001
0 0.8630745297128299 0.35302443729112426 0.8314604274437295 0.3235974745130109 0.8013653008411896 0.35592940143962737 0.83297940311029 0.3853563642177407
0 0.6343587192945099 0.23639974148604526 0.6232018778412891 0.2014518234771417 0.5659163984375 0.2197397515625 0.5770732398907208 0.2546876695714036
0 0.36662379375000004 0.4909294609375 0.2783181357659063 0.48792513603670484 0.2759126401635396 0.5586294969028057 0.36421829814763335 0.561633821803601
0 0.13032154375000002 0.5208973078125 0.09504823125000003 0.5050452171875001 0.07662145246009922 0.5460476024249075 0.1118947649600992 0.5618996930499074
0 0.7149196140625002 0.6954953781250002 0.6981672031250001 0.6584535765624999 0.6642019749403019 0.6738145859123275 0.6809543858778019 0.7108563874748277
0 0.9030005942252297 0.684505725492381 0.8900409903493168 0.6283649307134248 0.8500950586240871 0.6375860942835438 0.8630546625 0.6937268890625
0 0.6762057875000002 0.900286375 0.6309003218750002 0.900286375 0.6309003218750002 0.94449859375 0.6762057875000002 0.94449859375
0 0.6343587188418295 0.01851384430694032 0.5770732398907209 0.00022591636609650134 0.5659163984375 0.03517383437500008 0.6232018773886085 0.053461762315843896