0 0.8891454930231406 0.6567600370675409 0.8206687272444568 0.6131046661588485 0.7745075850988105 0.6855119244867021 0.8429843508774942 0.7291672953953945
0 0.19165120625000004 0.3792265765625 0.1750036252095536 0.3534058386806097 0.14675324687500005 0.37161989843750004 0.1634008279154465 0.39744063631939036
0 0.7102203284307231 0.46349191862287764 0.520708854732761 0.4023319466699055 0.43346031903052457 0.6726819493094436 0.6229717927284868 0.7338419212624157
0 0.29025545860207086 0.269539123013026 0.26702155134019556 0.22887978221646957 0.20535122040968115 0.26411996864295695 0.22858512767155648 0.30477930943951337
0 0.24587259409770365 0.34568855448891384 0.24339853981707318 0.31550508165771046 0.2096207961989384 0.3182737481943886 0.21209485047956886 0.34845722102559196
0 0.39601113125 0.19885551875000002 0.3926646855958286 0.18460554491500542 0.377194530643447 0.1882385363442683 0.38054097629761835 0.2024885101792629
0 0.6218919984496524 0.168500799911733 0.5078690674937301 0.15951633325823183 0.49494778525082683 0.32350185737060694 0.6089707162067491 0.3324863240241081
0 0.8634391703125001 0.9595976343749999 0.7996469734375002 0.9595976343749999 0.7996469734375002 1 0.8634391703125001 1
0 0.290255458602071 0.04921087698697403 0.22858512767155656 0.013970690560486554 0.20535122040968115 0.05463003135704305 0.2670215513401956 0.08987021778353052
0 0.39601113125000004 0.11989448125000005 0.38054097629761835 0.11626148982073718 0.377194530643447 0.13051146365573174 0.3926646855958287 0.13414445508499462
0 0.6218919984496524 0.1502492000882671 0.6096438265623656 -0.005193800737624194 0.49562089560644323 0.0037906659158769285 0.50786906749373 0.1592336667417682