0 0.6427361375785162 0.5301821184558312 0.4398991063492085 0.37703060838635705 0.3194846243265067 0.536510041788091 0.5223216555558144 0.6896615518575653
0 0.7431987146933694 0.3942080236645988 0.7338625800807224 0.37129205753369804 0.7125419671808675 0.37997823340427483 0.7218781017935145 0.40289419953517563
0 0.25998019340886497 0.4957278893778058 0.24687785106211954 0.4865936831851931 0.2364749640000249 0.5015158542866434 0.2495773063467704 0.5106500604792561
0 0.1205882359375001 0.6048109250000001 0.10508153857244684 0.6032806563417072 0.10293361518101615 0.625046244896198 0.11844031254606942 0.6265765135544907
0 0.11998318149844722 0.6412885147665535 0.10172676095713629 0.6405969850686691 0.1011072055354314 0.6569532809181441 0.11936362607674234 0.6576448106160284
0 0.6427361375785164 0.14481788154416883 0.5223216555558146 -0.014661551857565147 0.3194846243265067 0.13848995821190907 0.4398991063492085 0.29796939161364305
0 0.6427361375785162 0.7890755846691686 0.5223216555558141 0.629596151267435 0.3194846243265067 0.7827476613369095 0.43989910634920876 0.9422270947386432
0 0.7431987146933695 0.2807919763354013 0.7218781017935145 0.2721058004648246 0.7125419671808675 0.29502176659572527 0.7338625800807225 0.30370794246630206
0 0.7431987146933695 0.9250496794604013 0.7218781017935146 0.9163635035898245 0.7125419671808676 0.9392794697207252 0.7338625800807225 0.9479656455913019
0 0.259980193408865 0.17927211062219417 0.2495773063467704 0.16434993952074395 0.23647496400002482 0.1734841457133567 0.24687785106211946 0.18840631681480693
0 0.259980193408865 0.8235298137471944 0.24957730634677028 0.808607642645744 0.23647496400002485 0.8177418488383568 0.2468778510621196 0.8326640199398071
0 0.12058823593750001 0.07018907500000002 0.11844031254606943 0.04842348644550927 0.10293361518101615 0.049953755103802025 0.10508153857244673 0.07171934365829277
0 0.12058823593750001 0.714446778125 0.11844031254606979 0.6926811895705093 0.10293361518101643 0.6942114582288018 0.10508153857244666 0.7159770467832925
0 0.11998318149844714 0.03371148523344657 0.1193636260767423 0.017355189383971657 0.10110720553543133 0.018046719081855907 0.10172676095713618 0.034403014931330814
0 0.11998318149844714 0.6779691883584466 0.11936362607674225 0.6616128925089717 0.10110720553543132 0.6623044222068559 0.1017267609571362 0.6786607180563309
0 0.1197478984375 1.3625220038426686e-17 0.10140056093750001 1.2501769631314125e-17 0.10140056093750001 0.01304621875000001 0.1197478984375 0.013046218750000014