0 0.9184201651660124 0.6432195288187507 0.906992220570239 0.5365587187717498 0.8193744411097941 0.5459463385435989 0.8308023857055673 0.6526071485905998
0 0.2305617976651316 0.5699683984256582 0.18591011130315796 0.48066502831618435 0.08916853914986851 0.5290358158089474 0.13382022551184217 0.6183391859184212
0 0.5309540812512584 0.4957510608066956 0.5014606734375001 0.4853054781250001 0.49099667533936664 0.5148508824049796 0.520490083153125 0.5252964650866752
0 0.5313446434520346 0.6081102877809361 0.4845431562606798 0.4742146407364083 0.3604826187724634 0.5175783929148225 0.4072841059638182 0.6514740399593504
0 0.3961228127031167 0.49243315348032884 0.369157303125 0.4526650281250001 0.33591214605854003 0.47520751895884317 0.3628776556366567 0.5149756443141719
0 0.759607280416677 0.39638635460263016 0.7254636172172382 0.3865026628211348 0.7162867497098265 0.4182045693886357 0.7504304129092654 0.428088261170131
0 0.9184201651660121 0.7925599664937494 0.8308023855400564 0.7831723467041671 0.819374440944283 0.8898331567511679 0.9069922205702389 0.8992207765407502
0 0.20337078593750002 1.922228673744701e-17 0.104662921875 1.3178173248706374e-17 0.104662921875 0.06479985937500002 0.20337078593750002 0.06479985937500002
0 0.23056179766513166 0.8658110968868421 0.13382022488684214 0.817440309081579 0.08916853852486865 0.9067436791910527 0.18591011130315818 0.9551144669963157
0 0.5309540812512583 0.06362393919330459 0.5204900831531247 0.03407853491332515 0.4909966753393663 0.04452411759502062 0.5014606734374998 0.07406952187500004
0 0.5309540812512583 0.9400284345058045 0.5204900826614164 0.9104830288374719 0.490996674847658 0.9209286115191674 0.5014606734375 0.9504740171874999
0 0.5139033953125 5.5206363296371345e-17 0.3876849375 4.747771177870167e-17 0.3876849375 0.07047401718750004 0.5139033953125 0.07047401718750006
0 0.5313446434520347 0.8276692059690639 0.407284106450508 0.7843054539607657 0.3604826192591532 0.9182011010052935 0.4845431562606799 0.961564853013592
0 0.3961228127031166 0.06694184651967132 0.36287765563665664 0.04439935568582824 0.33591214605854 0.08416748104115697 0.36915730312499995 0.10670997187500005
0 0.3961228132328442 0.943346341713896 0.36287765667532734 0.9208038499636562 0.33591214656748325 0.9605719738747602 0.3691573031250001 0.983114465625
0 0.7596072804166771 0.16298864539737 0.7504304129092654 0.13128673882986902 0.7162867497098266 0.1411704306113643 0.7254636172172384 0.1728723371788653