0 0.5594509859935174 0.5690412842900325 0.5577422536029515 0.4508222924237996 0.4260441290106572 0.4527258516380609 0.42775286140122315 0.5709448435042939
0 0.7022325328125 0.3762445421875002 0.6350448850648027 0.3369004237663213 0.6171373654849743 0.3674809569144942 0.6843250132326716 0.4068250753356731
0 0.4737694251391038 0.33098458717805046 0.405551309375 0.2745851531250001 0.35451927342167966 0.33631111535836095 0.42273738918578346 0.39271054941141126
0 0.7286740347873661 0.14560303461785334 0.6779499422819031 0.068821313823261 0.5864866059320368 0.12924448076790762 0.6372106984374999 0.20602620156249998
0 0.8933676286066049 0.10149686794292527 0.8098614728757798 0.09816461884444884 0.8064463297989445 0.18374809750685145 0.8899524855297696 0.1870803466053279
0 0.6580840609374998 0.34043668125000004 0.65351768155703 0.311721968367716 0.6230373331195302 0.3165691293052159 0.6276037125 0.34528384218749997
0 0.6846109180746771 0.9001114933761487 0.6581253075841832 0.7389990364777567 0.46102318960904587 0.7714010618955254 0.48750880009953973 0.9325135187939173
0 0.4426505982449832 0.9325584557045108 0.43860807812499986 0.8927947593750002 0.40550974800265455 0.8961596544377896 0.4095522681226379 0.9359233507673002
0 0.2947804063004779 0.6926563725545203 0.2933679046875 0.6303493453125 0.2507794935737303 0.6313148254847236 0.25219199518670826 0.6936218527267438
0 0.4623051630319505 0.6960154784850994 0.4386771329296305 0.5608282548009778 0.3437226940629369 0.5774243966459609 0.3673507241652568 0.7126116203300825
0 0.8405294765625 0.6055458515625002 0.8120657634072422 0.5954359740530821 0.7939892521695495 0.6463292346527443 0.8224529653248072 0.6564391121621623
0 0.9802590787835543 0.17673441888407304 0.9631674155185728 0.0902530104189004 0.883779376932042 0.1059427829014424 0.9008710401970236 0.19242419136661507
0 0.9889574234375 0.6468995640624999 0.9736378855252716 0.5965373596602682 0.9440229250000002 0.6055458515625001 0.9593424629122286 0.6559080559647317