0 0.12694760965380084 0.18427507183479075 0.09694217460028003 0.10176012383946768 0.024879614728200453 0.12796469055815113 0.05488504978172124 0.21047963855347418
0 0.7319967587466311 0.21226957693539691 0.6850155502510762 0.13669110504000698 0.5819150149419452 0.20078062185461015 0.6288962234375001 0.2763590937500001
0 0.5560578863814146 0.5075705757283264 0.5348657073770868 0.460947766026255 0.46510416235398305 0.49265754840949905 0.4862963413583108 0.5392803581115706
0 0.44194838895618194 0.6342878456932789 0.43179317812500007 0.5779725890625 0.38313411573131806 0.5867471746192211 0.39328932656250004 0.64306243125
0 0.6705729938896285 0.6602025879254454 0.6121293876792678 0.6099410841142114 0.5795069985449881 0.6478740928710816 0.6379506047553488 0.6981355966823154
0 0.6134399864890823 0.7824224308140562 0.5453446247444178 0.7554680127602642 0.5198608037095077 0.8198481825916197 0.5879561654541723 0.8468026006454117
0 0.2805738664943368 0.8555879815588613 0.23521340938667984 0.7894373297078237 0.18091037022947248 0.8266737077264821 0.22627082733712944 0.89282435957752
0 0.8658861665576646 0.7718942507417026 0.6764265299487802 0.7644644713750924 0.6687088784373827 0.961264857856893 0.8581685150462672 0.9686946372235031
0 1 0.5458860453125001 0.997433075 0.511049228125 0.9785346571172413 0.5124417440102086 0.9811015821172413 0.5472785611977086
0 0.49098741660754663 0.774342515729965 0.44600098339821204 0.7524260528563257 0.4311462862270588 0.7829172797476298 0.47613271943639346 0.8048337426212692
0 0.38415700508505896 0.5038914661103921 0.37442526555103556 0.45523275185373535 0.3203012651534767 0.4660575482433432 0.3300330046875001 0.5147162625000001
0 0.5518885203125 0.40195498437499994 0.5463879703125001 0.37078520312499996 0.5098314629674269 0.37723635191119625 0.5153320129674268 0.4084061331611963