0 0.6336688564857735 0.8871990146369775 0.6167501432008763 0.7588195587599991 0.5068359787713381 0.773304791005526 0.5237546920562354 0.9016842468825044
0 0.48919492207199455 0.23277726024671946 0.48548176861044096 0.1866762868262902 0.44963376965563845 0.18956362545566954 0.4533469231171921 0.2356645988760988
0 0.4312580405485784 0.09544977181838364 0.42513608760929894 0.06948148882444413 0.4030069048732206 0.07469838419356051 0.40912885781249997 0.10066666718750002
0 0.32935107968750005 0.44335802500000004 0.30921421787703274 0.44164092817989664 0.3077015134201574 0.4593808251103114 0.32783837523062476 0.4610979219304149
0 0.3194667057614931 0.5533719644509126 0.31804964623014575 0.5384284346153482 0.2988025427829623 0.5402535918366193 0.30021960231430966 0.5551971216721837
0 0.46143925628762694 0.5563114030914399 0.44455351095791684 0.5482196817920089 0.4342241450091378 0.5697749277494706 0.4511098903388479 0.5778666490489014
0 0.32935107968750016 0.7022716046875 0.3118695984375001 0.6957283953125 0.30680804493449465 0.7092513391138608 0.32428952618449464 0.7157945484888607
0 0.667754678178798 0.7899335562980231 0.65999305625 0.7738024687500002 0.6465826110744447 0.7802550284450401 0.6543442330032427 0.796386115993063
0 0.4580424374999999 0.38 0.45266457762960216 0.36770775095123964 0.4376781385636422 0.37426431915395725 0.44305599843404 0.38655656820271755
0 0.08675848750000009 0.7651604937500001 9.408264610360826e-17 0.7651604937500001 1.0194306425903644e-16 0.8935308640624999 0.0867584875000001 0.8935308640624999
0 0.8952523451024377 0.7744574017537292 0.7859489856839517 0.7580869154524479 0.7667719233038662 0.8861293757278723 0.8760752827223521 0.9024998620291538
0 0.1473715077532166 0.18972606136742973 0.11154199638833961 0.18662817317618063 0.10755896256911997 0.23269508930812743 0.14338847393399695 0.2357929774993765
0 0.9523097796282167 0.18972606136742995 0.9164802682633395 0.1866281731761807 0.9124972344441197 0.23269508930812752 0.9483267458089969 0.23579297749937678
0 0.1904037750636552 0.07298586316690853 0.1693469595880311 0.07096419916345248 0.16668932671187595 0.09864500318404398 0.18774614218750002 0.10066666718750002
0 0.9953420469243838 0.07298586331555397 0.9742852299005312 0.07096419916345263 0.9716275970386474 0.09864500303539879 0.9926844140625001 0.10066666718750013
0 0.28934093738881106 0.4585414937177609 0.28640816842313066 0.440318787278451 0.2675239203125 0.44335802500000004 0.2704566892781804 0.46158073143930994
0 0.297839357163528 0.5401909181296981 0.2785925805399284 0.53877239448791 0.2775016913420328 0.5535737697307863 0.29674846796563237 0.5549922933725744
0 0.16265234058670922 0.5697259552617545 0.15224103248955484 0.5481980565289576 0.1353684909519365 0.5563579438691262 0.14577979904909086 0.577885842601923
0 0.9675906124617091 0.5697259552617544 0.9571793043645547 0.5481980565289576 0.9403067628269364 0.5563579438691262 0.9507180709240908 0.577885842601923
0 0.28826466093750003 0.7099259265625 0.28500540156250004 0.6957283953125 0.26697218115748533 0.6998681955095579 0.2702314405324854 0.7140657267595579
0 0.7552325625 0.7805086421875002 0.741820215625 0.7738024687500001 0.73385478375 0.7897333325 0.7472671306249999 0.7964395059375
0 0.15700485252101776 0.37272291868041757 0.13952659013979457 0.3713246572475012 0.1384957549613614 0.38421009290088354 0.1559740173425846 0.3856083543337999
0 0.9619431228434541 0.37272291855621253 0.9444648604622309 0.3713246571232961 0.9434340252837977 0.38421009277667845 0.9609122876650209 0.38560835420959483