0 0.46226980781250004 0.3726846890624999 0.45837259062499996 0.33279175624999996 0.4246250300181834 0.33608862022967395 0.42852224720568344 0.3759815530421739
0 0.19087794374999997 0.4563677734375 0.17445396093750004 0.4235198078125001 0.15192719468750004 0.4347831909375001 0.1683511775 0.46763115656250004
0 0.15942184218750002 0.5382307281250001 0.15906655383810586 0.5227579237495019 0.13583214774097455 0.5232914349082467 0.1361874360903687 0.5387642392837448
0 0.3266705635033563 0.6238977700030259 0.31989293437500005 0.61416220625 0.3097831981545557 0.6212003238594077 0.31656082728291196 0.6309358876124337
0 0.6552065461583376 0.7791889349570885 0.6324152116102522 0.7701319001636129 0.6099688598816833 0.8266164255403222 0.6327601944297686 0.8356734603337979
0 0.6194861346243219 0.7821300906074704 0.6061115536796731 0.7699648369178899 0.5770536846803512 0.8019112994354195 0.5904282656250001 0.814076553125
0 0.8579760837840607 0.7616144253406829 0.8419814352879126 0.746423668487397 0.814279492803872 0.7755915919142599 0.8302741413000201 0.7907823487675457
0 0.9683141304358381 0.2564555231457838 0.9526765831465058 0.2548991793075935 0.9510668923171179 0.27107273674913346 0.9667044396064502 0.2726290805873238
0 0.3448394000000001 0.4636482875 0.32892933593750007 0.4636482875 0.32892933593750007 0.4799009640625 0.3448394000000001 0.4799009640625
0 0.7179657390625 0.6613356531250001 0.7156896506684809 0.6481343437613549 0.6979636125635538 0.651190557996715 0.7002397009575729 0.6643918673603603
0 0.3611448661716167 0.3297988095257361 0.3287141779366771 0.32573520414503465 0.32643699277590355 0.34390888861572755 0.3588676810108431 0.34797249399642893
0 0.764773703630425 0.27440711741518536 0.7353897357764987 0.26951569846219076 0.7321345384339013 0.2890704769410431 0.7615185062878276 0.2939618958940377
0 0.32070663750000006 0.29054336250000007 0.3181988033646994 0.26051787444834107 0.2616397050650292 0.26524188883017896 0.26414753920032985 0.295267376881838
0 0.6552065461583375 0.8833110650429117 0.6327601944297686 0.8268265396662023 0.6099688598816831 0.835883574459678 0.6324152116102519 0.8923680998363872
0 0.6194861346243217 0.8803699093925298 0.5904282656250001 0.8484234468750002 0.5770536846803511 0.8605887005645808 0.6061115536796728 0.8925351630821104
0 0.8579760837840604 0.9008855746593172 0.8302741413000199 0.8717176512324546 0.814279492803872 0.8869084080857406 0.8419814352879126 0.9160763315126031
0 0.9683141304416051 0.08270400487830928 0.9667044394769846 0.06653044887460227 0.9510668923231593 0.06808679296841622 0.9526765832877798 0.08426034897212323
0 0.35970021406249997 4.210949482703801e-17 0.327516059375 4.01387837259725e-17 0.327516059375 0.01199946406250004 0.35970021406249997 0.011999464062500043
0 0.764773704775058 0.06475241003877666 0.7615185058251306 0.04519763224406399 0.7321345383652509 0.05008905371784624 0.7353897373151782 0.0696438315125589
0 0.32070663750000006 0.048616167187500045 0.2641475390707285 0.043892152794837366 0.2616397050650292 0.07391763929482109 0.31819880349430074 0.07864165368748377