0 0.5506867606259194 0.7498903425685328 0.542879377376446 0.6768431814809946 0.4729284709888134 0.6843196326761589 0.48073585423828674 0.7573667937636971
0 0.709563403824737 0.23209117867056744 0.692270961877296 0.2303194120775919 0.6903950580525591 0.24862823340702453 0.7076875000000001 0.25040000000000007
0 0.5287606347982627 0.2961419410045692 0.5076375000000001 0.29190000000000016 0.5018449115633629 0.32074472609264265 0.5229680463616256 0.3249866670972118
0 0.46287647086037176 0.23379373164894277 0.44274397314268804 0.23147849441140922 0.440831657270103 0.24810732808606195 0.46096415498778665 0.2504225653235955
0 0.5358834638764357 0.15730118732316128 0.5156879592963914 0.12988425989328306 0.49636719599875956 0.1441160721437707 0.5165627005788037 0.17153299957364895
0 0.7015113737926594 0.1234612157115262 0.6862730840309078 0.11867898647778503 0.6796771651641983 0.13969649066323248 0.6949154549259497 0.14447871989697364
0 0.7466507033745597 0.22321020558604315 0.7322236413711196 0.21642948644442636 0.7253747839708412 0.2310015234662955 0.7398018459742813 0.23778224260791228
0 0.41086014150943395 0.20857924528301894 0.40476580188679245 0.18724905660377358 0.38719976415094337 0.1922679245283019 0.3932941037735849 0.21359811320754724
0 0.5944685344827588 0.8899224137931036 0.5773995689655171 0.883094827586207 0.5706064655172413 0.9000775862068968 0.5876754310344829 0.9069051724137935
0 0.6628815366972477 0.9218967889908256 0.6582852064220182 0.9065756880733946 0.6449365825688073 0.9105802752293581 0.6495329128440368 0.9259013761467891
0 0.9246519600864407 0.24745701677764792 0.9217957441890803 0.23002219890417797 0.9038312841026397 0.23296518212653003 0.9066875 0.2504
0 0.9359850302037727 0.1372123736708694 0.9269447365605556 0.11801251193337063 0.912182924992593 0.12496314069855488 0.92122321863581 0.14416300243605362
0 0.8889474201035192 0.23107765305968925 0.8823878317735211 0.21653516949790114 0.8677705637516737 0.22312849039286203 0.8743301520816719 0.23767097395465014
0 0.9695098076923078 0.9109284615384616 0.9566421153846154 0.9063869230769231 0.9512513461538463 0.9216607692307693 0.9641190384615387 0.9262023076923078