0 0.8046215168351024 0.38136104317617703 0.7470761779726918 0.37087191281776255 0.7231146240609058 0.5023294972320419 0.7806599629233164 0.5128186275904563
0 0.7970033370412561 0.296551336953344 0.7651700687499999 0.28236819687500003 0.7540761965507048 0.3072677753998073 0.785909464841961 0.3214509154781513
0 0.7455248674584617 0.2744266896811093 0.7364001486925256 0.24585657740980862 0.7045059693633854 0.2560429362832065 0.7136306881293214 0.28461304855450714
0 0.6642065746813388 0.6937761609426697 0.6137760422879011 0.6383497090119677 0.5375051498813704 0.7077458470688104 0.5879356822748082 0.7631722989995123
0 0.9176414715535932 0.4136371050320122 0.8670070867673504 0.26661708866683653 0.7666208014669433 0.30119059724635505 0.8172551862531862 0.44821061361153075
0 0.8635071390905484 0.26464614861183483 0.8577123808180209 0.239435180157604 0.8378787104774723 0.24399396279576918 0.8436734687499999 0.26920493125
0 0.41698655167759446 0.47274858226897587 0.4041043447806226 0.40747873425399594 0.3516007137016701 0.4178412930613356 0.36448292059864196 0.4831111410763155
0 0.1380907993312493 0.618306002136221 0.051901762866765774 0.6174317697365919 0.05121811759299042 0.6848311562786511 0.13740715405747392 0.6857053886782802
0 0.7717006796875002 0.5252593531250002 0.7230952375000002 0.5205314625000002 0.7202802283039851 0.5494713804436783 0.7688856704914853 0.5541992710686784
0 0.6368166376352791 0.8347846835954492 0.634789284213777 0.77774846678986 0.529571285640998 0.7814884425694111 0.5315986390624999 0.8385246593750001
0 0.4716833317588538 0.3180574113723484 0.46554871722336727 0.2720698645454599 0.3919266104645135 0.2818908547356115 0.398061225 0.3278784015625
0 0.31884353749999994 0.3503273812500001 0.30231292499999995 0.31842261875000005 0.269029790231158 0.3356673985426409 0.285560402731158 0.3675721610426409
0 0.24687074843750004 0.5796471093750002 0.2309150198118103 0.5511105179147726 0.16333817560006053 0.5888949109501485 0.17929390422575026 0.617431502410376
0 0.7970033370412563 0.022198663046655964 0.7859094648419613 -0.0027009154781513444 0.754076196550705 0.011482224600192659 0.76517006875 0.036381803124999966
0 0.7455248674584616 0.04432331031889088 0.7136306881293214 0.034136951445493 0.7045059693633853 0.06270706371679366 0.7364001486925255 0.07289342259019153
0 0.6434013609375002 0.9202593531250001 0.5552040812500001 0.9202593531250001 0.5552040812500001 1 0.6434013609375002 1
0 0.88496190625 1.0304747561814562e-16 0.7979310828124999 9.771837465065097e-17 0.7979310828124999 0.049170918750000105 0.88496190625 0.04917091875000011
0 0.8635071390905485 0.054103851388165335 0.8436734687499999 0.04954506875000013 0.8378787104774725 0.07475603720423092 0.8577123808180211 0.07931481984239612
0 0.636816637690748 0.8445095335940225 0.5315986390624999 0.8407695578125001 0.529571285640998 0.8978057746180893 0.6347892842692461 0.9015457503996117
0 0.46778911562500003 5.311575869961612e-17 0.399657053125 4.8943873086619494e-17 0.399657053125 0.045259353125000054 0.46778911562500003 0.045259353125000054