0 0.5370918399660164 0.5467685769551829 0.4933781293196571 0.48569053256411043 0.40443944945942256 0.5493441703883064 0.448153160105782 0.6104222147793789
0 0.9591473575016956 0.3053849036296463 0.9314246193274889 0.2624317741742739 0.8985155176652657 0.2836719124482048 0.9262382558394723 0.3266250419035772
0 0.5045527635268414 0.37799306836864643 0.46684996721818106 0.3696517407839447 0.4556862227274775 0.4201118600276576 0.4933890190361378 0.42845318761235945
0 0.2222314752051751 0.6952228142823795 0.1748846651250992 0.680170911769393 0.1589571640540515 0.7302719782366032 0.20630397413412735 0.7453238807495897
0 0.331267790271229 0.49066215837803506 0.2113700739421379 0.4786885674557036 0.20165350182516187 0.5759855951334711 0.3215512181542529 0.5879591860558027
0 0.17678849771604396 0.26427850176368606 0.14959399359035053 0.21184914784980952 0.06505187243680657 0.2557001757736235 0.09224637656250001 0.30812952968750007
0 0.9615212002361379 0.4086518718140786 0.904370495899957 0.390093257120128 0.88753623125 0.44193387656250016 0.9446869355861809 0.4604924912564507
0 0.8789468379960412 0.6306166133987129 0.877921060311548 0.5489274222332405 0.7184517977775778 0.5509298904733606 0.7194775754620711 0.6326190816388328
0 0.7530324881460475 0.26543571207651656 0.7220632500719217 0.2206787984052132 0.6748640052621317 0.25333799068483065 0.7058332433362574 0.298094904356134
0 0.9591473575016958 0.028990096370354036 0.9262382558394725 0.007749958096423093 0.8985155176652657 0.0507030875517954 0.931424619327489 0.07194322582572635
0 0.22223147520517514 0.9652391419676205 0.2063039741341274 0.9151380755004105 0.1589571636029153 0.9301899781568166 0.17488466467396308 0.9802910446240265
0 0.17678849771604396 0.070096498236314 0.0922463765625 0.02624547031250003 0.0650518724368066 0.07867482422637653 0.14959399359035058 0.12252585215019049
0 0.7530324881460475 0.06893928792348367 0.7058332433362574 0.03628009564386621 0.6748640052621317 0.08103700931516937 0.7220632500719217 0.11369620159478684