0 0.704560388685035 0.7224716796458927 0.6026690632212127 0.7174363550939403 0.5971086092774159 0.8299538336930755 0.6989999347412382 0.8349891582450277
0 0.6845559843750001 0.43154560781250006 0.6251853772481382 0.4177829816136433 0.6131711261940378 0.4696112714291246 0.6725417333208996 0.4833738976279814
0 0.8833204640625001 0.38270390937500004 0.8059073359375001 0.38181587812500006 0.805431590164879 0.42328848221504617 0.882844718289879 0.42417651346504615
0 0.7913541541007066 0.24310911193193538 0.735463009537955 0.24184136352700705 0.7341957177492244 0.29771237728003663 0.790086862311976 0.298980125684965
0 0.18115830156249998 0.45656491250000003 0.16943388496151598 0.36454409635826324 0.09740391627621041 0.37372146943569373 0.10912833287719441 0.4657422855774305
0 0.9647795871245618 0.4131098180280075 0.9175100393735066 0.39592771176833963 0.8974734247731984 0.4510502733626637 0.9447429725242535 0.4682323796223316
0 0.2663097575164931 0.6220698103681462 0.15201184792770633 0.5645996331350374 0.0768532649561128 0.7140766198939982 0.19115117454489955 0.771546797127107
0 0.9475655295918692 0.6645163694205921 0.9185196847307779 0.6160891195340852 0.8699613906249999 0.6452135625000001 0.8990072354860912 0.693640812386507
0 0.4797561560218414 0.7490193701251616 0.4522493788916465 0.7155389009451373 0.41707260942767466 0.7444393190546608 0.4445793865578695 0.7779197882346851
0 0.12123509392621949 0.5241567852750095 0.1067837220993197 0.47963619572572214 0.06323399462950749 0.4937724259732949 0.07768536645640728 0.5382930155225824
0 0.4913766358552844 0.47879932543930454 0.4810160877111237 0.4224513145671483 0.41553430442147327 0.4344912634107224 0.4258948525656341 0.49083927428287877
0 0.5321566042941471 0.29738033594099333 0.47548262500000005 0.28687379375000005 0.46654847857726933 0.3350660172397394 0.5232224578714164 0.3455725594307326
0 0.8286100390625 0.2910050671875001 0.78069498125 0.2910050671875001 0.78069498125 0.3272985031250001 0.8286100390625 0.3272985031250001
0 0.7011583015625001 0.9215069984375001 0.5976061781250002 0.9215069984375001 0.5976061781250002 1 0.7011583015625001 1
0 0.46524774375000016 0.9828583500000001 0.4297131046875002 0.9828583500000001 0.4297131046875002 1 0.46524774375000016 1