0 0.5594509859935175 0.4309587157099675 0.42775286140122315 0.4290551564957063 0.4260441290106572 0.5472741483619392 0.5577422536029515 0.5491777075762003
0 0.7022325328125 0.6237554578125 0.6843250132326715 0.593174924664327 0.6171373654849743 0.6325190430855059 0.6350448850648027 0.663099576233679
0 0.4737694251391037 0.6690154128219498 0.4227373891857834 0.6072894505885889 0.35451927342167966 0.6636888846416391 0.405551309375 0.725414846875
0 0.7286740347873663 0.8543969653821467 0.6372106984375 0.7939737984375 0.5864866059320368 0.8707555192320923 0.6779499422819031 0.9311786861767389
0 0.8933676286066051 0.898503132057075 0.8899524855297697 0.8129196533946722 0.8064463297989445 0.8162519024931486 0.8098614728757798 0.9018353811555514
0 0.6580840609374999 0.6595633187500001 0.6276037124999999 0.6547161578125001 0.6230373331195301 0.6834308706947841 0.6535176815570302 0.6882780316322841
0 0.6846109180746771 0.09988850662385143 0.48750880009953973 0.0674864812060828 0.4610231896090459 0.22859893810447468 0.6581253075841833 0.26100096352224333
0 0.4426505982449833 0.06744154429548946 0.4095522681226379 0.06407664923269996 0.40550974800265466 0.1038403455622106 0.438608078125 0.1072052406250001
0 0.29478040630047797 0.3073436274454799 0.25219199518670826 0.3063781472732563 0.2507794935737303 0.36868517451527644 0.29336790468750007 0.3696506546875
0 0.4623051630319505 0.30398452151490074 0.3673507241652568 0.28738837966991765 0.3437226940629368 0.4225756033540393 0.4386771329296305 0.43917174519902236
0 0.8405294765625 0.39445414843750004 0.8224529653248072 0.3435608878378378 0.7939892521695494 0.3536707653472559 0.8120657634072422 0.4045640259469181
0 0.9802590787835544 0.8232655811159273 0.9008710401970237 0.8075758086333851 0.8837793769320422 0.8940572170985577 0.963167415518573 0.9097469895810997
0 0.9889574234375 0.35310043593750007 0.9593424629122286 0.3440919440352682 0.944022925 0.39445414843750004 0.9736378855252715 0.40346264033973195