0 0.17135841875000002 0.8332142859375 0.15947666083683132 0.8070417547141068 0.1267725795868313 0.8218886937766067 0.1386543375 0.848061225
0 0.41606952462496266 0.6929754941147125 0.3922533502580013 0.47065712100142043 0.1767950258938556 0.49373840281367487 0.20061120026081697 0.7160567759269669
0 0.33679209140625005 0.7608928570312502 0.31597576562500007 0.7400765312500002 0.2946747453125001 0.7613775515625001 0.3154910710937501 0.7821938773437502
0 0.5205954595573397 0.7280323853246845 0.49470941677442876 0.7213147550075264 0.48691406720283376 0.7513537334851961 0.5128001099857447 0.7580713638023542
0 0.7572831007419805 0.26679365539654826 0.6525542205049307 0.2580608964547542 0.6400822202770573 0.40763317102312424 0.744811100514107 0.4163659299649183
0 0.7082359696875 0.500387755 0.6957665818750001 0.47544897937499997 0.675684948125 0.4854897962499999 0.6881543359375 0.5104285718749999
0 0.5380037698817395 0.6444607518957296 0.5328845015159667 0.6177947118152176 0.5087690413024664 0.6224243273195926 0.5138883096682392 0.6490903674001046
0 0.5154352233676807 0.47940410426522695 0.5112563781249999 0.45969387812499996 0.4878768070106208 0.4646506761258024 0.49205565225330156 0.4843609022660293
0 0.8566765458546713 0.8243337329150089 0.8343206032835211 0.8226140454300392 0.8324778665914796 0.8465696280699614 0.8548338091626299 0.8482893155549309
0 0.06646045937500013 0.8173979593750001 0.032934110347417014 0.8152223716427249 0.030944313472417006 0.8458856372677248 0.06447066250000012 0.848061225
0 0.9616820896787168 0.8471240082254046 0.9608248157893119 0.823120368201451 0.9383862351912933 0.8239217470441094 0.9392435090806982 0.8479253870680632