0 0.848061225 0.13865433750000009 0.8173979593750001 0.13666454062500008 0.8152223716427249 0.17019088965258317 0.8458856372677248 0.17218068652758317
0 0.7152659180984535 0.20035550085333362 0.4930183520544116 0.178219794599542 0.4715669547204775 0.39359674219044455 0.6938145207645194 0.4157324484442362
0 0.7809249067834708 0.32625134473066475 0.7670155826549742 0.29851217575260913 0.7416523775673467 0.3112301140866823 0.7555617016958435 0.33896928306473784
0 0.7580713638023543 0.5128001099857447 0.7513537334851961 0.48691406720283376 0.7213147550075264 0.49470941677442876 0.7280323853246845 0.5205954595573397
0 0.41636592996491817 0.7448111005141071 0.40763317102312424 0.6400822202770574 0.2580608964547542 0.6525542205049307 0.2667936553965482 0.7572831007419805
0 0.510433969221612 0.6882070539856943 0.4855122620688195 0.6756809604637449 0.4754245900643843 0.6957512247570322 0.5003462972171768 0.7082773182789815
0 0.6495458626853685 0.5188821756904723 0.6257043925370206 0.5070057541736597 0.6143909301587838 0.5297171049945575 0.6382324003071316 0.5415935265113703
0 0.48348431278000437 0.5003493014972297 0.4649489796875 0.4879400515625001 0.45254372798211745 0.5064694126169589 0.47107906107462183 0.5188786625516885
0 0.8482893155549307 0.8548338091626297 0.8465696280699613 0.8324778665914794 0.822614045430039 0.8343206032835209 0.8243337329150087 0.8566765458546712
0 0.8480612249999998 0.0644706625 0.8332142859374999 0.03176658125000005 0.8070417547141066 0.04364833916316875 0.8218886937766066 0.0763524204131687
0 0.8482893164883217 0.9401279277749784 0.8243337341007247 0.9382851882806552 0.8226140440088671 0.9606411305088125 0.8465696263964639 0.9624838700031357