0 0.4634412812282503 0.906992220570239 0.45405366145640136 0.8193744411097938 0.34739285140940035 0.8308023857055673 0.35678047118124934 0.9184201651660124
0 0.5196358810581726 0.17725964888359017 0.4540324628903507 0.08876482421421654 0.3749413567446343 0.1473970315689221 0.4405447749124563 0.23589185623829573
0 0.514694521875 0.5014606734375 0.48559397767413515 0.4902681572752609 0.47408291634364375 0.5201969189755985 0.5031834605445086 0.5313894351378377
0 0.5244951917114541 0.48816726371830227 0.48561075809351684 0.36368306706245423 0.35002829560362353 0.4060342040266101 0.38891272922156084 0.5305184006824581
0 0.5473349718749998 0.369157303125 0.5218293546874998 0.33792134843750005 0.4871348750836747 0.3662510128946204 0.5126404922711748 0.3974869675821203
0 0.6134973371788652 0.7254636172172385 0.5817954306113644 0.7162867497098266 0.5719117388298691 0.7504304129092654 0.60361364539737 0.7596072804166772
0 0.21116600485135187 0.9157004881108769 0.20985247078049726 0.823752960673437 0.10519485619272792 0.8252480671365111 0.10650839026358253 0.9171955945739511
0 1 0.10466292187500012 0.935200140625 0.10466292187500012 0.935200140625 0.2033707859375001 1 0.2033707859375001
0 0.18255969091842106 0.13382022488684214 0.09325632080894743 0.08916853852486843 0.04488553300368421 0.1859101113031579 0.13418890311315784 0.2305617976651316
0 0.9659214650866748 0.520490083153125 0.9554758824049794 0.4909966753393665 0.9259304781249998 0.5014606734375 0.9363760608066954 0.5309540812512585
0 0.08951697116252814 0.5204900826614164 0.07907138848083269 0.4909966748476579 0.0495259828125 0.5014606734375 0.05997156549419547 0.5309540812512584
0 1 0.3876849375000001 0.9295259828125 0.3876849375000001 0.9295259828125 0.5139033953125002 1 0.5139033953125002
0 0.21236688093367775 0.40472575292694224 0.07421075002081022 0.3673423279917757 0.04049559498111701 0.49194180975380525 0.17865172589398454 0.5293252346889717
0 0.9524473312499999 0.3675280906250002 0.9187956453125 0.3379213484375002 0.8921763231717128 0.368177465874464 0.9258280091092127 0.3977842080619639
0 0.07604283749999999 0.367528090625 0.04239115156249997 0.33792134843750005 0.015771829421712937 0.36817746587446376 0.049423515359212945 0.3977842080619637
0 0.8703428165171893 0.7474409306321521 0.8557057578125 0.7171910109375002 0.8241489242572628 0.7324604473507073 0.8387859829619521 0.7627103670453593