0 0.19505319218750009 0.6993617015625 0.1703723406250001 0.6993617015625 0.1703723406250001 0.724042553125 0.19505319218750009 0.724042553125
0 0.19750000000000004 0.3438297875 0.19010638281250003 0.30925531875 0.16026239758488395 0.3156373402271167 0.16765601477238393 0.3502118089771167
0 0.2598174747465463 0.18722977299858162 0.23229636152609637 0.11334015151215744 0.1630381263196165 0.13913624701545196 0.19055923954006643 0.21302586850187616
0 0.2969638090374329 0.5760392831928853 0.22456562447152897 0.4855045402437909 0.13445395664376364 0.5575644030812459 0.20685214120966755 0.6480991460303402
0 0.3534042546875 0.7878191484375001 0.3375158595301221 0.7186884220721153 0.24753027767614394 0.739369912895832 0.2634186728335218 0.8085006392612171
0 0.8070411972608686 0.7936811446057346 0.7170386110488172 0.7605166847765806 0.686597652430186 0.8431281615370854 0.7766002386422375 0.8762926213662393
0 0.6060357914824721 0.4891799305116229 0.551294928938878 0.47232264545830216 0.5398607385145012 0.5094530282179381 0.5946016010580955 0.5263103132712589
0 0.3793222197922599 0.33558511523720824 0.36171729406207304 0.33077127003075263 0.35283591315264096 0.3632517600727604 0.37044083888282786 0.368065605279216
0 0.1430853249496778 0.18359269009588827 0.08285922401304696 0.12005271579915999 0.03671761614869129 0.16378784731872392 0.09694371708532214 0.22732782161545223
0 0.2108709086348771 0.43935532479896977 0.13094443525887758 0.34245983910432354 0.0529072863913046 0.40683057894414265 0.13283375976730413 0.5037260646387889
0 0.27654255312500003 0.6388829781250002 0.26356383046875 0.6259042554687502 0.24441489375000006 0.6450531921875001 0.25739361640625014 0.6580319148437501
0 0.8492312945297107 0.3356034243846161 0.7259755556703518 0.2173277143034988 0.5564598502571785 0.3939809214974056 0.6797155891165374 0.512256631578523