0 0.5560294855605288 0.33766835179731636 0.4244200175789004 0.22697694424917883 0.2900191193397509 0.3867764364167627 0.4216285873213793 0.49746784396490024
0 0.7517858333951886 0.14059936926781552 0.5904000055959624 0.11576150330684865 0.5631146735669758 0.2930499186318561 0.7245005013662018 0.31788778459282296
0 0.4825736780929789 0.6296030740186741 0.4263631618088584 0.5032658513479695 0.3240522692438429 0.5487864664999936 0.3802627855279634 0.6751236891706982
0 0.47368032748312705 0.5895047023496721 0.4477203365015131 0.5884502346345025 0.4456479919413926 0.6394693842183029 0.47160798292300654 0.6405238519334725
0 0.40803718713141 0.7473467533177462 0.35802470441680656 0.7334413349285386 0.3400523152810223 0.7980811591923778 0.39006479799562577 0.8119865775815853
0 0.418174529159383 0.9532370069237166 0.3937962768581542 0.8220113117306556 0.25768890332453204 0.8472964503399704 0.28206715562576085 0.9785221455330314
0 0.7504063978020774 0.8673189367731038 0.7301692146552977 0.8393834604630227 0.6973516129460755 0.863157381797163 0.7175887960928552 0.891092858107244
0 0.7408285630450244 0.6782468496975487 0.725090409375 0.6629350109375001 0.7048239525799754 0.6837657299899516 0.72056210625 0.69907756875
0 0.15691430781250004 0.279056603125 3.473207736919355e-17 0.279056603125 4.623143379438459e-17 0.4668553453125 0.15691430781250004 0.4668553453125
0 0.9479884139696582 0.2951139914698325 0.9303951648647224 0.11922421460169719 0.7664776408399467 0.13561994768056845 0.7840708899448826 0.3115097245487038
0 0.15726407386104796 0.5492997445763285 0.056026596620900884 0.5022247747858672 -0.002251586131239769 0.6275554170832198 0.09898589110890729 0.6746303868736809
0 0.03431472812500007 0.588700209375 0.008276992187500073 0.588700209375 0.008276992187500077 0.6398742140625 0.034314728125000075 0.6398742140625
0 0.14133709886252155 0.7978563112339889 0.12269676919801795 0.7332605103722234 0.07307772623846073 0.7475790156939952 0.09171805590296433 0.8121748165557608
0 0.22204809568523642 0.8453959262574129 0.08545041495430694 0.824039637713543 0.0647635378780653 0.9563556730759494 0.2013612186089948 0.9777119616198192
0 0.8151068852528504 0.8645748287412578 0.7843597034124217 0.8380284012716928 0.7617722463198774 0.8641901381507349 0.7925194281603062 0.8907365656203
0 0.8078223496217672 0.6840756261553036 0.7876061328125001 0.6629350109375002 0.7717567908711421 0.6780913216536079 0.7919730076804093 0.6992319368714113