0 0.7097825621868441 0.6162501081792835 0.5818921531757283 0.5007400678471778 0.4413068285858833 0.6563933306376889 0.5691972375969991 0.7719033709697946
0 0.43529187334465835 0.7048860085301676 0.27137434931988264 0.6884902754512963 0.25378110019946903 0.8643800524741712 0.41769862422424475 0.8807757855530426
0 0.676014073861048 0.45070025542367154 0.6177358911089074 0.3253696131263192 0.5164984138687603 0.3724445829167804 0.5747765966209009 0.4977752252141328
0 0.5530647281250001 0.3601257859375001 0.5270269921875 0.3601257859375001 0.5270269921875 0.41129979062500005 0.5530647281250001 0.41129979062500005
0 0.6600870988625215 0.20214368876601121 0.6104680559029643 0.18782518344423924 0.5918277262384607 0.25242098430600485 0.641446769198018 0.2667394896277768
0 0.7407980956852362 0.1546040737425874 0.720111218608995 0.022288038380180987 0.5835135378780655 0.04364432692405039 0.6042004149543068 0.1759603622864568
0 0.3024103439605498 0.13542517048584699 0.2798228875353061 0.10926343437970028 0.24907570569487741 0.13580986184926538 0.2716631621201211 0.1619715979554121
0 0.29512580818061007 0.3159243730642267 0.2792764670554093 0.3007680631285889 0.2590602494997993 0.3219086791268623 0.27490959062500003 0.3370649890625001
0 1 0.5331446546875002 0.8430856921875 0.5331446546875002 0.8430856921875 0.7209433968750002 1 0.7209433968750002
0 0.23908929231574017 0.8594006309133684 0.21180396109330352 0.6821122158930318 0.0504181330590326 0.7069500811986535 0.07770346428146924 0.8842384962189902
0 1.0013236780929788 0.3703969259813256 0.8990127855279633 0.3248763108293019 0.842802269243843 0.4512135335000068 0.9451131618088586 0.4967341486520304
0 0.9924303274831271 0.4104952976503277 0.9903579829230065 0.3594761480665274 0.9643979919413926 0.3605306157816971 0.9664703365015133 0.4115497653654974
0 0.92678718713141 0.2526532466822537 0.9088147979956256 0.18801342241841473 0.8588023152810222 0.20191884080762246 0.8767747044168066 0.2665586650714614
0 0.9369245291593831 0.04676299307628375 0.8008171556257608 0.021477854466969214 0.7764389033245321 0.1527035496600301 0.9125462768581546 0.17798868826934464
0 0.23770985717707735 0.13268106322689627 0.2048922554678551 0.10890714189275608 0.18465507178330468 0.13684261894517763 0.2174726734925269 0.1606165402793178
0 0.22813202166022353 0.3217531495214959 0.20786556562500005 0.30092243125000007 0.19212741115227652 0.31623427079100414 0.2123938671875 0.33706498906250004