0 0.8549955434913015 0.3140673721187799 0.850112627886959 0.2834773403727618 0.8110818718750001 0.2897076015625001 0.8159647874793426 0.3202976333085182
0 0.8834567184010738 0.7340191861515486 0.7396525324452683 0.5808160468422425 0.6453659736611499 0.6693181617052423 0.7891701596169552 0.8225213010145482
0 0.42342105312499995 0.1849707609375 0.4149529894966485 0.13339254865657968 0.3600991879341485 0.14239839553157968 0.3685672515624999 0.19397660781249998
0 0.370963567018594 0.4385797722416056 0.32819925833448904 0.3816268438021887 0.22968860138016237 0.4555956502903407 0.2724529100642673 0.5125485787297576
0 0.8759604345636054 0.4114382604666538 0.8521785249596388 0.33107715865209425 0.7783332064505799 0.3529307999014528 0.8021151160545464 0.43329190171601245
0 0.44904092939899065 0.560989800860033 0.4343899246053676 0.45828913346432676 0.33879568456919357 0.47192635418088164 0.3534466893628166 0.5746270215765878
0 0.24325805359376998 0.7126754057014258 0.2077217735105093 0.638869286850442 0.14384121979223824 0.6696265910434668 0.17937749987549892 0.7434327098944506
0 0.3161990091353811 0.8545102397396217 0.3062595366348654 0.7823028881610783 0.23659811458480826 0.7918919088587868 0.246537587085324 0.8640992604373301
0 0.32440650857774245 0.9258710075924867 0.24959934679668677 0.8705514271591277 0.20819036093869953 0.9265476708038083 0.2829975227197552 0.9818672512371677
0 0.7181713456059124 0.8819541553758274 0.6450777934865538 0.8538730149256535 0.6323643265573189 0.8869654193904454 0.7054578786766775 0.9150465598406192
0 0.9166098999011018 0.9088544978157292 0.8886945641628008 0.8531200863747289 0.8253761047744608 0.884833995368432 0.8532914405127616 0.9405684068094324
0 0.7478719055607652 0.009822158145798721 0.7034595055833162 -0.010365297543166863 0.6925666905329846 0.013598894197951373 0.7369790905104336 0.03378634988691696
0 0.597046784375 0.9765497078125002 0.5378280472953024 0.9446987254692492 0.5185029277689517 0.9806288314839284 0.5777216648486493 1.0124798138271796
0 0.9757477467660713 0.3732737476899745 0.9704134655321643 0.3394899641664742 0.9324885408923029 0.3454781097412002 0.9378228221262098 0.37926189326470056
0 1 0.3407602343750001 0.9723684203125 0.3407602343750001 0.9723684203125 0.37760233906250007 1 0.37760233906250007