0 0.6640813250000002 0.8566265062499999 0.6052196387605362 0.8537457094901182 0.6029907231355361 0.8992878782401184 0.6618524093750001 0.9021686750000001
0 0.548418675 0.7213253015625 0.4892620484375 0.7071686749999999 0.478385338560763 0.7526194369852873 0.537541965123263 0.7667760635477874
0 0.4808283125000001 0.2668674703125001 0.4662910013357691 0.12396169705368335 0.29829033101269203 0.14105182549700906 0.31282764217692305 0.28395759875582577
0 0.35878012031249995 0.3274096390624999 0.3037774987994962 0.24989192437691835 0.22156319348810283 0.3082270073490973 0.27656581500110655 0.3857447220346789
0 0.8055432759406838 0.04519587821213522 0.5894185338844388 -0.015593407721581043 0.5296203431997039 0.19700768371516483 0.7457450852559487 0.2577969696488811
0 0.7258885546874998 0.9838554218749997 0.6745005270428679 0.9551863121338101 0.6579830496222754 0.9847931117160623 0.7093710772669073 1.013462221457252
0 0.6287801203125 0.7700602406250001 0.6095030124999998 0.7188554218750001 0.5676974345886437 0.7345939920376194 0.5869745424011438 0.7857988107876194
0 0.8132431558069815 0.6653910761840902 0.7725150609375 0.6608433734375001 0.7644735711006374 0.7328609566476783 0.805201665970119 0.7374086593942684
0 0.4869126500000001 0.8690963859375002 0.48211518273622983 0.8206966189110597 0.4360941246275529 0.825258304499336 0.4408915918913232 0.8736580715257765
0 0.4369728921875001 0.6433734937500002 0.32985515088337236 0.5717643955480669 0.24271342270858165 0.7021168972525201 0.34983116401270936 0.7737259954544533
0 0.06209337343750004 0.2759638546875 3.394320496435801e-17 0.2759638546875 3.937665301480484e-17 0.3646987953125 0.06209337343750004 0.3646987953125
0 1 0.019025648437500122 0.9301656625 0.01902564843750012 0.9301656625 0.24168674687500008 1 0.24168674687500008
0 0.9399849390625002 0.6608433734375001 0.900372376338073 0.6580510130315187 0.895191654463073 0.7315449895940189 0.9348042171875003 0.7343373500000003