0 0.4544360291941083 0.06057203367172457 0.45067934006896265 0.011265481722820003 0.40183643668613883 0.014986845248076053 0.4055931258112845 0.06429339719698061
0 0.41562029521149285 0.2363836822286134 0.39597518210631993 0.22204805926023785 0.3821135072073272 0.2410436879691245 0.4017586203125001 0.25537931093750005
0 0.6828597455373225 0.4964171659638157 0.6796448902501965 0.4488066601505575 0.6456803364573815 0.4511000851724211 0.6488951917445076 0.4987105909856793
0 0.4649208503734569 0.8927239940014509 0.39321684101023857 0.8814911066196759 0.3781714703618687 0.9775317203263665 0.44987547972508696 0.9887646077081416
0 0.2684725944722082 0.2607063072430079 0.253773458499031 0.233004090022156 0.22433820392752918 0.2486227968535323 0.23903733990070636 0.2763250140743842
0 0.6174154214828315 0.18287462826557963 0.6012758624999999 0.16631034531249997 0.5899638894546684 0.17733226860942045 0.6061034484375 0.1938965515625001
0 0.3171659776186191 0.9129008522064825 0.30578535267937695 0.8546829942630627 0.2669605708847182 0.8622725946977325 0.27834119582396033 0.9204904526411525
0 0.5978370270988789 0.5126320379438548 0.5343184205782526 0.5048572444436781 0.5258951872293738 0.5736734830623235 0.5894137937500001 0.5814482765625002
0 0.4327241375 0.6952413796875 0.3910344828125001 0.6952413796875 0.3910344828125001 0.7333793109375 0.43272413750000005 0.7333793109375
0 0.6915517234374999 0.5922758625 0.6443103453125001 0.5922758625 0.6443103453125001 0.6478275859375 0.6915517234374999 0.6478275859375
0 0.6623654203461333 0.9762233897190861 0.6479299160421841 0.9276618441144382 0.6056368310515918 0.9402339730038151 0.620072335355541 0.9887955186084628
0 0.04822537693730207 0.018187371236312797 0.002237940740866301 0.010028310599061844 -0.006514417760115097 0.05935978955566743 0.039473018436320666 0.0675188501929184
0 0.06388095341845873 0.23536065939654552 0.04622310434165396 0.22156546285187054 0.030583530610695277 0.241584114392825 0.048241379687500044 0.25537931093750005
0 0.9019055685338075 0.4537822870041664 0.8688796230089274 0.4485314512230497 0.8614629367442991 0.49517984907080115 0.8944888822691794 0.5004306848519178
0 0.06568965468750011 0.8851034484375001 1.0964543035964643e-16 0.8851034484375001 1.155448496285306e-16 0.9814482765625 0.06568965468750011 0.9814482765625
0 0.22448195161524032 0.2472021334776496 0.19413530099327078 0.23364299295536856 0.18124837955381948 0.26248515311095993 0.211595030175789 0.27604429363324096
0 0.9567132058737652 0.17804867050937254 0.9452758624999997 0.16631034531250002 0.9290109331887344 0.18215822636562762 0.9404482765624997 0.19389655156250013
0 0.1841295781183232 0.8638950069378135 0.14515846753848455 0.8531024719387252 0.12964957848266145 0.9091040165634118 0.1686206890625001 0.9198965515624999
0 1.014979846962977 0.5671436594650935 1 0.5065713953124998 0.942158084287023 0.5208760124099064 0.9571379312499999 0.5814482765625
0 0.058965517187500094 0.6952413796875 0.017275862500000086 0.6952413796875 0.01727586250000009 0.7333793109375 0.058965517187500094 0.7333793109375
0 0.9022413796875 0.5922758625000002 0.8550000000000001 0.5922758625000002 0.8550000000000001 0.6478275859375001 0.9022413796875 0.6478275859375001
0 0.9420157504044708 0.9481999514533527 0.9062693557135877 0.9252674684069951 0.8777705380632295 0.9696904810347107 0.9135169327541126 0.9926229640810682