0 0.6788901956221373 0.8315591114212758 0.6453201116339838 0.8206639107248309 0.6334739260513091 0.8571641511544916 0.6670440100394626 0.8680593518509365
0 0.40554383582823855 0.44661434904044717 0.3816954015625001 0.4418678156250001 0.3745399634522978 0.47781952616355267 0.3983883977180363 0.4825660595789997
0 0.3025599432242571 0.25703974322620804 0.2718078421675962 0.24728741922274403 0.2598420819282796 0.28501917095377083 0.29059418298494055 0.2947714949572348
0 0.4942009065947784 0.0979075123574308 0.38758620625000006 0.09554597656250005 0.38614135831264157 0.16077557427425604 0.4927560586574199 0.16313711006918677
0 0.6624316050208845 0.8232092531848828 0.5712753628047853 0.6623453012638376 0.42279649197149843 0.7464833306484141 0.5139527341875976 0.9073472825694593
0 0.555624421748548 0.225261688342066 0.5133099543916868 0.21148139964913035 0.49868142667452464 0.25640051363577177 0.5409958940313857 0.2701808023287074
0 0.38094490181608126 0.19284482201675468 0.3378060497601355 0.17628676991999329 0.30243875839326245 0.268429513582062 0.3455776104492082 0.28498756567882344
0 0.42169587034190836 0.34495056602386515 0.3815546312223757 0.29745225242867596 0.33126975428025923 0.33994844053827267 0.3714109933997919 0.38744675413346186
0 0.345229884375 0.38474137968750016 0.32380041255540115 0.3643556888298707 0.29254736585215785 0.3972089430208175 0.3139768376717567 0.417594633878447
0 0.3820840195117915 0.7332034231020247 0.3586370481388957 0.7063665296112445 0.33209451760059644 0.729556320706459 0.3555414889734923 0.7563932141972393
0 0.303345955883056 0.6576777987009645 0.2909631433357429 0.6191380302788586 0.2559142953051704 0.6303992114672983 0.2682971078524835 0.6689389798894043
0 0.5570937132155693 0.3402861677579473 0.5528799796792213 0.3238526136107196 0.5348701313083075 0.32847052531656096 0.5390838648446555 0.34490407946378865
0 0.661149585501708 0.14417679063384348 0.6300287359375 0.13821839062500008 0.6198465729489094 0.19140004377615932 0.6509674225131175 0.19735844378500272
0 0.8388680680334664 0.8579556437879736 0.828282993714361 0.8211776976534914 0.7944639090569446 0.8309111809533443 0.8050489833760499 0.8676891270878265
0 0.146867815625 0.4785344828125 0.1433045984375 0.44186781562500005 0.12053231767868469 0.4440807951080671 0.1240955348661847 0.48074746229556703
0 0.2657129002944606 0.2845588441868093 0.25089080468749997 0.24801724062499994 0.2210372201508113 0.2601265254150015 0.2358593157577719 0.29666812897681083
0 0.13741379375 0.09554597656250002 0.031034482812500014 0.09554597656250001 0.03103448281250002 0.1617241375 0.13741379375 0.1617241375
0 0.07399425312500009 0.7010904828125 8.585882156890005e-17 0.7010904828125 9.824966278882295e-17 0.9034482765625 0.0739942531250001 0.9034482765625
0 1 0.6924712640625001 0.86451149375 0.6924712640625001 0.86451149375 0.9034482765625 1 0.9034482765625
0 0.018965517187500027 0.2245545984375 2.7500007021030364e-17 0.2245545984375 2.9835170043580654e-17 0.2626907046875 0.01896551718750003 0.2626907046875
0 0.9704369369694316 0.2599838412386416 0.9650108166014976 0.21556023673104613 0.9186084912907356 0.22122804791564246 0.9240346116586696 0.26565165242323785
0 0.21994443773534966 0.27018165181720005 0.18988860953325662 0.17663469153420538 0.14514594410318135 0.191010122455765 0.17520177230527442 0.2845570827387597
0 0.1934648337237462 0.33841506634691 0.14104568299443682 0.29766569962396916 0.10316640224383007 0.34639283054318526 0.15558555297313945 0.3871421972661261
0 0.23283973092437188 0.396258405291455 0.19922969490415632 0.36428543788517154 0.1783980725392706 0.3861836736399717 0.21200810855948618 0.4181566410462552
0 0.19277631241596485 0.7291481336497314 0.1656133321645396 0.7063208538505548 0.1426421056250789 0.7336551213730866 0.1698050858765041 0.7564824011722633
0 0.26556484672445524 0.6276032816238454 0.22748048807441562 0.6219593975337483 0.221536360949962 0.6620697657934955 0.25962071960000166 0.6677136498835926
0 0.9384340345140474 0.32855075677155626 0.9204546831620964 0.323860492310322 0.9161794321786406 0.34024895828801693 0.9341587835305916 0.3449392227492512
0 0.8485141717407677 0.1938149913465214 0.8432471265625001 0.13821839062500002 0.8129803578572078 0.14108576805639111 0.8182474030354754 0.19668236877791248