0 0.9300296734375 0.5120706609375002 0.8917500549431138 0.5071737362479942 0.8851335312500002 0.5588955859375001 0.9234131497443862 0.5637925106270061
0 0.7817210687499999 0.27399944375 0.758464826792842 0.24797055911898305 0.7171148732157248 0.2849158427505667 0.7403711151728827 0.31094472738158363
0 0.4417142956204542 0.5740003564073599 0.42584569687500007 0.5711211046875001 0.42220226464082095 0.5912013789412763 0.4380708633862751 0.5940806306611361
0 0.1896855448111266 0.6287185739215442 0.1724629078125001 0.620260571875 0.1625103005013735 0.6405266042034561 0.1797329375 0.6489846062500002
0 0.307256862492602 0.597611695400831 0.2808902078125001 0.5904089390625 0.2720156635352568 0.6228953974973231 0.29838231821535866 0.6300981538356542
0 0.12913069156338514 0.3308101781953551 0.1120771515625 0.3288362390625 0.10978295941958438 0.34865655511365407 0.1268364994204695 0.35063049424650916
0 0.137804938447104 0.5830878137673592 0.08445436613555102 0.5535580830649657 0.04527192730404552 0.6243479442150981 0.09862249961559852 0.6538776749174916
0 0.923248296875 0.974978671875 0.8851335312499999 0.974978671875 0.8851335312499999 1 0.923248296875 1
0 0.78172106875 0.19162555625 0.7403711151728829 0.15468027261841638 0.7171148732157248 0.18070915724943348 0.7584648267928419 0.2176544408810171
0 0.4417142953392287 0.9598739017687657 0.43807086347991825 0.9397936274009193 0.4222022650156895 0.9426728787571536 0.425845696875 0.962753153125
0 0.18968554542936258 0.9051556851498412 0.17973293749999994 0.8848896515624999 0.16251029988313728 0.8933476539126586 0.1724629078124999 0.9136136874999998
0 0.307256862492602 0.9362625624116688 0.29838231821535854 0.9037761039768457 0.27201566353525664 0.9109788603151767 0.28089020781250007 0.9434653187499998
0 0.12913069156338514 0.13481482180464496 0.12683649942046948 0.11499450575349086 0.10978295941958441 0.1169684448863459 0.11207715156250002 0.1367887609375
0 0.137804938447104 0.9507864440451408 0.09862249961559848 0.8799965828950084 0.04527192730404548 0.9095263135974019 0.08445436613555102 0.9803161747475343