0 0.4303127560550172 0.27651044118549406 0.40771100052213144 0.18404871506151474 0.2950755963867709 0.21158181416461477 0.3176773519196567 0.3040435402885941
0 0.4667960237827942 0.4695683008999506 0.4008125555759087 0.4576189523477793 0.38470254384154495 0.5465773120814397 0.4506860120484304 0.5585266606336109
0 0.4092334700663498 0.5054656309281356 0.3320117084968612 0.49122346964635283 0.2975859031437199 0.6778820308170024 0.3748076647132085 0.6921241920987852
0 0.6728971916677073 0.861178930943608 0.6128623760424528 0.8497628014645147 0.5910636902621399 0.9643971076092157 0.6510985058873945 0.9758132370883091
0 0.23345163281250011 0.748140703125 0.13960207502676666 0.7207386399406988 0.10217290833726325 0.8489301092644694 0.1960224661229967 0.876332172448771
0 0.5051382571869381 0.08159071902310526 0.4120693842846813 0.056089231642501146 0.387179904550042 0.1469245539691617 0.4802487774522987 0.17242604134976586
0 0.2530803423725057 0.04016450912681385 0.1713133413191006 0.024671813035363657 0.1543142359368236 0.11438930697540509 0.2360812369902287 0.12988200306685527
0 0.5060646984375 5.71103111506973e-17 0.4266174625 5.2245570991099094e-17 0.4266174625 0.05798995000000005 0.5060646984375 0.057989950000000054
0 0.5413655539095076 0.04681708826503985 0.509340154667165 0.030490414179777513 0.4939703551558889 0.060638867137976595 0.5259957543982314 0.07696554122323893
0 0.37683551514561764 0.3265823342302071 0.28358071412062946 0.3197019500799674 0.27383427874774513 0.45180240719900244 0.3670890797727333 0.45868279134924217
0 0.1329068826499713 0.8584967560682284 0.11733727096658061 0.728101257139212 0.014336399379828325 0.740399868570037 0.029906011063219006 0.8707953674990533
0 0.09273978972500703 0.11589261975513157 0.07931864758664768 0.025041801803613893 -0.0023224651749963535 0.037102419455868535 0.011098676963362983 0.1279532374073862