0 0.22631578906250013 0.55614035 0.16929824531250007 0.5552631578125 0.16781515532130217 0.6516640944183286 0.22483269907130224 0.6525412866058286
0 0.20317929144545657 0.4933504493825849 0.18430894462288078 0.4893068029489145 0.179495079837225 0.5117715014709996 0.1983654266598008 0.51581514790467
0 0.1956140343750001 0.44561403437500013 0.18177055026749384 0.44398539072171805 0.17982456093750007 0.460526315625 0.19366804504500634 0.4621549592782822
0 0.3621200890625001 0.5675438609375 0.3236842109375001 0.5675438609375 0.3236842109375001 0.6016308375 0.3621200890625001 0.6016308375
0 0.3819797718883133 0.5748815504494079 0.3702168154236383 0.5683465741183475 0.3625089435353252 0.5822207424189397 0.3742719000000002 0.5887557187500001
0 0.37977714365070314 0.45730203974274114 0.35915125476397025 0.4538643926155042 0.3546467516229914 0.4808914194850257 0.3752726405097243 0.4843290666122627
0 0.347438466094261 0.3836423775207908 0.30524499787305137 0.32958199452747516 0.2758082809717257 0.35255699230480136 0.31800174919293533 0.406617375298117
0 0.40964912287946387 0.4763157871651794 0.3986842077008931 0.46535087756696514 0.39078947232142935 0.4732456169642859 0.40175438750000014 0.4842105265625
0 0.55 0.40789473750000005 0.5359649125 0.40789473750000005 0.5359649125 0.42456140312499996 0.55 0.42456140312499996
0 0.6573366714973262 0.3716614619762211 0.5922025851372962 0.36790372536654425 0.5885049879958822 0.43199539451473684 0.6536390743559123 0.4357531311244136
0 0.8993110899527303 0.311892696097882 0.8617536820929581 0.30462352100961404 0.8545478546402279 0.3418536327242322 0.8921052625000001 0.3491228078125001
0 0.8085861720131919 0.34583075293620263 0.7976780205233565 0.336480907612457 0.7868421046874999 0.34912280781250005 0.7977502561773356 0.3584726531362456
0 0.942684543142283 0.23349884246500224 0.9172459447047829 0.20630585809000226 0.8921052625 0.22982456093750012 0.9175438609375 0.2570175453125001
0 0.3088146033075236 0.13657183338652767 0.29011379688903854 0.11085822742375832 0.26497392198849534 0.12914177484144446 0.2836747284069804 0.1548553808042138
0 0.22368421093750004 0.16491228125000001 0.20733294077251135 0.16335501610386963 0.20551941671944046 0.18239700250942917 0.22187068688442918 0.18395426765555956
0 0.9074200211030711 0.2706707942083046 0.8906501544763408 0.25003095977404854 0.8710010326939879 0.2659958723159602 0.8877708993207181 0.28663570675021627
0 0.30881460330752364 0.06869132442597234 0.28367472840698044 0.05040777700828623 0.26497392198849534 0.07612138297105558 0.29011379688903854 0.0944049303887417
0 0.2236842109375 0.0403508765625 0.22187068688442918 0.02130889015694045 0.20551941671944046 0.02286615530307085 0.2073329407725113 0.0419081417086304