0 0.8896712117705736 0.20935850843060835 0.8764754756803516 0.17890151175335195 0.8391608323977255 0.19506837778666636 0.8523565684879475 0.2255253744639228
0 0.5593379258902027 0.4814503135680134 0.5581911265625 0.44009385625 0.5111057600472974 0.4413995161194865 0.512252559375 0.4827559734374999
0 0.14491192102090897 0.6542781233525616 0.10406013644550001 0.6188914596226919 0.06783398226077093 0.6607123856655424 0.10868576683617989 0.6960990493954121
0 0.09726962500000004 0.26340443750000003 0.050853242187500036 0.26340443750000003 0.05085324218750005 0.3106058015625 0.09726962500000005 0.3106058015625
0 0.7403285444807797 0.32485766118796827 0.6747852337985007 0.31257186123373326 0.6651767462214256 0.3638320224602685 0.7307200569037046 0.37611782241450353
0 0.8507538416707009 0.24098186767665847 0.8412856285070586 0.21542957818851294 0.8135401900609731 0.2257104465877275 0.8230084032246154 0.251262736075873
0 0.3791522846660887 0.657920241626412 0.34851814996154884 0.6456580450070722 0.33242883252875 0.685853316118864 0.36306296723328985 0.6981155127382038
0 0.7205471429138856 0.4479287570287117 0.6270246173563743 0.4459503169660599 0.6258615587818122 0.5009290738754698 0.7193840843393234 0.5029075139381216
0 0.4574924736009726 0.302717358003488 0.41334700707296745 0.2727206053752964 0.3764006084719949 0.3270936911218084 0.420546075 0.35709044375000004
0 0.33982935156250005 0.5634044375 0.27327646880939593 0.5510740965954477 0.25985444396593077 0.6235193316973089 0.3264073267190349 0.6358496726018612
0 0.9178839593750002 0.6817320812500002 0.8568707117598908 0.6658023782517242 0.8358703078125002 0.7462372015625002 0.8968835554276093 0.7621669045607762
0 0.743538004627973 0.5820077998304152 0.7003071671875001 0.574564846875 0.694243565684527 0.609784009544585 0.737474403125 0.6172269625000001
0 0.2772013656250001 0.8063395906250002 0.24709933288218183 0.7988224716951553 0.23945428131968188 0.8294368060701555 0.26955631406250014 0.8369539250000001
0 0.23986504850266294 0.8766417100551486 0.19185208464602269 0.8696808775291492 0.18212427086291522 0.9367793416608393 0.23013723471955547 0.9437401741868386