0 0.599055478125 0.41132022500000015 0.5693299372010684 0.3769070509052507 0.5433467903260685 0.39935087121775076 0.57307233125 0.4337640453125002
0 0.6333532296875 0.05196629218750002 0.6091391651598539 0.024011664116782284 0.5595172614508355 0.06699374119379504 0.5837313259784815 0.09494836926451278
0 0.2877481071078461 0.30397733831213225 0.266799523166622 0.24322146579643994 0.23185584052197372 0.25527002404746074 0.25280442446319784 0.31602589656315305
0 0.6829880625 0.19617977500000008 0.6427914328125001 0.19617977500000008 0.6427914328125001 0.25764045000000013 0.6829880625 0.25764045000000013
0 0.7279037921875001 0.4420505625000001 0.6968710453736666 0.4258609572767836 0.6826856516236666 0.4530519682142836 0.7137183984375001 0.4692415734375001
0 0.7837338107258642 0.35831245816731727 0.7763588484375 0.3332865171874999 0.7488996158366357 0.3413785527701826 0.756274578125 0.36640449374999995
0 0.814126701029776 0.37847932698804404 0.7811060390625 0.3758426968750001 0.7785906829302818 0.40734454620850613 0.8116113448975577 0.40998117632155007
0 0.8591116578125 0.4869662921875002 0.835459971875 0.4869662921875002 0.835459971875 0.5141573031250002 0.8591116578125 0.5141573031250002
0 0.5449401072897683 0.6750842949823374 0.4978052285419035 0.5076870689782841 0.349188290449126 0.5495338876150061 0.39632316919699073 0.7169311136190594
0 0.44356980693400716 0.5092199383845568 0.38424567174926566 0.4129282404307357 0.2220720052178078 0.5128414491616824 0.2813961404025493 0.6091331471155035
0 0.26810042187499994 0.050786517187500005 0.26753227939670726 0.03598775462173843 0.23680194189670728 0.037167529621738415 0.23737008437499996 0.0519662921875
0 0.3874824437499999 0.2541011234375 0.3756566015624999 0.23162921406250003 0.35115327405811486 0.24452409002964232 0.3629791162456149 0.26699599940464225
0 0.31869815389881523 0.14217297007180812 0.31660617316028083 0.1212769292142452 0.2865595705089939 0.12428500688950202 0.2886515512475283 0.14518104774706492
0 0.5460217703125 0.2042696625000001 0.5151509828124999 0.2042696625000001 0.5151509828124999 0.2339044937500001 0.5460217703125 0.2339044937500001
0 0.7349262640624998 0.10674157343750004 0.7019312795475646 0.08950977122554664 0.689309035472065 0.11367849964363068 0.7223040199870002 0.13091030185558408
0 0.5443515791830843 0.7699653651761134 0.39218528440197054 0.7681518995627354 0.390792763234172 0.8849971184326277 0.5429590580152859 0.8868105840460057
0 0.2620891859375001 0.825252809375 0.20405547812500008 0.825252809375 0.20405547812500008 0.8882022468749999 0.2620891859375001 0.8882022468749999
0 0.8984375 0.6042696625000001 0.87071278125 0.6042696625000001 0.87071278125 0.6412921343750002 0.8984375 0.6412921343750002
0 0.5102352531250001 0.2832865171875001 0.47936446562499996 0.2832865171875001 0.47936446562499996 0.3166011234375001 0.5102352531250001 0.3166011234375001
0 0.8718707155310554 0.19679837104910944 0.82998244375 0.18205056250000007 0.8210866108212705 0.2073174396903728 0.8629748826023261 0.22206524823948218
0 1 0.37710181562500006 0.9838588484375 0.37710181562500006 0.9838588484375 0.40896067343750014 1 0.40896067343750014
0 0.961415028125 0.4869662921875002 0.9377633421875 0.4869662921875002 0.9377633421875 0.5141573031250002 0.961415028125 0.5141573031250002
0 0.92616221875 0.6042696625000001 0.8984375 0.6042696625000001 0.8984375 0.6412921343750002 0.92616221875 0.6412921343750002
0 0.9765862640084422 0.20471835813094869 0.9663193040123002 0.1807100677282397 0.9244682354728211 0.19860735401073742 0.9347351954689629 0.2226156444134464