0 0.6517543875000003 0.7736842109375 0.5552631578125002 0.7736842109375 0.5552631578125002 0.8307017546875001 0.6517543875000003 0.8307017546875001
0 0.51581514790467 0.8016345733401993 0.4933504493825849 0.7968207085545435 0.4893068029489143 0.8156910553771193 0.5117715014709994 0.8205049201627752
0 0.4621549592782822 0.806331954954994 0.445614034375 0.804385965625 0.44398539072171783 0.818229449732506 0.460526315625 0.8201754390625
0 0.6016308375 0.6378799109375 0.5675438609375 0.6378799109375 0.5675438609375 0.6763157890625 0.6016308375 0.6763157890625
0 0.58875571875 0.6257280999999999 0.5723833976003118 0.6196961920293402 0.5681450577351294 0.631200257036934 0.5845173788848176 0.6372321650075937
0 0.48454127161414917 0.6279407563375938 0.459232098734547 0.6168679889763338 0.4516422204850681 0.6342162754962208 0.4769513933646702 0.6452890428574809
0 0.4038516333702294 0.6732211237921114 0.3737621313736022 0.6471435569433901 0.32759818205929214 0.7004096554687301 0.35768768405591933 0.7264872223174514
0 0.4842105265625 0.5982456125000001 0.4767445762810655 0.590157501449805 0.4653410684685655 0.6006838186373051 0.47280701875000003 0.6087719296875
0 0.42456140312499996 0.45 0.40789473750000005 0.45 0.40789473750000005 0.4640350875 0.42456140312499996 0.4640350875
0 0.4357531311244137 0.34636092564408794 0.3716614619762211 0.3426633285026739 0.36790372536654414 0.4077974148627038 0.43199539451473673 0.4114950120041179
0 0.34912280781249994 0.10789473750000007 0.3251531783944763 0.09068577130186416 0.2980130925274583 0.1284880304913924 0.3219827219454819 0.14569699668952835
0 0.3578947374999999 0.2017543875 0.344795537929077 0.19167807944742762 0.33602360824157707 0.20308158725992764 0.34912280781249994 0.2131578953125
0 0.25886676303482037 0.10557136141498466 0.2553579911598204 0.06171171141498466 0.2263157890625 0.0640350875 0.22982456093749995 0.1078947375
0 0.15487142412931015 0.7146863726240793 0.1354037476935812 0.6906380687185566 0.11082552361593416 0.7105347281914348 0.1302932000516631 0.7345830320969575
0 0.18337382024452656 0.7773414328581363 0.1649122812500001 0.7763157890625001 0.16399460006797367 0.792834006204364 0.1824561390625001 0.7938596500000001
0 0.2866059377324334 0.11082995891715974 0.26985829966590236 0.0921120105930843 0.24998650476335058 0.10989203770920856 0.26673414282988167 0.12860998603328402
0 0.09359411961504746 0.7136699851168053 0.07625888891907891 0.6898340455634588 0.0478852555429603 0.7104694175888422 0.06522048623892887 0.7343053571421885
0 0.04126855774452641 0.792834006204364 0.040350876562500006 0.7763157890625001 0.02188933756797356 0.7773414328581362 0.02280701874999997 0.7938596500000001