0 0.09988912540511655 0.5750207072426591 0.08165938210071896 0.5282470247340374 0.032409381249634085 0.5474418972585846 0.050639124554031655 0.5942155797672063
0 0.2643918820342241 0.3301545792882753 0.22864059782468993 0.3237935590271346 0.2197326412596304 0.37385956633561 0.2554839254691646 0.3802205865967507
0 0.3274709139467327 0.26219346786374764 0.3106950679333941 0.22868043001569932 0.27971034554360263 0.24419066021130237 0.29648619155694134 0.2777036980593507
0 0.6103301681258382 0.5455909437199373 0.6042935193083624 0.47315116391785417 0.550302515023803 0.4776504146480357 0.5563391638412788 0.5500901944501189
0 0.7248515464447195 0.5905377035463604 0.7085100750551384 0.5489474612357299 0.6616122286749754 0.5673743751529523 0.6779537000645564 0.6089646174635827
0 0.9599344096485949 0.7617756438915437 0.9352263650881897 0.7000411327031996 0.8870246000003863 0.7193329572718937 0.9117326445607915 0.7810674684602379
0 0.043502415625 0.623029890625 0.04086364693149509 0.5914860012246199 0.01771944995234686 0.593422103068299 0.020358218645851765 0.6249659924686791
0 0.26439188203422404 0.08547042071172473 0.2554839254691645 0.03540441340324929 0.21973264125963038 0.04176543366438997 0.22864059782468993 0.09183144097286541
0 0.3274709139467328 0.15343153213625244 0.2964861915569414 0.1379213019406494 0.2797103455436027 0.1714343397886977 0.3106950679333941 0.1869445699843008
0 0.7195534421875002 0.9746482484375001 0.6689361328125002 0.9746482484375001 0.6689361328125002 1 0.7195534421875002 1
0 0.9599344096485949 0.8181005639209566 0.9117326445607915 0.7988087393522625 0.8870246000003863 0.8605432505406064 0.9352263650881897 0.8798350751093007
0 0.043502415625000124 0.9568463171874999 0.020358218645851876 0.9549102153438207 0.017719449952346956 0.9864541047442008 0.040863646931495204 0.98839020658788