0 0.5310883203125 0.7208880312500001 0.5124937259375001 0.7115907340625002 0.5055361971875001 0.7255057915625002 0.5241307915625001 0.7348030887500001
0 0.735637362786487 0.21621550700677689 0.727471681404978 0.20476828728821603 0.7154191933832376 0.21336572661930608 0.7235848747647464 0.22481294633786691
0 0.619419549734989 0.08166826597932178 0.6152960258777711 0.06923326283999318 0.59292927819205 0.07665021454133587 0.5970528020492679 0.08908521768066446
0 0.5228752276512336 0.39932206264656755 0.519285167767428 0.38390592244171506 0.49958252968749994 0.38849420781249994 0.5031725895713057 0.40391034801735237
0 0.42059351410885243 0.4259007986038079 0.41706593004719145 0.41519354222690064 0.4008932681372174 0.42052174418452815 0.4044208521988784 0.4312290005614354
0 0.4639454640625 0.47305019375000007 0.4464156374067187 0.46209405183235697 0.4380906191119638 0.4754140807905668 0.4556204457677451 0.4863702227082099
0 0.5698482108319268 0.5322164725935596 0.5533943646671713 0.5308719946494274 0.5516950273462536 0.5516686428818774 0.5681488735110093 0.5530131208260096
0 0.5038022738941066 0.9415846467002092 0.48411798693020514 0.9336741372546087 0.4784998155525907 0.9476542352963151 0.49818410251649237 0.9555647447419157
0 0.723201893251508 0.9355610950037259 0.7153528859895325 0.9210586230580642 0.6997238717753309 0.9295173359260787 0.7075728790373063 0.9440198078717403
0 0.35562762923358315 0.17492816703981964 0.3404480043652705 0.17258865571305598 0.3387942732530202 0.18331868194966447 0.35397389812133284 0.18565819327642813
0 0.31403103944220184 0.3662990535930827 0.30726592656249996 0.35617760625 0.2952239522033683 0.36422638752333014 0.3019890650830702 0.3743478348664129
0 0.47429874860943677 0.5361473154893222 0.47029840071781714 0.5248284989148788 0.4495814337284211 0.532150384084739 0.45358178162004065 0.5434692006591824
0 0.5327485515625 0.3603088796875001 0.5136751937499999 0.3603088796875001 0.5136751937499999 0.3702702703125001 0.5327485515625 0.3702702703125001
0 0.78442405607812 0.24965383028323176 0.7819823797565102 0.23709663911647114 0.7706250000000001 0.23930501875000001 0.77306667632161 0.25186220991676056
0 0.6701266078549734 0.7887949340319054 0.669228731265966 0.7768660031952571 0.6557096070395418 0.7778835717697596 0.6566074836285491 0.7898125026064079
0 0.5852505975272154 0.6632870699083324 0.5724972528462556 0.6622490067133151 0.5713851693815404 0.6759117430549828 0.5841385140625002 0.6769498062500001
0 0.43989140937500004 0.2832432437500001 0.42830839843749996 0.2832432437500001 0.42830839843749996 0.2956756750000001 0.43989140937500004 0.2956756750000001
0 0.3531056143091797 0.06408597606460435 0.34209218125 0.06274131250000005 0.34056753265872913 0.0752289083869874 0.35158096571790887 0.07657357195159169
0 0.9658308063589821 0.21336572748930135 0.9537783197917292 0.204768286876228 0.945612636864043 0.21621550567396314 0.9576651234312961 0.22481294628703652
0 0.9801128252031674 0.9268876685021572 0.9633928817988234 0.922094618330233 0.9585925360976848 0.9388400112565289 0.9753124795020287 0.9436330614284533
0 0.02690347810975413 0.3644808989291787 0.014940630229541596 0.35613472640842153 0.008062032150206355 0.36599405081701225 0.02002488003041889 0.3743402233377694
0 0.9106249999999999 0.2393050187500001 0.8985000315169742 0.2384188090084786 0.8976183353495475 0.25048202355100574 0.9097433038325733 0.2513682332925272