0 0.16671162750556517 0.4777037800389555 0.14985581529066785 0.472085174243579 0.14612558160402409 0.48327587187029125 0.1629813938189214 0.48889447766566774
0 0.8750544057059317 0.4973165467867212 0.8709734884982472 0.3585651606549734 0.7407550806596263 0.3623951082765511 0.7448359978673106 0.5011464944082988
0 0.7481576779365832 0.5311444117730265 0.7425803381111973 0.5042577867585153 0.6740214327672627 0.5184795908322217 0.6795987725926487 0.5453662158467331
0 0.5445577631144652 0.5559217134009309 0.5386888175726077 0.466553717304918 0.467239793096326 0.47124589405709266 0.47310873863818365 0.5606138901531056
0 0.2622671401062238 0.5855618818356745 0.2509973224046172 0.5377396888316546 0.2144579931714195 0.5463505774908699 0.22572781087302607 0.5941727704948898
0 0.21598211151987368 0.4480280258295596 0.19310879117495428 0.44673156288240257 0.1920626968258137 0.4651876639313163 0.21493601717073307 0.4664841268784733
0 0.16671162750556506 0.9566712199610448 0.16298139381892138 0.9454805223343324 0.14612558160402406 0.9510991281297088 0.14985581529066774 0.9622898257564211
0 0.16671162773159245 0.09155494259760272 0.16298139582491436 0.08036424516095891 0.14612558224486305 0.08598284882577059 0.14985581415154117 0.0971735462624144
0 0.8399095593749999 0.9341177328124999 0.7513968140625001 0.9341177328124999 0.7513968140625001 1 0.8399095593749999 1
0 0.8750544140123149 0.07194218035608224 0.7448360061451886 0.06811222415616715 0.7407550799920888 0.20686360368676388 0.8709734878592149 0.21069355988667898
0 0.7481576779365834 0.9032305882269736 0.6795987725926488 0.889008784153267 0.6740214327672628 0.9158954091677783 0.7425803381111973 0.9301172132414848
0 0.748157677936583 0.038114310101973636 0.6795987722818968 0.023892505963805034 0.6740214324565108 0.0507791309783162 0.7425803381111971 0.0650009351164848
0 0.5445577631144654 0.8784532865990693 0.4731087386381837 0.8737611098468946 0.46723979309632613 0.9631291059429076 0.5386888175726078 0.9678212826950823
0 0.544557763012294 0.013337008467359485 0.4731087385360124 0.008644831715184792 0.46723979309632613 0.09801282625540739 0.5386888175726077 0.10270500300758209
0 0.2622671401062239 0.8488131181643256 0.22572781087302615 0.8402022295051103 0.2144579931714195 0.8880244225091303 0.25099732240461725 0.8966353111683457
0 0.25599631562499997 2.9272103756103777e-17 0.2220534171875 2.7193700659840372e-17 0.2220534171875 0.029047965625000026 0.25599631562499997 0.029047965625000033
0 0.2159821115198736 0.9863469741704403 0.21493601717073302 0.9678908731215264 0.19206269682581362 0.9691873360686835 0.19310879117495422 0.9876434371175973
0 0.21598211143159451 0.12123069448794407 0.21493601708245397 0.10277459343903031 0.19206269682581364 0.10407105638118366 0.19310879117495422 0.12252715743009743