0 0.5562053578124999 0.8927551015624999 0.4230395142258205 0.8381758632041694 0.3873443525991832 0.9252671538294903 0.5205101961858626 0.9798463921878209
0 0.6385012816412505 0.040715477480723794 0.5937374628313857 0.03396261408025484 0.5847068436901353 0.09382536784953113 0.6294706625 0.10057823125000007
0 0.5032114276389037 0.11130389878963494 0.4561931485490037 0.10516604478651856 0.4492300503927609 0.15850600567095235 0.4962483294826609 0.16464385967406875
0 0.6619767118723002 0.709056405965398 0.6478398919871653 0.6878797896267347 0.6313573617574885 0.6988829903922326 0.6454941816426234 0.7200596067308959
0 0.5446361768140421 0.4565920666589479 0.4067367170988829 0.4123180158333232 0.3390955333508103 0.6229985955275217 0.4769949930659695 0.6672726463531464
0 0.5674638609375 0.29319727968750003 0.4572167485376398 0.27294780668812435 0.43346265405715423 0.4022756328605753 0.5437097664570144 0.422525105859951
0 0.7040618903443784 0.2576922309282371 0.6768405207200527 0.09030845255863015 0.5125941052017036 0.11701959762803434 0.5398154748260292 0.2844033759976413
0 0.5195483746968985 0.7289895263294073 0.39991908296309064 0.6294988338884379 0.24775427459858448 0.8124643737278259 0.3673835663323924 0.9119550661687953
0 0.1282495249120665 0.9415224586258072 0.11804320752971871 0.8477716623523571 -0.006509849779035482 0.8613313128765727 0.0036964676033123256 0.9550821091500227
0 1.0098686514123867 0.9477448725455956 1.0000000000000002 0.8570957125000002 0.9079045486154642 0.8671218165027647 0.9177732000278509 0.9577709765483601
0 0.8837897308858003 0.08854712032394048 0.8688854668951155 0.031116019063136012 0.8225255828843151 0.04314712998919552 0.8374298468749999 0.10057823124999998
0 0.07858098931226908 0.15874418400306828 0.07198952420911184 0.10532142791670482 0.02494198171170884 0.11112629942239072 0.03153344681486608 0.16454905550875418
0 1 0.10812925156250013 0.9646067171875 0.10812925156250013 0.9646067171875 0.16214285781250012 1 0.16214285781250012
0 0.8336777948691438 0.696827352788456 0.8151268921860628 0.6888769642835737 0.805290507781196 0.7118285231584636 0.8238414104642772 0.7197789116633461
0 0.18381407789380444 0.6322088557101082 0.13271752483806196 0.4164678490894665 -0.009266952539041995 0.4500957508733313 0.04182960051670048 0.6658367574939731
0 1.0438922887116937 0.6508476885495793 0.9927957316836146 0.4351066832089744 0.929508557048264 0.45009575180442224 0.9806051140763428 0.6658367571450271
0 0.07453869062500004 0.2819727890625 3.4776574527938444e-17 0.2819727890625 4.311375332713103e-17 0.41812925156249997 0.07453869062500004 0.41812925156249997
0 1 0.28234668125000006 0.89943665 0.28234668125000006 0.89943665 0.41812925156250014 1 0.41812925156250014
0 0.958537378512972 0.11953340883976216 0.798791620837266 0.08487159265532335 0.7623725430926642 0.25271603384688773 0.9221183007683702 0.28737785003132654
0 0.2743638630677589 0.824101384218402 0.14733187453530777 0.6349144714282391 0.012204713858035588 0.725647343340035 0.13923670239048672 0.9148342561301979