0 0.7259633442302487 0.12226775741595346 0.6183158930807314 0.09630506561074757 0.6033734301004829 0.15826004569479418 0.7110208812500001 0.1842227375000001
0 0.2814459105728189 0.3378383680101703 0.2778643773656941 0.3257385946307795 0.26220715207834405 0.3303731336869896 0.26578868528546884 0.34247290706638045
0 0.675052710979055 0.9255908459539832 0.6458427026610838 0.9210531058231144 0.6404718001432708 0.9556262860176126 0.6696818084612419 0.9601640261484816
0 0.28535813925783265 0.1740647572906554 0.25560181601993764 0.163375168979008 0.24898966193217742 0.18178124679958957 0.27874598517007243 0.19247083511123703
0 0.3312571483308342 0.7956248592337751 0.30728538281250006 0.789095128125 0.3023522598982402 0.8072054704658719 0.32632402541657435 0.8137352015746471
0 0.6141923970454117 0.10063894264886844 0.5484026399787761 0.001954309273076049 0.42067642352280793 0.08710512216285633 0.4864661805894436 0.1857897555386487
0 0.8207939511978422 0.948289102609637 0.8095352665185122 0.9215611727259633 0.7769288554857774 0.9352960673451843 0.7881875401651074 0.962023997228858
0 0.4035962875000001 0.9486078890625 0.3698656230706023 0.9278118310307978 0.3535591068172528 0.954260575639789 0.3872897712466506 0.9750566336714911
0 0.25331681433993347 0.21659945820249699 0.24068112613838766 0.20167200295165433 0.22608519713415293 0.21402706312837122 0.23872088533569874 0.22895451837921388
0 0.18164733125000004 0.3056380515625 0.18096281425166302 0.2822564274869173 0.1605446277088268 0.28285418732253037 0.16122914470716382 0.30623581139811307
0 1 0.11670533593750014 0.9781902546874999 0.11670533593750014 0.9781902546874999 0.18422273750000012 1 0.18422273750000012
0 0.040950487721693477 0.3312427401360588 0.026281733161027842 0.32523861638947255 0.021343711222900928 0.3373027634461932 0.03601246578356656 0.34330688719277946
0 0.05409942641972922 0.18194335169076514 0.04788839639300128 0.1635715664851856 0.01791954409521857 0.17370326786342577 0.024130574121946517 0.19207505306900535
0 0.9212550182851841 0.9307192166527998 0.8880046406250001 0.9274013921875 0.8849292757381907 0.9582219027355295 0.9181796533983746 0.9615397272008293
0 0.0769414456878113 0.21375796855893517 0.06195944202437252 0.20176697648677214 0.04979782857468741 0.21696216101862556 0.0647798322381262 0.2289531530907886
0 0.14315749532149802 0.2833530757702961 0.1230242551621837 0.2821338800602041 0.12160092812500004 0.30563805156249996 0.14173416828431437 0.3068572472725919