0 0.3174256709806934 0.29602577430806126 0.2947836180862723 0.2846307541305421 0.2839453662008754 0.30616650120682715 0.3065874190952965 0.3175615213843463
0 0.7671753640625 8.979938154314404e-17 0.6724180828125 8.399717148420814e-17 0.6724180828125 0.06242718437500009 0.7671753640625 0.06242718437500009
0 0.4341339899662879 0.6950042244305641 0.39894936919775736 0.6791026027943478 0.37150530579396945 0.7398265330512839 0.4066899265625 0.7557281546875002
0 0.5196643862557802 0.781722382364605 0.5053792468749999 0.7539320390625 0.4725151703125 0.7708252421874999 0.4868003096932802 0.798615585489605
0 0.5863258486251363 0.43730582574884014 0.5556462386565227 0.4066262136241131 0.5360831313438181 0.42618931956195427 0.5667627413124317 0.4568689316866813
0 0.7907300725186388 0.4480823178365142 0.7486840518656943 0.31390815039251996 0.6568227959928512 0.34269461752858166 0.6988688166457957 0.476868784972576
0 0.21500441348078345 0.22328087189963783 0.17008798593750002 0.2167475734375 0.1652201021442165 0.2502142749753621 0.21013652968749996 0.2567475734375
0 0.5254064100669023 0.51882925428479 0.5062247299785929 0.4876855687967647 0.4726690230616114 0.5083528348936464 0.4918507031499207 0.5394965203816715
0 0.5409054523687163 0.6516415935241735 0.46674047142931496 0.6424315535236005 0.45680494389502824 0.7224386121419588 0.5309699248344296 0.7316486521425318
0 0.44224959303015954 0.409404532204085 0.4296586323699717 0.306891565360493 0.3532944520816204 0.31627085092272944 0.3658854127418082 0.4187838177663214
0 0.6662960509495696 0.1940635718923372 0.5776089253820377 0.1890782002288453 0.5724597867781743 0.2806786530636087 0.6611469123457062 0.2856640247271006
0 0.7220888049567271 0.2793592291569368 0.7203048895627202 0.21823662634708194 0.6702557288539062 0.21969735387079897 0.6720396442479131 0.2808199566806538
0 0.8259903078483732 0.5954417803703954 0.7921508550504635 0.5337250662011425 0.7535330103038185 0.5548993421173438 0.7873724631017283 0.616616056286597
0 0.2786917090067714 0.2883084869611139 0.2729815095168866 0.27568593909108985 0.25894089269761517 0.282037645879976 0.26465109218749994 0.29466019375
0 0.08141395424037122 0.25065042237030116 0.07678701406249999 0.21674757343749995 0.032111530134628766 0.22284472450469872 0.03673847031249999 0.25674757343749993
0 0.9972759482347294 0.557343699008509 0.9638272626211293 0.53223197273124 0.9217615557987809 0.5882632701051785 0.9552102414123811 0.6133749963824475