0 0.47500521688122016 0.7799268696197844 0.39861529470274576 0.722666522836603 0.289401852322319 0.8683660659405682 0.36579177450079337 0.9256264127237493
0 0.6182471254953427 0.6925509950040556 0.5419951227703808 0.6806111781130564 0.5280180809544184 0.7698736383641096 0.6042700836793803 0.7818134552551088
0 0.5459863466153226 0.5529488281361818 0.5432553912555657 0.4641099914964382 0.46935898746991384 0.466381608140897 0.47208994282967087 0.5552204447806406
0 0.4862881118676271 0.20448671786013595 0.4291866921914266 0.16467288579261027 0.3894244093297414 0.2217003730517635 0.44652582900594207 0.26151420511928913
0 0.6541377107304269 0.35996853348057156 0.6521422563191017 0.33810169085255837 0.633160800812347 0.33983383983120447 0.6351562552236723 0.3617006824592176
0 0.40108774439329864 0.1732179110969309 0.3883036765625 0.1597647062500001 0.3805724668924027 0.16711138014378232 0.39335653472320137 0.1805645849907131
0 0.634439907276131 0.7246768691138881 0.6252411928045423 0.7231508154179893 0.6231284917784115 0.7358857103666014 0.63232720625 0.7374117640625002
0 1 0.7497176468750002 0.8982095593749999 0.7497176468750002 0.8982095593749999 0.8976657890625 1 0.8976657890625
0 0.3567948211998518 0.8763624543895914 0.25676537818914114 0.7238047273165882 0.17710407088346963 0.7760372582553733 0.2771335138941803 0.9285949853283764
0 0.8197933929783211 0.7719662677289334 0.8132749215385668 0.6812467664389608 0.7378494162147463 0.6866663178616569 0.7443678876545006 0.7773858191516296
0 0.11861692344946859 0.7719662671388665 0.11209844877251551 0.6812467660916556 0.03667294286390852 0.6866663202623269 0.0431914175408616 0.7773858213095377
0 0.8841871447426695 0.5522591301653168 0.8814752933157927 0.46404175046966634 0.806242034429116 0.46635446278513404 0.8089538858559928 0.5545718424807845
0 0.1830106744301696 0.5522591301653168 0.18029882300329284 0.46404175046966645 0.10506556411661627 0.46635446278513415 0.10777741554349304 0.5545718424807845
0 0.9606303220298134 0.20588421063933787 0.9082517774778391 0.16023944125629158 0.8620108243390666 0.21330212197178566 0.9143893688910409 0.25894689135483195
0 0.25945385015481354 0.20588421063933798 0.20707530649092218 0.16023944203020252 0.16083435402656676 0.21330212197178544 0.21321289769045815 0.2589468905809209
0 0.720134819178432 0.3400959319532192 0.7011426115683089 0.33809015362677614 0.6988408249430937 0.35988518894247484 0.717833032553217 0.3618909672689179
0 0.01895834886593211 0.34009593195321913 0.0006983060083742054 0.3381674779811759 -0.0016034806168408855 0.35996251329687456 0.016656562240717022 0.3618909672689178
0 0.9723690287077412 0.1677074695760979 0.9648213234374999 0.1597647062500001 0.9515323186398816 0.17239274103201113 0.9590800239101229 0.1803355043581089
0 0.2711925583952413 0.16770746957609797 0.26364485312499997 0.1597647062500001 0.25035584832738167 0.17239274103201124 0.25790355359762296 0.1803355043581091
0 0.7306347272750326 0.7342639477383901 0.7270131806071719 0.7229466057585899 0.7171762470821393 0.7260944220826997 0.7207977937500001 0.7374117640625
0 0.029458255545170297 0.7342639481919458 0.0258367087321719 0.7229466057585899 0.015999776624501628 0.7260944216291442 0.019621323437500025 0.7374117640625