0 1 0.6933611421875001 0.9756108593749999 0.6933611421875001 0.9756108593749999 0.7631348984375002 1 0.7631348984375002
0 1.0190319607823644 0.57743677019371 0.966279674009724 0.46538016570445234 0.9168311781496102 0.48865876892447496 0.9695834649222504 0.6007153734137326
0 0.8264253390625003 0.561913178125 0.7784309188017663 0.5299349964720783 0.7530307147291903 0.5680568660079666 0.8010251349899242 0.6000350476608882
0 0.619682331262313 0.6973161890603867 0.5953880462162984 0.6858964221384556 0.5829079755200878 0.7124463856325336 0.6072022605661024 0.7238661525544648
0 0.08438098630374266 0.5133044102547035 0.024745195415778777 0.5045627677585135 0.01729920693268089 0.5553595616477335 0.07693499782064477 0.5641012041439235
0 0.23928190215317371 0.4102280869620385 0.2006334843750001 0.4056235859375 0.19601221503432648 0.4444127505379615 0.2346606328125001 0.4490172515625
0 0.9382295446469502 0.6445509331076154 0.9206200778199578 0.5689540442172718 0.8706158917405838 0.5806019713859778 0.8882253585675762 0.6561988602763213
0 0.7040723984375001 0.5689267531250002 0.6845248875000001 0.5621394234375001 0.6755857244067736 0.5878842150392332 0.6951332353442735 0.5946715447267332
0 0.7567873296875001 0.6505557125000002 0.728088505587241 0.6487356290579124 0.7255545696497411 0.6886903806204124 0.7542533937500001 0.6905104640625002
0 0.41665158437499994 0.49236566718750013 0.41458217703902883 0.44818101540322974 0.37837104062499993 0.4498769796875 0.380440447960971 0.4940616314717704
0 0.6043438906249999 0.5015059390625 0.5755963544331988 0.49114277360930475 0.5674171033805493 0.5138321069717643 0.5961646395723504 0.5241952724249594
0 0.9717881676147755 0.4271137442827643 0.9314753184867086 0.3563422970733071 0.845147652988303 0.40551628308090704 0.8854605021163696 0.47628773029036414
0 0.6368326345273185 0.173011742008009 0.629854146701845 0.13350639833355896 0.5536830233366027 0.14696177443248323 0.5606615111620762 0.18646711810693328
0 1 0.9539041296875 0.9756108593749999 0.9539041296875 0.9756108593749999 1 1 1
0 0.6368326345273185 0.10511325799199112 0.5606615111620761 0.09165788189306685 0.5536830233366027 0.1311632255675168 0.6298541467018451 0.14461860166644108