0 0.024389140625000087 0.6933611421875 8.491225034330747e-17 0.6933611421875 8.918466070610998e-17 0.7631348984375 0.02438914062500009 0.7631348984375
0 0.08360046563307504 0.48922611697881174 0.0349935892611611 0.465276612381742 -0.019773714796812624 0.5764299586557466 0.028833161575101317 0.6003794632528163
0 0.246289702109756 0.5567653226792008 0.19830641137964816 0.5247945565164575 0.17250531594446378 0.5635181034317773 0.22048860667457162 0.5954888695945206
0 0.4157112985926343 0.709114533290723 0.3981351684468127 0.6853814956929305 0.37819651745421323 0.7001475922506943 0.39577264760003483 0.7238806298484869
0 0.9802215395959083 0.5569763612645718 0.9782290761637453 0.50611873005154 0.9164541527703968 0.5085389032477777 0.9184466162025597 0.5593965344608096
0 0.801751095210731 0.4469144456655728 0.7993665156250002 0.40562358593750003 0.7629547876017692 0.4077263918344271 0.7653393671875001 0.4490172515625
0 0.12918552031250008 0.5805557125 0.07880301765836317 0.5692030757969972 0.06177899377616958 0.6447549454522506 0.11216149643030648 0.6561075821552534
0 0.31547511250000004 0.5621394234375 0.2966429443897646 0.5605342466703165 0.2941090084522645 0.5902627529203166 0.31294117656250003 0.5918679296875001
0 0.2720814484375001 0.6505557125 0.24321267031250007 0.6505557125 0.24321267031250007 0.6905104640624999 0.2720814484375001 0.6905104640624999
0 0.6216289593750002 0.4498769796875 0.5861231507408015 0.44767262719654877 0.583348415625 0.49236566718750013 0.6188542242591988 0.4945700196784514
0 0.43052865432823867 0.5160087967885678 0.4281311012908763 0.49245283835171383 0.39507709408910285 0.4958171139160495 0.3974746471264653 0.5193730723529034
0 0.15303479968808292 0.40221494864580787 0.06491485619355655 0.35820007367570567 0.028373981564043204 0.4313567010608911 0.11649392505856959 0.4753715760309933
0 0.4464118683736406 0.14561010685157522 0.3676223477161385 0.13921591033262692 0.36448835969948334 0.1778330239679191 0.4432778803569855 0.18422722048686743
0 0.024389140625000118 0.9539041296875 1.1681956391152385e-16 0.9539041296875 1.1964212191312959e-16 1 0.02438914062500012 1
0 0.44641186837364055 0.13251489314842485 0.4432778803569854 0.09389777951313263 0.36448835969948334 0.10029197603208091 0.36762234771613844 0.13890908966737311