0 0.736890053423563 0.42962797135098885 0.7362634541876332 0.4079476619666895 0.7202019029476827 0.4084118691676296 0.7208285021836125 0.43009217855192894
0 0.709849787102 0.43597628593123866 0.7085204078124999 0.42085459218750004 0.6944093488670091 0.42209512448718484 0.6957387281565092 0.4372168182309234
0 0.9014036492697904 0.37983820087995995 0.8835010272539607 0.1965550081648822 0.7209496352182276 0.21243260221294397 0.7388522572340575 0.3957157949280217
0 0.6162591823666478 0.5022856583076961 0.6061479593749999 0.4959821421875 0.596493861286824 0.5114679023079564 0.6066050842784719 0.5177714184281526
0 0.4945109497672863 0.5223787508268675 0.4911032117268551 0.4950013195264703 0.4574031332578013 0.4991960534335497 0.4608108712982325 0.5265734847339469
0 0.3939815408294286 0.5205280187202909 0.38522840388087914 0.5103219335308242 0.37464285781250006 0.5194005109375002 0.3833959947610496 0.5296065961269668
0 0.38843325102925935 0.5432944769305069 0.38098667539650377 0.5347246756455231 0.37140546499224436 0.5430500971525163 0.378852040625 0.5516198984375003
0 0.4513422909961962 0.5265069024935451 0.4399236534820627 0.5157305628387154 0.41758983909389424 0.5393955306269326 0.42900847660802777 0.5501718702817623
0 0.27021947627329157 0.6276955175283 0.20741597378583454 0.47368469364027765 0.033291694244644066 0.5446901875868775 0.0960951967321011 0.6987010114748998
0 0.6409732892937082 0.8448916268453239 0.620810308604207 0.8377905274235697 0.6133776985708439 0.8588948048987148 0.6335406792603451 0.8659959043204692
0 1 0.44899234687500017 0.9743112249999999 0.44899234687500017 0.9743112249999999 0.48613520468750016 1 0.48613520468750016
0 0.8904114109375 9.908857253971208e-17 0.727827784375 8.913319664653538e-17 0.727827784375 0.06455357187500009 0.8904114109375 0.0645535718750001
0 0.6409732892937082 0.8830420465921763 0.633540679260345 0.861937769117031 0.6133776985708439 0.8690388685387852 0.6208103086042072 0.8901431460139305