0 0.5363231203125 0.7128969359375 0.4974084384183409 0.6667036623190756 0.46991602960727796 0.6898641413148741 0.508830711501437 0.7360574149332985
0 0.3946439681750175 0.29353477741928186 0.3700818419200016 0.2831375350436189 0.3583552792079728 0.3108400068590697 0.3829174054629887 0.3212372492347327
0 0.8461398919581926 0.825071615960135 0.8416434546874999 0.7995543171875001 0.8096126141995409 0.8051985143364602 0.8141090514702334 0.830715813109095
0 0.4358495828125 0.6620891359375 0.42341045445038017 0.6398704225019417 0.38408881495071306 0.6618846098924037 0.3965279433128329 0.6841033233279621
0 0.4277375248596659 0.33107012763198257 0.3905651201064522 0.3135463889869765 0.353387711705347 0.3924093360302576 0.3905601164585607 0.4099330746752637
0 0.3501254095246846 0.7653168551649636 0.3205203652837413 0.6607929255853046 0.23385752268076346 0.6853390491344749 0.2634625669217069 0.7898629787141338
0 0.7123443387897876 0.2850976265298836 0.4833369448225818 0.2127695371333796 0.423481734137365 0.4022849236001223 0.6524891281045708 0.4746130129966263
0 0.6780287622464043 0.6375003366315667 0.5965182583868394 0.5345636383298323 0.5024261436154633 0.6090705519064227 0.5839366474750282 0.712007250208157
0 0.5363231203125002 0.9776323124999999 0.48359869062500016 0.9776323124999999 0.48359869062500016 1 0.5363231203125002 1
0 0.39358362890612636 0.008585377731900379 0.38578087639183456 -0.009847608912658234 0.36251718281249995 0 0.37031993532679175 0.018432986644558613
0 0.8461398919581928 0.8749283840398652 0.8141090514702334 0.8692841868909053 0.8096126141995409 0.8948014856635403 0.8416434546875001 0.9004456828125005
0 0.34364902500000005 0.9291643453124999 0.24434540312500008 0.9291643453124999 0.24434540312500008 1 0.34364902500000005 1
0 0.71125348125 7.213135108111153e-17 0.4653760453125 5.707570033594064e-17 0.4653760453125 0.06395543125000007 0.71125348125 0.06395543125000008