0 0.2843105671875001 0.921168384375 0.2421799828125001 0.921168384375 0.2421799828125001 0.951890034375 0.2843105671875001 0.951890034375
0 0.5327265772924598 0.6711980549363334 0.5216066531553395 0.644961367292596 0.4886697634433461 0.658921045430453 0.4997896875804665 0.6851577330741906
0 0.6252348328382261 0.35321473016879235 0.5449850324936764 0.28243771358241804 0.3849972478581862 0.463838235867736 0.46524704820273605 0.5346152524541103
0 0.6796858117813211 0.08319960610008588 0.6045408851937186 0.06073484625897903 0.5856521305930265 0.1239179867794928 0.6607970571806291 0.14638274662059964
0 0.7167675143350154 0.8012510463467306 0.6775607563630368 0.7975741633419366 0.6726597111302814 0.8498342145863816 0.71186646910226 0.8535110975911755
0 0.6006510068493298 0.9225131995672708 0.5699318491598422 0.9140468388604001 0.5631066612049265 0.9388112012950524 0.5938258188944141 0.9472775620019231
0 0.26080298707073146 0.42088255432001515 0.2524423633900708 0.38325975369683996 0.22188930082935504 0.39004932422669775 0.23024992451001564 0.42767212484987294
0 0.2353840050374502 0.6905256298831677 0.22043645489838726 0.6099125401757124 0.1319719297551147 0.626315929872177 0.1469194798941776 0.7069290195796324
0 0.38408102321530924 0.7330211965159851 0.36125214843750003 0.7198281781250001 0.34680550825760226 0.7448262892359729 0.36963438303541146 0.7580193076269579
0 0.30498873154504 0.5116768015847756 0.30323570702446834 0.4883031235976212 0.27702489579192824 0.4902689329503457 0.2787779203125 0.5136426109375001
0 0.3325994284244957 0.5922769959295117 0.3134601932013025 0.5229110983502278 0.2593097189685733 0.53785213854369 0.2784489541917665 0.6072180361229739
0 0.5810427974435204 0.06299571940556006 0.4980115173398735 -0.08244104988347314 0.28180461352303815 0.04099359514416203 0.364835893626685 0.18643036443319522
0 0.38235354480903566 0.33468098883342356 0.3712018853889174 0.2993441660652517 0.3428016747332584 0.3083067566968233 0.3539533341533766 0.3436435794649952
0 0.014070017187500113 0.92231826875 1.1295141156198155e-16 0.92231826875 1.140095653325721e-16 0.9395992312500001 0.014070017187500117 0.9395992312500001
0 0.03141349773825479 0.41592766712048607 0.019209879971410236 0.3806897243156425 -0.008163841573938967 0.3901698019820823 0.004039776192905587 0.4254077447869259
0 0.11632836435167723 0.6173454480952787 0.030354424845973994 0.615319882164577 0.028296648436262496 0.7026609762673576 0.11427058794196573 0.7046865421980593