0 0.8821514003431901 0.6887215412574312 0.8243679280785698 0.6383338022111729 0.7888054740285741 0.6791159868488531 0.8465889462931944 0.7295037258951115
0 0.87221547202004 0.476016771028279 0.868100730081746 0.4113810519446014 0.8410940491666056 0.41310031064785485 0.8452087911048995 0.4777360297315324
0 0.499395340625 0.16215976406249996 0.49555330036672823 0.13595618256056893 0.4659923805498266 0.14029048487720877 0.4698344208080984 0.1664940663791398
0 0.2193615828099036 0.9599067891672158 0.21611400234654904 0.9396313481183218 0.19595082383102266 0.9428609471424932 0.1991984042943772 0.9631363881913872
0 0.604580184068854 0.5937272602016075 0.5148439209073988 0.5803574628855548 0.4994123506821321 0.68393206570069 0.5891486138435874 0.6973018630167425
0 0.7095701297404731 0.22628289903045556 0.6875410170130433 0.1968831439229505 0.6437271747725701 0.22971267145499502 0.6657562874999998 0.2591124265625001
0 0.42862015644221874 0.7521819778879577 0.3979126808237211 0.7400347956909032 0.37762559618830355 0.791319541956053 0.40833307180680123 0.8034667241531075
0 0.3878360967693917 0.42261981261896525 0.3795045607439734 0.37081751677300046 0.35628970752126976 0.37455123904903387 0.36462124354668807 0.4263535348949987
0 0.16596338749999998 0.25165680468750007 0.16180902608914746 0.23146661089283685 0.13579624280518185 0.2368190361425806 0.13995060421603434 0.25700922993724384
0 0.8449779665042735 0.46737954733694637 0.7828961619060906 0.4622995911843207 0.7759915431499002 0.5466804755006557 0.8380733477480831 0.5517604316532813
0 0.9456737483526524 0.6648457578812328 0.9033769577265552 0.6344487932581276 0.8568407904204849 0.6992029734695866 0.899137581046582 0.7295999380926916
0 0.8995575461932702 0.4131843235217644 0.8725748070419058 0.4113600185124716 0.8682114170986358 0.4758975887407074 0.8951941562500002 0.47772189375000007
0 0.06326245513933475 0.9411811948729738 0.04259910966192015 0.9405862823108538 0.04198265841507021 0.9619977398841331 0.0626460038924848 0.962592652446253
0 0.1245870394169956 0.23595548206228006 0.09744302433302239 0.23294991449879796 0.09514746296370258 0.2536816901514515 0.12229147804767579 0.25668725771493356
0 0.9649781859659617 0.546089573738642 0.9571264804865635 0.46197164600488855 0.8949442231013446 0.467775839999993 0.9027959285807429 0.5518937677337463