0 0.7283543017588231 0.2575474709249741 0.7266462011245002 0.2035345733681461 0.6881712646953304 0.20475130245125178 0.6898793653296533 0.25876420000807976
0 0.698987445521683 0.3765556483509699 0.6893849640624998 0.3501159421875001 0.6697531025774761 0.35724592255693594 0.6793555840366593 0.38368562872040574
0 0.452918445831204 0.054298632177832505 0.4208816176890508 0.029937295352861538 0.39810960156249997 0.05988405781250006 0.4301464297046532 0.08424539463747102
0 0.1308284811608726 0.5561123316802229 0.1279952630802694 0.5008063656231229 0.0752321485316056 0.5035093183203757 0.0780653666122088 0.5588152843774757
0 0.2219331823111173 0.30786125849390245 0.203182065625 0.27791304375000003 0.18138747081388268 0.29155903213109763 0.2001385875 0.3215072468750001
0 0.6625995759823444 0.1845046652060629 0.5159241734351918 0.11783402745930296 0.44402621787513813 0.27600952915683485 0.5907016204222908 0.3426801669035948
0 0.7907689456625863 0.773381857678037 0.5719818727833342 0.6699836779638909 0.46689579291864486 0.89234229082838 0.685682865797897 0.9957404705425263
0 0.2700821183916132 0.5209892350235961 0.22766341975961485 0.5176604818931367 0.22328510605550167 0.5734538562445407 0.2657038046875001 0.5767826093750001
0 0.21029435039941582 0.7022714992300028 0.17960944753132507 0.6896220049477177 0.16933774244440936 0.714538911967715 0.2000226453125001 0.72718840625
0 0.15958786250000007 0.471594203125 0.13323384843518227 0.4551229441759347 0.1105502464752518 0.49141670696245543 0.1369042605400696 0.5078879659115207
0 0.20203757036639622 0.924299319392963 0.18546495145486838 0.8553581804957521 0.07259821601033423 0.8824899834254853 0.08917083492186206 0.9514311223226963
0 0.29445953709756695 0.25660975116997353 0.2673089784285224 0.24301681936687772 0.2541184632059555 0.2693635900719043 0.281269021875 0.2829565218750001
0 0.8020812389168099 0.18351555569531328 0.7698847618492288 0.17636441261732821 0.7610570427865397 0.2161093109169999 0.793253519854121 0.22326045399498495
0 0.1583009049163812 0.0469507260019977 0.14802844289711753 0.016133334887129036 0.10799366049015413 0.029478260166238602 0.11826612250941784 0.06029565128110727
0 0.11687665059593559 0.053018642894299015 0.09359097317151484 0.029687395951711458 0.0660226597095343 0.05720186425212711 0.08930833713395506 0.08053311119471467
0 0.2548012565349123 0.19464701243887284 0.19476863536734726 0.11739512294189307 0.15032282016303106 0.15193406825466282 0.21035544133059608 0.22918595775164258
0 0.5215038048420408 0.5105594187729492 0.5054110493669433 0.46228115912500023 0.46281974638916024 0.4764782621105959 0.4789125018642578 0.5247565217585449
0 0.7939194519056391 0.4249384585466456 0.7897077767832723 0.3967318271651634 0.76141395 0.4009565218750001 0.7656256251223666 0.42916315325648224
0 0.06623840041684392 0.5542716219756723 0.06344387502517446 0.49972095836262936 0.010571167547817057 0.5024295252944616 0.013365692939486523 0.5569801889075044
0 0.0277038046875 0.49289854999999994 0.014821838235506202 0.462450264675096 -0.011918606781700713 0.47376352950913575 0.0009633596702930847 0.5042118148340398
0 0.058689310937500114 0.8726086953125 1.076370496014168e-16 0.8726086953125 1.1224278653054844e-16 0.9478260875 0.058689310937500114 0.9478260875
0 0.027442934375 0.0196231890625 2.467320016476031e-18 0.019623189062499997 4.737353643332795e-18 0.056695651562500005 0.027442934375000005 0.056695651562500005
0 0.07460232574259743 0.057195661909185715 0.04702120918499159 0.029689904703453063 0.023743004319391754 0.05303188641469005 0.05132412087699758 0.0805376436204227