0 0.6659242765625001 0.56160913125 0.525416996408295 0.5138700116660966 0.46562646659789647 0.6898473819205458 0.6061337467521015 0.7375865015044493
0 0.2521281468665556 0.5113059407329175 0.05213267142575749 0.49032739566167977 0.037575848661559406 0.6291024479709425 0.23757132410235754 0.6500809930421803
0 0.9010818198169529 0.5477457141800968 0.8863778422353924 0.37242905520261943 0.6772247682439321 0.3899709256045645 0.6919287458254926 0.5652875845820418
0 0.7983741640625002 0.5928340750000003 0.781034571165813 0.5801791005833528 0.7613113443035388 0.6072034716441862 0.7786509372002259 0.6198584460608337
0 0.8310573904353651 0.3732187984847227 0.8306404277648685 0.3511196770017758 0.8079666494829191 0.35154748220434845 0.8083836121534157 0.3736466036872953
0 0.6348997765625 0.5280011140624998 0.6201336296875 0.518914253125 0.6125157466731579 0.5312933112221838 0.6272818935481579 0.5403801721596838
0 0.733218650208347 0.5796946938376404 0.6853641081674169 0.5779049676688446 0.683634394771594 0.6241548598938972 0.7314889368125241 0.625944586062693
0 0.6659242765624999 0.96339086875 0.6061337467521015 0.7874134984955508 0.46562646659789636 0.8351526180794542 0.5254169964082948 1.0111299883339036
0 0.2478841875000001 0.8814532296875001 0.04320712656250011 0.8814532296875001 0.043207126562500114 1 0.2478841875000001 1
0 0.8935416953124999 9.664799909635602e-17 0.68207126875 8.369917004615147e-17 0.68207126875 0.09417037812500009 0.8935416953124999 0.09417037812500009
0 0.7983741640625001 0.9321659250000002 0.7786509372002259 0.9051415539391664 0.7613113443035386 0.917796528355814 0.7810345711658128 0.9448208994166478
0 0.8310573904353651 0.10501059995277737 0.8083836121534157 0.10458279475020475 0.8079666494829191 0.12668191623315156 0.8306404277648685 0.12710972143572416
0 0.6348997765625002 0.9909409796875 0.6133184859375002 0.9909409796875 0.6133184859375002 1 0.6348997765625002 1
0 0.7332186502083469 0.94530530616236 0.731488936812524 0.8990554139373073 0.683634394771594 0.9008451401061031 0.6853641081674169 0.9470950323311558