0 0.3882560585838492 0.08753844029570881 0.37195489791562003 0.0866651629937591 0.3704305143171522 0.11512029620649555 0.3867316749853814 0.11599357350844527
0 0.37390100521264935 0.11770782686367709 0.335225378125 0.055515151562500045 0.27761666231320126 0.09134016148442135 0.31629228940085063 0.15353283678559843
0 0.3808048685278365 0.410197755759811 0.37884750752547736 0.3064576718040374 0.2687769141695928 0.30853447643659565 0.270734275171952 0.41227456039236926
0 0.6770609651153451 0.8754178150845029 0.603678969430502 0.849886831256212 0.5768340628363162 0.9270453470855816 0.6502160585211593 0.9525763309138725
0 0.45977887695873887 0.5112095589049873 0.3875284093750001 0.5091515156249999 0.38576816536320085 0.5709473263111389 0.4580186329469396 0.5730053695911261
0 0.46837689375 0.3604848484375001 0.4325587125 0.3604848484375001 0.4325587125 0.3987878781250001 0.46837689375 0.3987878781250001
0 0.23386803574122794 0.8695283828933922 0.18472820137610282 0.8672294419915308 0.18194240158467645 0.9267758793158902 0.23108223594980157 0.9290748202177517
0 0.6928463542782571 0.2589953215762633 0.637101975701158 0.24765408755664026 0.6287876115990916 0.28852080976089994 0.6845319901761907 0.29986204378052306
0 0.6914675936047996 0.22204328890662656 0.6862308371480633 0.2028047044962343 0.6721401372932638 0.20664020308960773 0.67737689375 0.22587878749999998
0 0.5630738640625 0.1036969703125001 0.5430738640625 0.10369697031250007 0.5430738640625 0.12369697031250007 0.5630738640625 0.12369697031250008
0 0.511603945109671 0.5783002344591728 0.4469107078408 0.5683447240748553 0.4347414918442766 0.6474231386862618 0.49943472911314757 0.6573786490705793
0 0.601441134593682 0.4668251819606142 0.5911126270969386 0.4387751315760153 0.5580483862532566 0.45094994961540114 0.56837689375 0.479
0 0.07802724479415453 0.09370628410596071 0.020740529687500002 0.0555151515625 -0.019455268347869637 0.11580886576216236 0.03783144675878488 0.15399999830562308
0 0.08574052968750004 0.3073030296875 3.777506787194903e-17 0.3073030296875 4.414323122751527e-17 0.41130302968750004 0.08574052968750004 0.41130302968750004
0 1 0.866306040625 0.9723465906250001 0.866306040625 0.9723465906250001 0.9394848484375 1 0.9394848484375
0 0.17412063980332468 0.8711478544737836 0.12474881406552088 0.8688380631457833 0.12200074020741498 0.9275781848149007 0.1713725659452188 0.9298879761429012
0 1 0.24964241562500006 0.9594981062500001 0.24964241562500006 0.9594981062500001 0.29303030312500006 1 0.29303030312500006
0 0.9744981062499999 0.20657575781250012 0.9603857015124417 0.20292026824272105 0.9553857015124416 0.22222329793022105 0.9694981062499999 0.22587878750000012