0 0.757703164380872 0.7344926924702927 0.730531374588432 0.6994553823878571 0.700515021875 0.7227333687500002 0.72768681166744 0.7577706788324357
0 0.44902977095453267 0.5456564504884042 0.35887051673991077 0.44946495699351674 0.23482639466849703 0.5657301809684476 0.32498564888311887 0.661921674463335
0 0.8878974659447749 0.19641727586472707 0.7961516770140725 0.17164151275459955 0.7603652267017655 0.3041603821972078 0.8521110156324679 0.32893614530733534
0 0.20646517057974018 0.5982966529190012 0.20493562187499997 0.555136803125 0.1581147764793946 0.5567960944286422 0.1596443251841348 0.5999559442226434
0 0.3211800694337158 0.8546664789915652 0.3095927616632864 0.7882325852325296 0.22835326777441756 0.8024022652789624 0.239940575544847 0.868836159037998
0 0.6529643893316008 0.36030290877513016 0.5931422846770921 0.2979777882570489 0.528583690625 0.35994366875000006 0.5884057952795088 0.4222687892680813
0 0.4280401395219993 0.17937682927836435 0.4016391677551104 0.13328550460901703 0.3649935203781351 0.15427602090941545 0.39139449214502403 0.20036734557876276
0 0.17454935625 0.08067328281250002 0.11081545 0.08067328281250002 0.11081545 0.12445010781250002 0.17454935625 0.12445010781250002
0 0.3161585375000001 0.9806732828125 0.2389463515625001 0.9806732828125 0.2389463515625001 1 0.3161585375000001 1
0 0.41405244999999996 4.7962275814464924e-17 0.3684120171875 4.5167605316688527e-17 0.3684120171875 0.02247585781250005 0.41405244999999996 0.02247585781250005
0 0.17454935625 0.03689645937500002 0.11081545 0.03689645937500001 0.11081545 0.08067328281250002 0.17454935625 0.08067328281250002