0 0.4689955355730776 0.8020640704738746 0.44049632343750017 0.7942857140625 0.42882057136395835 0.8370646403019414 0.4573197834995358 0.8448429967133159
0 0.6453142221449086 0.2102983904839047 0.5667301744064325 0.14762609802611631 0.4962092047575453 0.23605150944990227 0.5747932524960214 0.29872380190769066
0 0.48533299664323265 0.09573571370775173 0.3885302064510572 0.0831962627561031 0.3769964525209498 0.17223521399324432 0.47379924271312535 0.18477466494489295
0 0.620871300099499 0.5949756891961839 0.6035273021919323 0.4247213675061288 0.4274576174013709 0.44265778294792124 0.44480161530893747 0.6129121046379764
0 0.5086139703125002 0.6712268906250001 0.4496357802538258 0.6594872337944457 0.4375867787640685 0.7200195227818578 0.4965649688227428 0.7317591796124121
0 0.6187823841249536 0.6767584480207685 0.5841293044308591 0.666859960491191 0.571234006048366 0.7120044132363604 0.6058870857424605 0.721902900765938
0 0.9175215343750001 0.8372100843749998 0.9063786765625 0.7942857140624998 0.877896056587892 0.8016795973552295 0.8890389144003921 0.8446039676677295
0 0.22508455937500002 0.8372100843750001 0.21394170156250003 0.7942857140625 0.18545908158789207 0.8016795973552296 0.19660193940039206 0.8446039676677296
0 0.8402720968341033 0.2530637541436645 0.7901376212563553 0.15373365063294214 0.7026903617958338 0.19787054709043206 0.7528248373735816 0.2972006506011544
0 0.14783512183410347 0.2530637541436645 0.09770064625635563 0.15373365063294211 0.010253386795834008 0.19787054709043192 0.060387862373581846 0.2972006506011543
0 0.969601924979707 0.1725712227393807 0.958968003153187 0.08387466476458146 0.8618004374052284 0.09552418445091022 0.8724343592317483 0.18422074242570946
0 0.2771649499797069 0.17257122273938075 0.266531028153187 0.08387466476458148 0.1693634639455875 0.095524184266235 0.1799973857721074 0.18422074224103424
0 0.9211841737240756 0.45008275770876843 0.7498790498320085 0.4225859491375079 0.722362442979329 0.594014416327491 0.893667566871396 0.6215112248987517
0 0.2287471987240754 0.45008275770876816 0.057442074832008395 0.42258594913750763 0.029925467979328768 0.5940144163274907 0.20123059187139578 0.6215112248987513
0 0.908964281426386 0.7201022186416148 0.89733883183426 0.6598315330881785 0.8382610296875 0.6712268906250001 0.849886479279626 0.7314975761784364
0 0.2165273064263861 0.7201022186416148 0.20490185683426015 0.6598315330881785 0.14582405468749998 0.6712268906250001 0.15744950427962587 0.7314975761784364
0 0.7740152626395547 0.7136792282590007 0.7644881468321083 0.6686746822542172 0.7294943197193351 0.6760826059651621 0.7390214355267815 0.7210871519699456
0 0.08157828770657266 0.7136792285755827 0.0720511718321084 0.6686746822542173 0.037057344719335195 0.6760826059651622 0.04658446059379946 0.7210871522865276