0 0.408496611356102 0.45051591864682194 0.37140023884363393 0.4349013755923618 0.3438601362091346 0.500329989340311 0.3809565087216026 0.5159445323947711
0 0.03227308705010654 0.5777705244426338 0.01696131154304239 0.5555111170791509 -0.0015339973820641894 0.568233648886517 0.013777778124999963 0.5904930562499999
0 0.29645942322568886 0.6296605908780275 0.24155555625000003 0.6118263890625 0.22859572733362782 0.6517241501292534 0.2834995943093167 0.6695583519447811
0 0.568622221875 0.6636041671874999 0.5620493876063073 0.6050147412845834 0.4792493876063073 0.6143036303470836 0.485822221875 0.6728930562500001
0 0.14538997767122702 0.7513714644926234 0.14415024852524158 0.7149817254179613 0.11726993588756429 0.7158974865054964 0.11850966503354973 0.7522872255801584
0 0.2185280855828104 0.9310122957386728 0.21640121704944387 0.8193942179996059 0.09986280463227716 0.8216148428958524 0.1019896731656437 0.9332329206349194
0 0.372732649020205 0.8198767508512438 0.360222221875 0.7885375 0.33405362213782064 0.798983836514487 0.3465640492830256 0.8303230873657308
0 0.6970301211760142 0.8619400918548632 0.6776980322256708 0.7263919803417667 0.537483460223674 0.7463896073674668 0.5568155491740173 0.8819377188805634
0 0.8535643844151386 0.6338053904775605 0.7961402110713937 0.6269586625130451 0.7891462625542973 0.6856175889497992 0.8465704358980422 0.6924643169143145
0 0.9219277660842892 0.4537377941029746 0.8916733248530196 0.42433129112938384 0.85315555625 0.46395972187500006 0.8834099974812695 0.49336622484859083
0 0.5384621765307476 0.38264766921463744 0.5216091263397049 0.08601450697189211 0.24761733430865954 0.10158120014982541 0.26447038449970217 0.39821436239257074
0 0.4413401854366527 0.407330508761752 0.4375307437602025 0.3699329335954005 0.3912127801985497 0.3746510357711486 0.39502222187499997 0.4120486109375
0 0.21826666718750007 0.9413819437500001 0.10164444375000012 0.9413819437500001 0.10164444375000012 1 0.21826666718750007 1