0 0.5135138419150056 0.49065601196661934 0.4169499445881235 0.4805012286136548 0.4061611028728057 0.5830945156845987 0.5027250001996879 0.5932492990375632
0 0.3285986819639769 0.5222929587397972 0.2925520828125 0.51484375 0.2855825876680071 0.5485690229165094 0.32162918681948394 0.5560182316563065
0 0.8717254577182695 0.5256119229997378 0.7840618441624885 0.516006059040377 0.7750809298786951 0.5979663493883215 0.862744543434476 0.6075722133476822
0 0.5135138419150056 0.7812189880333809 0.5027250001996878 0.678625700962437 0.4061611028728057 0.6887804843154015 0.4169499445881235 0.7913737713863453
0 0.5135138417524884 0.23955232086297124 0.5027250000371706 0.13695903379202745 0.4061611028728057 0.14711381712790142 0.4169499445881234 0.24970710419884523
0 0.5079687500000001 5.62654501904175e-17 0.40729166718750004 5.010075682972643e-17 0.40729166718750004 0.04791666718750005 0.5079687500000001 0.04791666718750006
0 0.3285986819639768 0.7495820412602031 0.3216291868194839 0.7158567683436937 0.28558258766800704 0.7233059770834908 0.2925520828125 0.75703125
0 0.3285986819639768 0.20791537407270302 0.3216291868194838 0.1741901011561937 0.285582587668007 0.18163930989599075 0.29255208281249995 0.21536458281250007
0 0.3222916671875 3.7353138205377107e-17 0.2864583328125 3.515897929312108e-17 0.2864583328125 0.011145832812500037 0.3222916671875 0.011145832812500039
0 0.8717254577182694 0.7462630770002624 0.8627445434344759 0.664302786652318 0.7750809298786947 0.6739086506116788 0.7840618441624881 0.7558689409596232
0 0.871725458762508 0.20459641069953452 0.8627445422434177 0.12263612061441491 0.7750809301546349 0.1322419868346739 0.7840618466737252 0.2142022769197935
0 0.86796875 1.01596824461939e-16 0.77546875 9.593283301588247e-17 0.77546875 0.0637500000000001 0.86796875 0.06375000000000011