0 0.7213878001904288 0.6865669856522587 0.7024860776470864 0.68374455654016 0.6985390665191578 0.7101775708879013 0.7174407890625002 0.7130000000000001
0 0.39478691206400346 0.5054784638803627 0.3800608446134176 0.49449631334853683 0.36877131858365847 0.5096345434536143 0.3834973860342443 0.5206166939854401
0 0.4127466703422054 0.5623284247159246 0.38876699996026953 0.5544558547188851 0.37884328036861364 0.5846832804337607 0.4028229507505495 0.5925558504308002
0 0.5930562461027057 0.25177698114672814 0.5631776312500001 0.24800000000000014 0.5612129601047584 0.263541950086712 0.591091574957464 0.26731893123344
0 0.3152459174962331 0.42196021783260385 0.3022249618608045 0.4138916775474749 0.2928595338741922 0.4290055417671576 0.3058804895096208 0.4370740820522866
0 0.3921647215606868 0.8777179745316841 0.3722252974837912 0.8768510433857802 0.37103661872987503 0.9041906653125222 0.3909760428067707 0.9050575964584262
0 0.28514482106844774 0.9343074557574635 0.2613487411698294 0.9297312853966483 0.257166744490981 0.9514776626639285 0.2809628243895993 0.9560538330247438
0 0.3088108856362992 0.6600120061788719 0.29938187584974524 0.6462970814649236 0.28155694185021846 0.658551722349338 0.29098595163677243 0.6722666470632863
0 0.3484407890625 0.02447368437500004 0.32844078906249996 0.024473684375000037 0.32844078906249996 0.05447368437500004 0.3484407890625 0.05447368437500004
0 0.9072058015705675 0.7110727397093488 0.9043786436331096 0.6840862099278093 0.8854693828286647 0.686067178477953 0.8882965407661226 0.7130537082594925
0 0.02578710261551067 0.5130490989745555 0.017535896895295756 0.4956195888912435 0.001145601625192527 0.5033788258085321 0.009396807345407442 0.520808335891844
0 0.01238815781250007 0.55988539375 6.856618553452931e-17 0.55988539375 7.041031130622754e-17 0.590002253125 0.012388157812500071 0.590002253125
0 0.10227551642094342 0.43012579623950814 0.09498341012684561 0.41386637201987425 0.08013041320452075 0.4205277169039515 0.08742251949861854 0.4367871411235854
0 0.025344988184304328 0.903415139088286 0.02275717111624166 0.8762430521910428 0.0029866210157493134 0.8781259611920527 0.0055744380838119835 0.9052980480892959
0 0.13585563918462168 0.9314646530618249 0.1130662560178513 0.930515095782251 0.11209754341234834 0.9537642069419222 0.13488692657911872 0.9547137642214961
0 0.11399483547309312 0.6588620708549712 0.09656651825854871 0.6463136813015161 0.08684326302863492 0.6598182012068816 0.10427158024317933 0.6723665907603368
0 0.06728289531250001 0.024473684375000006 0.0472828953125 0.024473684375000006 0.04728289531250001 0.054473684375 0.06728289531250001 0.054473684375