0 0.7129999999999999 0.2825592109375 0.6865669856522586 0.2786121998095715 0.6837445565401599 0.2975139223529138 0.7101775708879011 0.3014609334808423
0 0.52061669398544 0.6165026139657556 0.5054784638803628 0.6052130879359965 0.49449631334853683 0.6199391553865824 0.509634543453614 0.6312286814163415
0 0.5925558504308002 0.5971770492494506 0.5623284247159245 0.5872533296577946 0.5544558547188851 0.6112330000397306 0.5846832804337607 0.6211567196313864
0 0.2668337782375253 0.40860696313141354 0.2509660154296916 0.4070273682805595 0.24800000000000005 0.43682236874999997 0.26386776280783375 0.43840196360085393
0 0.43707408205228654 0.6941195104903791 0.42196021783260385 0.684754082503767 0.4138916775474749 0.6977750381391956 0.4290055417671576 0.7071404661258078
0 0.9052980480892957 0.6098507537088121 0.8781259611920527 0.6072629366407494 0.8762430521910429 0.6270334867412417 0.903415139088286 0.6296213038093045
0 0.954713764221496 0.7391632422041184 0.9537642070069134 0.7163738605971404 0.9305150957822509 0.7173425732053513 0.9314646529968333 0.7401319548123294
0 0.6723342806467997 0.7086061529963132 0.6598520627436769 0.6911310457085463 0.6463100987838979 0.7008038758776935 0.6587923166870209 0.7182789831654606
0 0.05447368437500009 0.6515592109375 0.02447368437500008 0.6515592109375 0.024473684375000082 0.6715592109374999 0.05447368437500009 0.6715592109374999
0 0.7129999999999999 0.11119078906250006 0.7101775708879011 0.0922890665191578 0.6837445565401599 0.09623607764708633 0.6865669856522586 0.11513780019042859
0 0.5206166943266581 0.9877737011689257 0.5096345414997001 0.9730476339527471 0.49449631294896196 0.9843371613624127 0.5054784657759199 0.9990632285785914
0 0.5900022531250002 0.9876118421875001 0.5598853937500002 0.9876118421875001 0.5598853937500002 1 0.5900022531250002 1
0 0.43707408205228654 0.9101568051346207 0.4290055417671576 0.897135849499192 0.41389167754747475 0.9065012774858042 0.4219602178326037 0.9195222331212329
0 0.905298048089296 0.9944255619161882 0.9034151390882862 0.9746550118156959 0.8762430521910429 0.9772428288837585 0.8781259611920529 0.9970133789842508
0 0.9547137642214963 0.8651130734208815 0.9314646530618251 0.8641443608153786 0.9305150957822514 0.8869337439821491 0.9537642069419225 0.887902456587652
0 0.6723342806467998 0.895670162628687 0.6587923166870209 0.8859973324595398 0.6463100987838981 0.9034724397473066 0.659852062743677 0.9131452699164537
0 0.05447368437500011 0.9327171046875 0.024473684375000117 0.9327171046875 0.024473684375000117 0.9527171046875 0.05447368437500011 0.9527171046875