0 0.5744753749999999 0.6547028906250001 0.5607171807030996 0.6185640716081118 0.5278692150780996 0.6310694247331117 0.5416274093750001 0.66720824375
0 0.8477438708819136 0.5645167297970574 0.8303285077440619 0.5322030659603337 0.8081306759246484 0.5441665283507763 0.8255460390625002 0.5764801921874999
0 0.8641909688774202 0.46145494076301113 0.8405978152190127 0.46091319200067477 0.8402365912803207 0.4766444912359538 0.8638297449387282 0.47718623999829013
0 0.6901173957933541 0.3777449375305109 0.6830507733178035 0.369003990918236 0.6730404431494496 0.3770968471377252 0.680107065625 0.3858377937500001
0 0.3900251233231422 0.17338008320050796 0.3672301924153627 0.16432677496547343 0.3447961960750831 0.22081235827778206 0.3675911269828626 0.22986566651281662
0 0.4226751067243536 0.19750525311276862 0.409284712568336 0.18566975409560196 0.38058236748036217 0.21814288542471205 0.3939727616363798 0.2299783844418787
0 0.18400189397622754 0.22176101607996737 0.1663396167245751 0.2080214757924801 0.14183748329938228 0.23951914345512088 0.15949976055103474 0.2532586837426081
0 0.04887307434029968 0.7289093029016412 0.03318137044539245 0.727456847402318 0.03168848666632339 0.7435853210261757 0.04738019056123063 0.745037776525499
0 0.6717180680449573 0.5220521246702103 0.6580147093682219 0.5183126072536333 0.6533362970144455 0.5354565205931656 0.6670396556911808 0.5391960380097427
0 0.30145862164219295 0.3496392800862529 0.3004144091342993 0.33606452256329294 0.28194356936880044 0.3374853569230825 0.2829877818766941 0.35106011444604246
0 0.6733307946809353 0.656007297007698 0.6410278375000001 0.6528613484375001 0.6392778739294727 0.6708301731101133 0.6715808311104078 0.6739761216803114
0 0.2672152054316757 0.709521466461746 0.23809421875000014 0.7083645609375 0.2372896582999034 0.7286165120785786 0.26641064498157896 0.7297734176028245
0 0.7379443249999998 0.7297778374999998 0.731776639986291 0.6989547566135595 0.6792933624999999 0.7094566375 0.6854610475137087 0.7402797183864404
0 0.39002512332314215 0.16411991679949206 0.36759112698286256 0.10763433348718347 0.3447961960750831 0.11668764172221799 0.36723019241536276 0.17317322503452656
0 0.4226751067243537 0.13999474688723154 0.3939727616363798 0.10752161555812137 0.3805823674803622 0.11935711457528794 0.40928471256833615 0.15183024590439814
0 0.18400189397622752 0.11573898392003272 0.15949976055103465 0.08424131625739194 0.1418374832993822 0.09798085654487917 0.16633961672457503 0.12947852420751998
0 0.048873074196900006 0.931931167424132 0.0473801905612306 0.9158026953495011 0.03168848666632331 0.9172551508488243 0.03318137030199272 0.9333836229234551
0 0.6724839406250002 0.9880005359374999 0.6402997859375001 0.9880005359374999 0.6402997859375001 1 0.6724839406250002 1
0 0.2672152053696991 0.9513190038532164 0.26641064491960237 0.9310670527121376 0.23728965829990328 0.9322239582339213 0.23809421875000006 0.9524759093750002
0 0.7379443250000002 0.9310626343750001 0.6854610472130902 0.9205607534284059 0.6792933625000002 0.9513838328125003 0.73177664028691 0.9618857137590945