0 0.7005529207452164 0.29416809224330553 0.48643520958433567 0.25363066952746144 0.4432627097396896 0.4816667959636911 0.6573804209005703 0.522204218679535
0 0.3859964625000001 0.4298113203124999 0.3830530656250001 0.3845283015625 0.3274342824889255 0.3881435232723827 0.3303776793639254 0.43342654202238257
0 0.49241155625 0.512075471875 0.4535278337031424 0.4974236351037332 0.4339051930781424 0.5494991069787332 0.472788915625 0.56415094375
0 0.42324174531249986 0.8183018875 0.389098516652013 0.7818929316147492 0.34543813852701305 0.8228363269272492 0.37958136718749996 0.8592452828124999
0 0.4278832546875 0.921509434375 0.3751301404619264 0.8668889527609945 0.3369398578125 0.9037735843749999 0.3896929720380736 0.9583940659890052
0 0.4732895012231312 0.16336285577121898 0.4037061104006397 0.12628588805198063 0.3551105952092813 0.2174864617177193 0.4246939860317728 0.25456342943695764
0 0.08497759375000004 0.2686792453125 3.3006812658528027e-17 0.2686792453125 4.730584867393058e-17 0.502200225 0.08497759375000005 0.502200225
0 0.9964658691885651 0.48622096358952194 0.9611931051419518 0.25694797786481827 0.7459622166931527 0.2900604194366011 0.7812349807397659 0.5193334051613048
0 0.2256191031250001 0.38924528281250004 0.170071934375 0.38452830156250006 0.16623302682264043 0.42973527490515817 0.22178019557264048 0.43445225615515815
0 0.11807193437499999 0.5464528296875 0.0945141218770666 0.4962229534639221 0.05677827187706663 0.5139210675264221 0.08033608437500002 0.56415094375
0 1.0081989785009944 0.5466587181886802 0.9846411666453101 0.4964288416001626 0.9473443100193155 0.5139210671614824 0.9709021218749998 0.56415094375
0 0.20583088894741866 0.8206965133463054 0.1600170217848443 0.7823242362517963 0.12772976564992575 0.8208730057179908 0.1735436328125001 0.8592452828124999
0 0.21618514218750012 0.9037735843749999 0.17967441764876763 0.8659704444531661 0.12375901044167303 0.9199742132996309 0.1602697349804055 0.957777353221465
0 0.19801965015289316 0.21747552459296352 0.14939016529689061 0.1262852569763821 0.0798170585165345 0.16338685159814387 0.12844654337253708 0.25457711921472537