0 0.951890034375 0.2104166671875 0.9334364265625 0.15365740781249998 0.9229209624999999 0.1583796296875 0.921168384375 0.19976851874999998 0.92817869375 0.2104166671875 0.951890034375 0.2104166671875
0 0.68426116875 0.5035648140625 0.663230240625 0.48819444375 0.6544329890625 0.5 0.6605841921875 0.539027778125 0.6746048109375 0.534259259375 0.68426116875 0.5035648140625
0 0.412268040625 0.4420833328125 0.4079037796875 0.45273148125 0.3789347078125 0.4668981484375 0.36841924375 0.5106481484375001 0.3649140890625 0.5401851859375 0.345601375 0.5792129625 0.321030928125 0.62055555625 0.345601375 0.62055555625 0.361408934375 0.64773148125 0.37807560156250003 0.6158333328125 0.36577319531249997 0.58273148125 0.3991065296875 0.548472221875 0.41841924375 0.5271759265625 0.43333333281249997 0.5082870374999999 0.505292096875 0.478703703125 0.5149484531249999 0.47754629687500005 0.5272164953125 0.45388888906249997 0.52281786875 0.4361574078125 0.49037800625 0.40305555625 0.4631615125 0.3983333328125 0.43773195937500003 0.3770833328125 0.41756013750000004 0.42907407343750004 0.412268040625 0.4420833328125
0 0.10773195937499999 0.73319444375 0.1338144328125 0.675740740625 0.12491408906250001 0.6208796296875 0.0765635734375 0.6354629625 0.06635738906250001 0.6671759265625 0.07910652968750001 0.7246296296875 0.10773195937499999 0.73319444375
0 0.8054639171875 0.7925 0.8391752578125 0.7882407406249999 0.8506529203125 0.7453703703125 0.8245360828124999 0.73680555625 0.8054639171875 0.7410648140625 0.7997250859375 0.7711111109375001 0.8054639171875 0.7925
0 0.9452233671875 0.6173611109375 0.9375601375 0.58648148125 0.9159450171874999 0.604490740625 0.921030928125 0.6293518515625001 0.9420274921875 0.6293518515625001 0.9452233671875 0.6173611109375
0 0.42381443281250003 0.160972221875 0.4109965640625 0.1325925921875 0.38718213125 0.143703703125 0.3862542953125 0.1683796296875 0.4109965640625 0.1757870375 0.42381443281250003 0.160972221875
0 0.6923367703125 0.1313425921875 0.7042268046875 0.044953703125 0.6767353953125 0.017777778124999997 0.6373539515625 0.016527778125 0.6162542953125 0.0782870375 0.642852234375 0.1325925921875 0.6923367703125 0.1313425921875
0 0.753711340625 0.3153240734375 0.7454639171874999 0.299259259375 0.719828178125 0.3140740734375 0.7344673546875 0.343703703125 0.751890034375 0.3301388890625 0.753711340625 0.3153240734375
0 0.5117869421875 0.23629629687499998 0.5136426109375 0.2029629625 0.4925429546875 0.20912037031250003 0.48890034375 0.22518518593749998 0.5044673546875 0.237546296875 0.5117869421875 0.23629629687499998
0 0.597010309375 0.2523611109375 0.585120275 0.19430555625 0.536529209375 0.18319444375 0.5282817875 0.24125000000000002 0.5731958765625 0.2683796296875 0.597010309375 0.2523611109375
0 0.0031958765625000004 0.33259259218750004 0.0031958765625000004 0.3720833328125 0.00230240625 0.4313425921875 0.00962199375 0.5017129625 0.01694158125 0.5696296296875001 0.040790378125 0.5931018515625001 0.08384879687499999 0.560972221875 0.10859106562500001 0.48074074062500005 0.1305841921875 0.4128240734375 0.13608247499999998 0.36837962968750004 0.18109965625 0.33148148125 0.0966666671875 0.24986111093750002 0.04353951875 0.24245370312499998 0.012371134374999999 0.27458333281249997 0.0031958765625000004 0.33259259218750004
0 0.34134020625 0.3140740734375 0.32027491406249997 0.29430555625 0.306529209375 0.29680555625 0.305601375 0.3301388890625 0.3230240546875 0.337546296875 0.34134020625 0.3140740734375