0 0.98741379375 0.38 0.978793103125 0.3233962265625 0.9360344828124999 0.3372327046875 0.938793103125 0.40327044062499995 0.9763793109375 0.41333333281250006 0.98741379375 0.38
0 0.7648965515625 0.294465409375 0.7446206890625 0.3223899375 0.764068965625 0.34654088125000004 0.7752413796875001 0.3186163515625 0.7648965515625 0.294465409375
0 0.5507586203125 0.8174842765625 0.532931034375 0.7692452828125 0.501482759375 0.7783647796875 0.502931034375 0.8174842765625 0.5301034484375 0.8318239000000001 0.5507586203125 0.8174842765625
0 0.1148965515625 0.348867925 0.106655171875 0.32408804999999996 0.061655171875000005 0.2905660375 0.0185517234375 0.324968553125 0.0316206890625 0.4159748421875 0.08731034531250001 0.43188679218750003 0.1148965515625 0.348867925
0 0.7570344828125 0.018238993749999998 0.7297241375 0.019748428125000002 0.7272413796875 0.0378616359375 0.7454482765625 0.0733333328125 0.7657241375 0.0537106921875 0.7570344828125 0.018238993749999998
0 0.8247241375 0.675597484375 0.8061034484375 0.6950943390625001 0.8202413796875 0.7101886796875 0.8336896546875 0.6862893078125001 0.8247241375 0.675597484375
0 0.1408965515625 0.1061006296875 0.11882758593750001 0.083270440625 0.0801034484375 0.10283018906250001 0.0902413796875 0.1669811328125 0.1391034484375 0.1495597484375 0.1408965515625 0.1061006296875
0 0.49379310312499997 0.5842767296875 0.474793103125 0.5596226421875 0.432793103125 0.5596226421875 0.4185517234375 0.6646540875 0.4782758625 0.6779874218749999 0.49379310312499997 0.5842767296875
0 0.3047586203125 0.34955974843750004 0.288655171875 0.3028301890625 0.26662068906249997 0.32345911875 0.26662068906249997 0.3745283015625 0.29579310312499996 0.378867925 0.3047586203125 0.34955974843750004
0 0.4077241375 0.82654088125 0.40634482812500006 0.770943396875 0.3521724140625 0.7647798734375 0.3521724140625 0.8191194968750001 0.37 0.8509433968750001 0.4077241375 0.82654088125
0 0.06603448281249999 0.732704403125 0.0417241375 0.7040251578125 0.013827585937500001 0.7366666671875 0.0216896546875 0.7849056609375 0.054586206250000005 0.7810062890625 0.06603448281249999 0.732704403125