0 0.5438848921874999 0.237841409375 0.5448920859374999 0.2292951546875 0.5428776984375 0.2048898671875 0.5269424453125 0.20731277499999998 0.5229856109375 0.23171806093749997 0.5299280578125 0.2402643171875 0.5438848921874999 0.237841409375
0 0.0837410078125 0.24757709218750001 0.12557553906250002 0.22563876718749998 0.13553956875 0.1817180609375 0.1295683453125 0.16220264375 0.11061151093749999 0.16220264375 0.0697841734375 0.15731277500000002 0.041906475 0.2036563875 0.050863309375 0.23537444999999999 0.0837410078125 0.24757709218750001
0 0.22517985624999998 0.5171365640625 0.2540647484375 0.5366519828125 0.3038489203125 0.5293392078125 0.327769784375 0.5098237890624999 0.3305755390625 0.4792951546875 0.327769784375 0.45127753281249994 0.3058273375 0.42568281875 0.2948920859375 0.411013215625 0.2709712234375 0.41837004375 0.2530575546875 0.4317621140625 0.2271582734375 0.47691629999999996 0.22517985624999998 0.5171365640625
0 0.33672661875 0.4878854625 0.34071942499999996 0.5134801765625 0.363597121875 0.51471365625 0.3885251796875 0.51837004375 0.40446043125 0.5159471359375 0.41938848906250004 0.4976211453125 0.4253597125 0.46955947187499997 0.4253597125 0.46105726875 0.41442446093749996 0.42933920781249996 0.3835251796875 0.42933920781249996 0.35064748125 0.44885462499999995 0.341690646875 0.46224669531250007 0.33672661875 0.4878854625
0 0.6923021578124999 0.8672246703125 0.7201798562499999 0.890396475 0.76399280625 0.9025991187500001 0.796870503125 0.8806607921875 0.8018345328125 0.8281938328124999 0.79089928125 0.7964757703124999 0.7739568343750001 0.7818502203125 0.7211870499999999 0.790396475 0.6912949640625 0.8025550656249999 0.6833453234375 0.8318502203125 0.6923021578124999 0.8672246703125
0 0.5528417265625001 0.8721145375000001 0.554856115625 0.8586784140624999 0.5478776984375 0.8513656390625 0.5398920859375 0.8562555062499999 0.536906475 0.8672246703125 0.5448920859374999 0.8721145375000001 0.5528417265625001 0.8721145375000001
0 0.74208633125 0.5391189421875 0.752050359375 0.5049339203125001 0.74208633125 0.47933920781249995 0.7171942453125 0.465903084375 0.7052517984375 0.498854625 0.7191726625 0.5329955953125001 0.74208633125 0.5391189421875
0 0.804856115625 0.23418502187499998 0.7719784171875 0.26220264375 0.769964028125 0.32563876718749996 0.8088129500000001 0.35493392031250004 0.867589928125 0.34149779687500004 0.9183812953125001 0.3281057265625 0.9402877703125 0.3170925109375 0.9412949640624999 0.28171806093749996 0.9273381296875 0.2548898671875 0.8665827343749999 0.23418502187499998 0.8426978421875001 0.23171806093749997 0.804856115625 0.23418502187499998
0 0.15046762656249998 0.8855066078125 0.1614388484375 0.8867400875 0.16442446093750002 0.8769603531250001 0.1604316546875 0.8586784140624999 0.1554676265625 0.857444934375 0.1474820140625 0.8611453750000001 0.1464748203125 0.8721145375000001 0.15046762656249998 0.8855066078125
0 0.5628057546874999 0.40370044062500005 0.571762590625 0.396387665625 0.5747482015625 0.3939647578125 0.5697841734375 0.3756387671875 0.5617985609375 0.3756387671875 0.5558273375 0.391497796875 0.554856115625 0.398854625 0.5628057546874999 0.40370044062500005
0 0.15046762656249998 0.28537445 0.1534532375 0.28660792968750004 0.1604316546875 0.2829515421875 0.1614388484375 0.2780616734375 0.16442446093750002 0.264669603125 0.1534532375 0.264669603125 0.1474820140625 0.268325990625 0.139496403125 0.2780616734375 0.15046762656249998 0.28537445