0 0.63374083125 0.34444444375 0.6134474328125 0.38333333281250004 0.635696821875 0.4132478625 0.6635696828125 0.35555555625 0.63374083125 0.34444444375
0 1 0.9182051281250001 0.9952078234374999 0.9063675218749999 0.9812713937499999 0.901239315625 0.9727139359375 0.9200427343750001 0.974914425 0.9585042734375 0.9878728609375 0.962777778125 0.9961858187500001 0.959358975 1 0.9513675218750001 1 0.9182051281250001
0 0.794963325 0.0629487171875 0.8058679703125 0.096794871875 0.8298044015625001 0.1103418796875 0.8491687046875 0.1072649578125 0.8583374078125001 0.091239315625 0.8389731046875 0.0377350421875 0.8217114921875 0.022948717187500002 0.8076283625 0.018632478124999997 0.794963325 0.032777778125000004 0.794963325 0.0629487171875
0 0.1678728609375 0.59619658125 0.16987775 0.573418803125 0.15132029375 0.5646581203125 0.134278728125 0.570811965625 0.1277506109375 0.603205128125 0.14579462031249998 0.628632478125 0.1678728609375 0.59619658125
0 0.49168704218750003 0.209829059375 0.48117359375 0.195811965625 0.46662591718749996 0.20542734999999998 0.46009779999999995 0.24047008593750002 0.475647921875 0.24923076875 0.49168704218750003 0.209829059375
0 0.1152322734375 0.1978632484375 0.10371638125 0.18837606875 0.0840586796875 0.171794871875 0.0677995109375 0.22863247812499998 0.08136919375 0.273632478125 0.10168704218749999 0.24521367500000002 0.1152322734375 0.1978632484375
0 0.3335207828125 0.58141025625 0.2840586796875 0.5612820515625 0.271882640625 0.631153846875 0.29220048906249996 0.68444444375 0.3335207828125 0.6276068375 0.3335207828125 0.58141025625
0 0.9168704156249999 0.45115384687500004 0.9012713937499999 0.5162820515625001 0.9344743281250001 0.4985470078125 0.9365036671875 0.4558974359375 0.9168704156249999 0.45115384687500004
0 0.950733496875 0.6619230765624999 0.9324449875 0.6690598296875 0.9290464546875 0.7294444437500001 0.9629339859374999 0.721153846875 0.9703911984375001 0.676153846875 0.950733496875 0.6619230765624999
0 0.8118337406249999 0.554188034375 0.8016870421875 0.595641025 0.8254034234375001 0.6050854703125 0.8328606359374999 0.5766666671875 0.8118337406249999 0.554188034375
0 0.1753789734375 0.7118803421875 0.1778973109375 0.6925641031249999 0.16987775 0.642649571875 0.151833740625 0.6452564109375001 0.1447921765625 0.6934615390625 0.1603422984375 0.7144871796875 0.1753789734375 0.7118803421875
0 0.8573594124999999 0.40247863281249996 0.841735940625 0.3793162390625 0.8152567234375001 0.425598290625 0.8356968218749999 0.4644871796875 0.8627872859375 0.4529487171875 0.8573594124999999 0.40247863281249996
0 0.21985329999999997 0.027863248437499998 0.2114425421875 0.0026068375 0.19097799531249998 0.00683760625 0.20119804375 0.037307692187500005 0.2174572125 0.0404700859375 0.21985329999999997 0.027863248437499998
0 0.544376528125 0.048418803125 0.5422982890625 0.03162393125 0.5383618578125 0.0168803421875 0.5173105140625001 0.04141025625 0.52381418125 0.0659401703125 0.5398533 0.06418803437500001 0.544376528125 0.048418803125
0 0.5014914421875 0.7936752140625 0.5065036671875001 0.8141025640624999 0.518215159375 0.8163247859375 0.53114914375 0.8017094015625 0.5424449874999999 0.7688461531249999 0.5253056234375 0.76957265 0.511931540625 0.76957265 0.5040097796875 0.7702991453125 0.5014914421875 0.7936752140625
0 0.8842298281250001 0.2265384609375 0.88633251875 0.16568376093749998 0.8845965765624999 0.13952991406249998 0.866845965625 0.1243162390625 0.8410757953125 0.1523076921875 0.8396821515624999 0.1985470078125 0.8598777500000001 0.22773504218750001 0.8842298281250001 0.2265384609375