0 0.559226190625 0.7888489203125 0.570476190625 0.76172661875 0.5694642859375 0.739496403125 0.555178571875 0.728417265625 0.53470238125 0.7357553953125 0.528571428125 0.7653956828124999 0.5388095234375 0.7876259 0.559226190625 0.7888489203125
0 0.21440476249999998 0.37935251875 0.231071428125 0.3557553953125 0.23595238125 0.3273381296875 0.2280952375 0.30136690625 0.216369046875 0.30136690625 0.2036904765625 0.3143884890625 0.194880953125 0.35100719375 0.1997619046875 0.38057553906249997 0.21440476249999998 0.37935251875
0 0.7180952375 0.1228776984375 0.7357142859375 0.11223021562499999 0.737678571875 0.081510790625 0.7200595234375 0.0673381296875 0.68875 0.07208633125 0.654523809375 0.0897841734375 0.6642857140625 0.13 0.6916666671875 0.128776978125 0.7180952375 0.1228776984375
0 0.23339285781250002 0.6419424453125 0.24565476249999998 0.607410071875 0.2191071421875 0.5876259 0.17720238125 0.59381295 0.171071428125 0.6222302156249999 0.1914880953125 0.651870503125 0.23339285781250002 0.6419424453125
0 0.5867857140625 0.7197122296875 0.616428571875 0.7 0.61845238125 0.6629496406250001 0.6031547625 0.6357553953124999 0.5500595234375 0.6579856109375 0.5418452375 0.698776978125 0.5582142859375 0.716043165625 0.5867857140625 0.7197122296875
0 0.5469642859375 0.575323740625 0.53470238125 0.5802158265624999 0.5296428578125 0.6172661875000001 0.547976190625 0.637050359375 0.5694642859375 0.630863309375 0.600119046875 0.60244604375 0.6154166671875 0.571582734375 0.6245833328125 0.545683453125 0.6133928578125001 0.5197122296875001 0.5827380953125 0.51482014375 0.5602380953125 0.5357553953124999 0.5602380953125 0.5653956828125 0.5469642859375 0.575323740625
0 0.6858928578125 0.6123021578125 0.6910119046875 0.60244604375 0.6900000000000001 0.5802158265624999 0.661369046875 0.59136690625 0.65625 0.60863309375 0.6644642859375 0.6184892093750001 0.6858928578125 0.6123021578125
0 0.4686904765625 0.703237409375 0.5 0.694964028125 0.5097619046874999 0.6890647484375 0.5097619046874999 0.6772661875 0.5097619046874999 0.6571942453124999 0.5029166671875 0.6476978421874999 0.4785119046875 0.6548201437500001 0.459880953125 0.6500719421875 0.45208333281249996 0.6642446046875 0.450119046875 0.6902877703125 0.4686904765625 0.703237409375
0 0.7317857140624999 0.7694244609374999 0.746428571875 0.7658992812500001 0.7572023812500001 0.7399280578125 0.7630952375 0.7363309359375 0.7523214281249999 0.7162589921875 0.7395833328125 0.7008633093750001 0.728869046875 0.7162589921875 0.729821428125 0.7399280578125 0.7278571421875 0.7635251796875 0.7317857140624999 0.7694244609374999
0 0.39732142812500004 0.8226618703125 0.405119046875 0.7978417265625 0.38654761875 0.7859712234375 0.3660119046875 0.7859712234375 0.35035714218749997 0.7919424453125 0.373869046875 0.8120143890625 0.39732142812500004 0.8226618703125
0 0.6339880953125 0.7138848921875 0.6183333328125 0.7387050359375 0.5988095234374999 0.7588489203125001 0.6183333328125 0.7671223015625 0.63595238125 0.7493525187500001 0.6339880953125 0.7138848921875
0 0.68875 0.9124460437499999 0.6741071421875 0.920719425 0.6858333328125 0.940863309375 0.6985119046875 0.9302158265625 0.68875 0.9124460437499999
0 0.8315476187499999 0.849856115625 0.8168452374999999 0.8462589921875001 0.8236904765625 0.87935251875 0.850119046875 0.8829496406249999 0.8315476187499999 0.849856115625
0 0.586071428125 0.2789208640625 0.6105357140625001 0.24582733750000002 0.5889880953125 0.211510790625 0.5616071421875 0.2127338125 0.5469642859375 0.229280575 0.5371428578125 0.2717985609375 0.56845238125 0.2671223015625 0.586071428125 0.2789208640625
0 0.8931547625 0.39827338125 0.9136904765624999 0.38532374062499997 0.93029761875 0.35100719375 0.9371428578125001 0.3427338125 0.8980357140624999 0.3451079140625 0.8706547625000001 0.34158273437500003 0.8628571421875 0.37345323750000003 0.86970238125 0.40064748124999994 0.8931547625 0.39827338125
0 0.578630953125 0.051870503125 0.5847619046875 0.033309353125 0.5714880953125 0.007410071875 0.53470238125 0.0036690640625 0.5163095234374999 0.037050359375 0.5469642859375 0.069136690625 0.578630953125 0.051870503125