0 0.49913749999999996 0.7554000000000001 0.5332874999999999 0.75175 0.5478875000000001 0.7237 0.5405875 0.69685 0.5247375 0.6822 0.5039875 0.6809999999999999 0.4820375 0.6883 0.4771375 0.7237 0.4820375 0.7481 0.49913749999999996 0.7554000000000001
0 0.6930375 0.248 0.7076875 0.2504 0.7089375 0.23820000000000002 0.7076875 0.23335 0.6979375 0.23090000000000002 0.6918375 0.23454999999999998 0.6930375 0.248
0 0.5100875 0.3224 0.5210874999999999 0.32115 0.5259375000000001 0.3102 0.5198375000000001 0.29435 0.5076375 0.2919 0.5039875 0.3102 0.5100875 0.3224
0 0.4516375 0.24935000000000002 0.4610875 0.24935000000000002 0.46223749999999997 0.23935 0.45873749999999996 0.23345 0.4498875 0.2323 0.4451875 0.23464999999999997 0.4416375 0.2411 0.4439875 0.24820000000000003 0.4516375 0.24935000000000002
0 0.5122375 0.16405 0.5210874999999999 0.1682 0.5292875 0.15935 0.5287375 0.1476 0.5204875 0.13640000000000002 0.5028374999999999 0.13935 0.5028374999999999 0.15289999999999998 0.5122375 0.16405
0 0.6804875 0.1382 0.6916375 0.14345000000000002 0.6987375 0.1323 0.6939875 0.12110000000000001 0.6845875 0.12405 0.6804875 0.1382
0 0.7281375 0.2323 0.7398875 0.23759999999999998 0.7445875 0.22759999999999997 0.7434375 0.2217 0.7322375 0.21760000000000002 0.7275375000000001 0.2264 0.7281375 0.2323
0 0.3922375 0.20990000000000003 0.3992375 0.21190000000000003 0.40673750000000003 0.2089 0.4082375 0.1994 0.40373749999999997 0.1924 0.3972375 0.18939999999999999 0.3892375 0.19290000000000002 0.38973749999999996 0.2004 0.3922375 0.20990000000000003
0 0.5810375 0.90425 0.5870375 0.9022500000000001 0.5925374999999999 0.8947499999999999 0.5890375 0.8877499999999999 0.5815375 0.88475 0.5765374999999999 0.8852499999999999 0.5725374999999999 0.8957499999999999 0.5735375 0.89975 0.5810375 0.90425
0 0.6550374999999999 0.92425 0.6600374999999999 0.92275 0.6610375000000001 0.9157500000000001 0.6570375 0.90825 0.6510374999999999 0.9087500000000001 0.6460375 0.91425 0.6490375 0.92275 0.6550374999999999 0.92425
0 0.9066875 0.23335 0.9054375 0.23820000000000002 0.9066875 0.2504 0.9213374999999999 0.248 0.9225375 0.23454999999999998 0.9164375 0.23090000000000002 0.9066875 0.23335
0 0.9156375000000001 0.1323 0.9227375 0.14345000000000002 0.9338875 0.1382 0.9297875 0.12405 0.9203875 0.12110000000000001 0.9156375000000001 0.1323
0 0.8709374999999999 0.2217 0.8697874999999999 0.22759999999999997 0.8744875000000001 0.23759999999999998 0.8862375 0.2323 0.8868375000000001 0.2264 0.8821375 0.21760000000000002 0.8709374999999999 0.2217
0 0.9633375 0.9087500000000001 0.9573375000000001 0.90825 0.9533375 0.9157500000000001 0.9543375 0.92275 0.9593375 0.92425 0.9653375000000001 0.92275 0.9683375 0.91425 0.9633375 0.9087500000000001