0 0.55614035 0.7736842109375 0.5552631578125 0.8307017546875001 0.6517543875 0.8263157890624999 0.6517543875 0.7824561390625 0.55614035 0.7736842109375
0 0.5096491234375 0.818421053125 0.5157894734374999 0.8017543874999999 0.512280703125 0.8008771921875001 0.5 0.7982456124999999 0.4921052625 0.8026315796875 0.49385965 0.8166666656249999 0.5096491234375 0.818421053125
0 0.460526315625 0.8201754390625 0.460526315625 0.8061403500000001 0.44561403437499997 0.804385965625 0.44561403437499997 0.8114035078124999 0.4508771921875 0.8175438609375 0.460526315625 0.8201754390625
0 0.6008771921875 0.6596491234374999 0.6016308375 0.6378799109375 0.5819866578124999 0.6378799109375 0.57012601875 0.643439584375 0.5675438609375 0.6605263156250001 0.5675438609375 0.6763157890625 0.5824561390625 0.6736842109375 0.6008771921875 0.6596491234374999
0 0.5692982453125001 0.6280701765625001 0.5763157890625 0.6342105265625 0.5824561390625 0.6359649125 0.58875571875 0.6257281 0.5736842109375 0.6201754390625001 0.5692982453125001 0.6280701765625001
0 0.47280701875000003 0.62280701875 0.45701754531249994 0.6219298234374999 0.4596491234375 0.6377192968750001 0.47719298125 0.6447368421874999 0.483333334375 0.6307017546875 0.47280701875000003 0.62280701875
0 0.374561403125 0.7070175453124999 0.39736842031249997 0.6807017546874999 0.3912280703125 0.662280703125 0.374561403125 0.6596491234374999 0.3385964921875 0.687719296875 0.3385964921875 0.70614035 0.3473684203125 0.7175438609375 0.374561403125 0.7070175453124999
0 0.47280701875000003 0.6087719296875 0.4842105265625 0.5982456125 0.4736842109375 0.5929824546875 0.4675438609375 0.5991228078125 0.47280701875000003 0.6087719296875
0 0.42456140312499996 0.4640350875 0.42456140312499996 0.45 0.4087719296875 0.45 0.40789473750000005 0.4640350875 0.42456140312499996 0.4640350875
0 0.4324561390625 0.3868421046875 0.43508771875 0.3578947375 0.42280701875000004 0.345614034375 0.37719298125 0.3429824546875 0.3701754390625 0.368421053125 0.3763157890625 0.4 0.4 0.4096491234375 0.4324561390625 0.3868421046875
0 0.32456140312500004 0.1421052625 0.3491228078125 0.1078947375 0.3219298234375 0.1026315796875 0.3096491234375 0.112280703125 0.3096491234375 0.1368421046875 0.32456140312500004 0.1421052625
0 0.3491228078125 0.2131578953125 0.3578947375 0.2017543875 0.3429824546875 0.1947368421875 0.337719296875 0.20087719218750003 0.3491228078125 0.2131578953125
0 0.22982456093749998 0.1078947375 0.2570175453125 0.0824561390625 0.2263157890625 0.0640350875 0.22982456093749998 0.1078947375
0 0.13508771875 0.7307017546875 0.15350877031250001 0.7157894734375 0.14298245468749998 0.7 0.118421053125 0.704385965625 0.11578947343749998 0.716666665625 0.13508771875 0.7307017546875
0 0.1824561390625 0.79385965 0.183333334375 0.7780701765625 0.16491228125 0.7763157890625 0.16666666562500002 0.7929824546875001 0.1824561390625 0.79385965
0 0.2692982453125 0.12631578906250002 0.2859649125 0.1114035078125 0.274561403125 0.09736842031250001 0.25614035 0.104385965625 0.25526315781250003 0.11578947343749998 0.2692982453125 0.12631578906250002
0 0.062280703125 0.7 0.0517543875 0.7157894734375 0.0701754390625 0.7307017546875 0.089473684375 0.716666665625 0.0868421046875 0.704385965625 0.062280703125 0.7
0 0.021929823437500003 0.7780701765625 0.022807018749999998 0.79385965 0.0385964921875 0.7929824546875001 0.0403508765625 0.7763157890625 0.021929823437500003 0.7780701765625