0 0.25028235312499997 0.5652963234375 0.228517646875 0.545084559375 0.19119999999999998 0.5466375 0.16319999999999998 0.5676257359375 0.1429882359375 0.5839551468749999 0.13056470625 0.6204963234374999 0.1048941171875 0.6360492640625 0.0979058828125 0.66560220625 0.1196705875 0.6733669124999999 0.12623529375 0.6740257359374999 0.15960000000000002 0.6740257359374999 0.178752940625 0.6687080875 0.195082353125 0.6399316171875 0.2052 0.619719853125 0.2316235296875 0.6181669125 0.2487294125 0.6228257359375 0.25028235312499997 0.5652963234375
0 0.311717646875 0.4090139703125 0.2673882359375 0.3880257359375 0.230847059375 0.4012492640625 0.22696470624999998 0.45179044062499996 0.2510588234375 0.4650139703125 0.2946117640625 0.46188455937499995 0.3179294125 0.448684559375 0.311717646875 0.4090139703125
0 0.5262823531249999 0.45644926406249997 0.47576470625 0.45489632343749997 0.4462117640625 0.48131985312500003 0.449317646875 0.514755146875 0.49752941249999993 0.5295316171875 0.517647059375 0.4999080875 0.5348235296875 0.49143749999999997 0.5262823531249999 0.45644926406249997
0 0.8220470593750001 0.5517669125 0.8005882359375001 0.520990440625 0.7623294125 0.5368492640625 0.748352940625 0.5676257359375 0.7772705875 0.5928257359375 0.7875294125 0.5993433828125 0.8117882359375 0.5872257359375 0.8220470593750001 0.5517669125
0 0.650847059375 0.3468492640625 0.6396 0.350590440625 0.6384705875 0.3629669125 0.646352940625 0.3655786765625 0.6602117640625 0.3640963234375 0.661717646875 0.34983749999999997 0.650847059375 0.3468492640625
0 0.824047059375 0.601790440625 0.8231529406250001 0.6094375000000001 0.8285411765624999 0.6152963234375 0.8317411765625 0.6157433828125 0.84023529375 0.6116963234374999 0.831247059375 0.603155146875 0.824047059375 0.601790440625
0 0.2644705875 0.373555146875 0.2716235296875 0.37562573593750004 0.2763294125 0.37162573593750003 0.27280000000000004 0.3659786765625 0.26258823593749997 0.36767279375 0.2644705875 0.373555146875
0 0.10233421093749999 0 0.1048941171875 0.0108257359375 0.13056470625 0.026378676562499998 0.1429882359375 0.06291985312500001 0.16319999999999998 0.0792492640625 0.19119999999999998 0.10023750000000001 0.228517646875 0.101790440625 0.25028235312499997 0.0815786765625 0.2487294125 0.0240492640625 0.2316235296875 0.0287080875 0.2052 0.027155146875 0.195082353125 0.0069433828125 0.19114228125 0 0.10233421093749999 0
0 0.13056470625 0.727555146875 0.1429882359375 0.7640963234375 0.16319999999999998 0.7804257359375 0.19119999999999998 0.8014139703125001 0.228517646875 0.8029669125 0.25028235312499997 0.782755146875 0.2487294125 0.7252257359375001 0.2316235296875 0.7298845593750001 0.2052 0.7283316171875 0.195082353125 0.708119853125 0.178752940625 0.6793433828125 0.15960000000000002 0.6740257359374999 0.12623529375 0.6740257359374999 0.1196705875 0.6746845593749999 0.0979058828125 0.6824492640625001 0.1048941171875 0.71200220625 0.13056470625 0.727555146875
0 0.22696470624999998 0.195084559375 0.230847059375 0.24562573593749998 0.2673882359375 0.25884926406250003 0.311717646875 0.23786102968749998 0.3179294125 0.198190440625 0.2946117640625 0.184990440625 0.2510588234375 0.1818610296875 0.22696470624999998 0.195084559375
0 0.22696470624999998 0.8962610296875001 0.230847059375 0.9468022062499999 0.2673882359375 0.9600257359375 0.311717646875 0.9390375000000001 0.3179294125 0.8993669125 0.2946117640625 0.8861669125 0.2510588234375 0.8830375 0.22696470624999998 0.8962610296875001
0 0.449317646875 0.13211985312500002 0.4462117640625 0.165555146875 0.47576470625 0.1919786765625 0.5262823531249999 0.1904257359375 0.5348235296875 0.1554375 0.517647059375 0.1469669125 0.49752941249999993 0.11734338281250001 0.449317646875 0.13211985312500002
0 0.449317646875 0.8332963234375 0.4462117640625 0.8667316171874999 0.47576470625 0.893155146875 0.5262823531249999 0.89160220625 0.5348235296875 0.8566139703125 0.517647059375 0.8481433828125 0.49752941249999993 0.818519853125 0.449317646875 0.8332963234375
0 0.748352940625 0.0792492640625 0.7623294125 0.11002573593750001 0.8005882359375001 0.125884559375 0.8220470593750001 0.09510808750000001 0.8117882359375 0.0596492640625 0.7875294125 0.0475316171875 0.7772705875 0.054049264062500005 0.748352940625 0.0792492640625
0 0.748352940625 0.7804257359375 0.7623294125 0.81120220625 0.8005882359375001 0.8270610296875001 0.8220470593750001 0.796284559375 0.8117882359375 0.7608257359375 0.7875294125 0.7487080875000001 0.7772705875 0.7552257359375 0.748352940625 0.7804257359375
0 0.6396 0.296284559375 0.650847059375 0.3000257359375 0.661717646875 0.2970375 0.6602117640625 0.2827786765625 0.646352940625 0.2812963234375 0.6384705875 0.2839080875 0.6396 0.296284559375
0 0.6552204390624999 1 0.661717646875 0.9982139703125 0.6602117640625 0.9839551468750001 0.646352940625 0.9824727937500001 0.6384705875 0.985084559375 0.6396 0.9974610296875 0.6472328796875 1 0.6552204390624999 1
0 0.8231529406250001 0.0374375 0.824047059375 0.045084559375 0.831247059375 0.043719853125 0.84023529375 0.0351786765625 0.8317411765625 0.0311316171875 0.8285411765624999 0.031578676562500005 0.8231529406250001 0.0374375
0 0.8231529406250001 0.7386139703125 0.824047059375 0.7462610296875 0.831247059375 0.7448963234375 0.84023529375 0.736355146875 0.8317411765625 0.7323080875 0.8285411765624999 0.732755146875 0.8231529406250001 0.7386139703125
0 0.26258823593749997 0.27920220625000003 0.27280000000000004 0.28089632343750004 0.2763294125 0.2752492640625 0.2716235296875 0.2712492640625 0.2644705875 0.27331985312499996 0.26258823593749997 0.27920220625000003
0 0.26258823593749997 0.9803786765625 0.27280000000000004 0.9820727937499999 0.2763294125 0.9764257359374999 0.2716235296875 0.9724257359375 0.2644705875 0.9744963234374999 0.26258823593749997 0.9803786765625