0 0.7326180250000001 0.4320439921875 0.7974678109375 0.43792382031250005 0.8345064375 0.3714002140625 0.81094420625 0.344447425 0.75364806875 0.328438840625 0.7166094421875 0.36547746718749996 0.7326180250000001 0.4320439921875
0 0.1635193140625 0.7104989265625 0.20605150156250002 0.717237125 0.224163090625 0.7027306859375 0.224163090625 0.686679184375 0.2028755359375 0.6623444203125 0.160429184375 0.6633744640625 0.15004291875 0.6820010734374999 0.1635193140625 0.7104989265625
0 0.041845493750000004 0.648868025 0.076781115625 0.6595976390625 0.0848497859375 0.6345332625 0.076781115625 0.606765021875 0.0463090125 0.604962446875 0.0337768234375 0.6229023609375 0.041845493750000004 0.648868025
0 0.0597424890625 0.784962446875 0.1152789703125 0.8028594421875 0.134978540625 0.786722103125 0.131373390625 0.7706276828124999 0.09824034375 0.7159924890625 0.0463090125 0.6971942062500001 0.029313304687500003 0.731228540625 0.0597424890625 0.784962446875
0 0.260386265625 0.493932403125 0.27854077187500004 0.513631975 0.2915450640625 0.5110139484375 0.2889699578125 0.471657725 0.2660944203125 0.47062768281249995 0.260386265625 0.493932403125
0 0.253218884375 0.45453326250000003 0.2925321890625 0.4674946359375 0.303991415625 0.4436748921875 0.29665236093749997 0.41723712500000004 0.2769957078125 0.401185621875 0.2412446359375 0.4074087984375 0.229613734375 0.4287821890625 0.253218884375 0.45453326250000003
0 0.39871244687499996 0.37770922812499996 0.41416309062499995 0.387580471875 0.4218884125 0.381142703125 0.41931330468750005 0.3661212453125 0.4034334765625 0.3510997859375 0.40042918437499997 0.36397532187500004 0.39871244687499996 0.37770922812499996
0 0.924034334375 0.2729023609375 0.938197425 0.28449034375000004 0.9626609437500001 0.27204399218750003 0.9600858375 0.2420010734375 0.9339055796875 0.23380364843749998 0.9197424890624999 0.24667918437499997 0.924034334375 0.2729023609375
0 0.5944206015625 0.205906653125 0.6227467812499999 0.22607832656250001 0.645922746875 0.2214002140625 0.6429184546875 0.19264485 0.6150214593750001 0.18706545000000002 0.5944206015625 0.205906653125
0 0.13892703906249998 0.6560354078125 0.20798283281250002 0.6551770390625 0.189442059375 0.6105418453125 0.12746781093749998 0.593159871875 0.1184549359375 0.6279238203124999 0.13892703906249998 0.6560354078125
0 0.08859214374999999 1 0.09824034375 0.9965075109375 0.131373390625 0.9418723171875 0.134978540625 0.9257778968749999 0.1152789703125 0.9096405578125 0.0597424890625 0.9275375531250001 0.029313304687500003 0.981271459375 0.038665765625 1 0.08859214374999999 1
0 0.9600858375 0.045606223437499996 0.9626609437500001 0.015563304687499998 0.938197425 0.003116953125 0.924034334375 0.0147049359375 0.9197424890624999 0.0409281109375 0.9339055796875 0.0538036484375 0.9600858375 0.045606223437499996
0 0.645922746875 0.06620708125 0.6227467812499999 0.0615289703125 0.5944206015625 0.08170064375 0.6150214593750001 0.10054184531249999 0.6429184546875 0.094962446875 0.645922746875 0.06620708125