0 0.2078478671875 0.6578351109375 0.1789610390625 0.640970546875 0.163710575 0.6257200828125 0.1508719859375 0.636165353125 0.135621521875 0.640970546875 0.11153988906250001 0.6578351109375 0.1348237484375 0.6706737015625001 0.1468460109375 0.7132154453124999 0.1757513921875 0.7172228671875 0.19580705 0.6883360390625 0.2078478671875 0.6578351109375
0 0.8532467531249999 0.3716198984375 0.8324675328125 0.361044759375 0.8083487937499999 0.3792265765625 0.836549165625 0.3974083953125 0.8532467531249999 0.3716198984375
0 0.51447124375 0.514959415625 0.5024304265625 0.474031771875 0.398886828125 0.4282803796875 0.3659740265625 0.45236201249999997 0.3563450828125 0.48366071406250005 0.3115027828125 0.530803571875 0.3459183671875 0.5847924390625 0.3491280140625 0.6473898421875 0.3651762515625 0.6778907703125 0.40610389687500004 0.7244584875 0.4494434140625 0.6939575609374999 0.4687198515625 0.685924165625 0.5128571421875 0.658632884375 0.49601113124999996 0.6233267625 0.5008163265625 0.5655345546875 0.51447124375 0.514959415625
0 0.7780333953125 0.2546254640625 0.7388497218750001 0.23380913749999999 0.7196660484375 0.252176484375 0.725788496875 0.278707096875 0.7515027828124999 0.2934009734375 0.78374768125 0.2831968921875 0.7780333953125 0.2546254640625
0 0.7894619671875 0.3223620125 0.7657884968750001 0.31625811718749997 0.7547680890625 0.3378722171875 0.7633395171874999 0.3464436453125 0.7882374765625 0.3444028296875 0.7894619671875 0.3223620125
0 0.6175324671875 0.18700023125 0.609053803125 0.18700023125 0.60398886875 0.19885551875000002 0.6107606671875 0.1996903984375 0.6183673468750001 0.20223214218750002 0.620909090625 0.196313775 0.6175324671875 0.18700023125
0 0.4951948046875 0.2260169296875 0.49198515781249996 0.184272959375 0.402096475 0.166610621875 0.38042671562499997 0.197927875 0.38523191093750003 0.25891117812500003 0.389257884375 0.2974455015625 0.40129870156249997 0.32072935937499997 0.448645640625 0.327946428125 0.4759369203125 0.2950336265625 0.5024304265625 0.2902284328125 0.4951948046875 0.2260169296875
0 0.20035302656249998 1 0.19580705 0.9884844625 0.1757513921875 0.9595976343749999 0.1468460109375 0.9636050562499999 0.1365608296875 1 0.20035302656249998 1
0 0.725788496875 0.040042903125 0.7196660484375 0.066573515625 0.7388497218750001 0.0849408625 0.7780333953125 0.0641245359375 0.78374768125 0.0355531078125 0.7515027828124999 0.025349026562499998 0.725788496875 0.040042903125
0 0.6107606671875 0.11905960156249999 0.60398886875 0.11989448124999999 0.609053803125 0.13174976875 0.6175324671875 0.13174976875 0.620909090625 0.122436225 0.6183673468750001 0.11651785781249999 0.6107606671875 0.11905960156249999
0 0.4002751125 0 0.389257884375 0.0213044984375 0.38523191093750003 0.059838821875 0.38042671562499997 0.120822125 0.402096475 0.152139378125 0.49198515781249996 0.13447704062500002 0.4951948046875 0.0927330703125 0.5024304265625 0.028521567187500003 0.4759369203125 0.0237163734375 0.4562713140625 0 0.4002751125 0