0 0.379463734375 0.8850370375000001 0.4143773140625 0.8935308640624999 0.46627855 0.878419753125 0.48422916718750003 0.8359506171875 0.48988348750000005 0.79819753125 0.4823279328125 0.7774320984374999 0.43136496874999997 0.7651604937500001 0.4011674375 0.7717530859374999 0.37756249999999997 0.801975309375 0.3709699078125 0.852 0.379463734375 0.8850370375000001
0 0.54840200625 0.2139506171875 0.5370933640625 0.196938271875 0.524821759375 0.1875061734375 0.5125501546875 0.21111111093749999 0.511587190625 0.22525925937500002 0.522920525 0.23375308593750002 0.5465254625 0.23565432031250003 0.54840200625 0.2139506171875
0 0.5710686734375 0.085580246875 0.57484645 0.09688888906250001 0.5908711421875 0.10066666718749999 0.5927723765625 0.080864196875 0.58711805625 0.0723703703125 0.5710686734375 0.085580246875
0 0.6739328703125 0.4564691359375 0.6815625 0.460296296875 0.6919575625000001 0.455382715625 0.68976003125 0.44172839531249997 0.6706489203125 0.44335802500000004 0.6739328703125 0.4564691359375
0 0.681019290625 0.5482469140624999 0.68976003125 0.5542469140625 0.7001304015625001 0.5515061734375 0.69904398125 0.5400493828124999 0.684303240625 0.5389629625000001 0.681019290625 0.5482469140624999
0 0.548303240625 0.576641975 0.55484645 0.5750123453125 0.56304398125 0.5640740734375 0.5553896609375 0.5482469140624999 0.5417353390625 0.5547901234375 0.548303240625 0.576641975
0 0.6913896609375 0.7099259265625 0.6881304015625 0.6957283953125 0.6706489203125 0.7022716046874999 0.6777353390624999 0.7104691359374999 0.6913896609375 0.7099259265625
0 0.34000694375 0.77380246875 0.3359081796875 0.7823209875 0.337463734375 0.79244444375 0.3463279328125 0.7930864203125 0.3501304015625 0.7870864203125 0.3463279328125 0.7769629625000001 0.34000694375 0.77380246875
0 0.5419575625 0.38 0.5538094140625 0.3851851859375 0.5594884265625 0.38074074062499996 0.558500771875 0.3725925921875 0.5461550921875 0.3716049375 0.5419575625 0.38
0 1 0.77132571875 0.97176003125 0.7651604937500001 0.9207970671875 0.7774320984374999 0.9132415125 0.79819753125 0.9188958328125001 0.8359506171875 0.93684645 0.878419753125 0.9887476859375001 0.8935308640624999 1 0.890793384375 1 0.77132571875
0 0.2272168203125 0.852 0.22062422812500002 0.801975309375 0.197019290625 0.7717530859374999 0.166821759375 0.7651604937500001 0.115858796875 0.7774320984374999 0.108303240625 0.79819753125 0.1139575625 0.8359506171875 0.1319081796875 0.878419753125 0.1838094140625 0.8935308640624999 0.21872299375 0.8850370375000001 0.2272168203125 0.852
0 0.8905748453125 0.21111111093749999 0.878303240625 0.1875061734375 0.8660316359375001 0.196938271875 0.8547229937499999 0.2139506171875 0.8565995375 0.23565432031250003 0.880204475 0.23375308593750002 0.891537809375 0.22525925937500002 0.8905748453125 0.21111111093749999
0 0.0856365734375 0.21111111093749999 0.07336496875000001 0.1875061734375 0.0610933640625 0.196938271875 0.049784721875 0.2139506171875 0.051661265624999994 0.23565432031250003 0.075266203125 0.23375308593750002 0.0865995375 0.22525925937500002 0.0856365734375 0.21111111093749999
0 0.81600694375 0.0723703703125 0.8103526234375 0.080864196875 0.8122538578125 0.10066666718749999 0.82827855 0.09688888906250001 0.8320563265625 0.085580246875 0.81600694375 0.0723703703125
0 0.011068673437499999 0.0723703703125 0.0054143515625 0.080864196875 0.007315585937500001 0.10066666718749999 0.023340278125 0.09688888906250001 0.02711805625 0.085580246875 0.011068673437499999 0.0723703703125
0 0.7324760796875001 0.44335802500000004 0.71336496875 0.44172839531249997 0.7111674375 0.455382715625 0.7215625 0.460296296875 0.7291921296874999 0.4564691359375 0.7324760796875001 0.44335802500000004
0 0.718821759375 0.5389629625000001 0.70408101875 0.5400493828124999 0.7029945984375 0.5515061734375 0.71336496875 0.5542469140625 0.722105709375 0.5482469140624999 0.718821759375 0.5389629625000001
0 0.8613896609375 0.5547901234375 0.8477353390625 0.5482469140624999 0.84008101875 0.5640740734375 0.8482785500000001 0.5750123453125 0.8548217593749999 0.576641975 0.8613896609375 0.5547901234375
0 0.0564513890625 0.5547901234375 0.042797067187499996 0.5482469140624999 0.035142746875000005 0.5640740734375 0.043340278125 0.5750123453125 0.049883487500000004 0.576641975 0.0564513890625 0.5547901234375
0 0.7149945984375 0.6957283953125 0.7117353390625001 0.7099259265625 0.7253896609375 0.7104691359374999 0.7324760796875001 0.7022716046874999 0.7149945984375 0.6957283953125
0 0.26227855 0.7823209875 0.258179784375 0.77380246875 0.251858796875 0.7769629625000001 0.24805632656249998 0.7870864203125 0.251858796875 0.7930864203125 0.26072299375 0.79244444375 0.26227855 0.7823209875
0 0.8569699078124999 0.3716049375 0.844624228125 0.3725925921875 0.8436365734375 0.38074074062499996 0.8493155859374999 0.3851851859375 0.8611674375 0.38 0.8569699078124999 0.3716049375
0 0.0520316359375 0.3716049375 0.03968595625 0.3725925921875 0.038698303125 0.38074074062499996 0.0443773140625 0.3851851859375 0.0562291671875 0.38 0.0520316359375 0.3716049375