0 0.40729166718750004 0.57234375 0.4678645828125 0.5895833328125 0.5079687500000001 0.5433854171875 0.496875 0.48890625 0.41614583281249995 0.4973958328125 0.40729166718750004 0.57234375
0 0.2864583328125 0.54875 0.3222916671875 0.5528125 0.3222916671875 0.5209895828125 0.2925520828125 0.51484375 0.2864583328125 0.54875
0 0.77546875 0.5944270828125 0.8430729171875001 0.6054166671875 0.86796875 0.5598958328125 0.8514062499999999 0.5233854171875 0.79484375 0.5295833328125 0.77546875 0.5944270828125
0 0.5079687500000001 0.7284895828125 0.4678645828125 0.6822916671875 0.40729166718750004 0.6995312499999999 0.41614583281249995 0.7744791671875 0.496875 0.78296875 0.5079687500000001 0.7284895828125
0 0.5079687500000001 0.1868229171875 0.4678645828125 0.140625 0.40729166718750004 0.1578645828125 0.41614583281249995 0.2328125 0.496875 0.2413020828125 0.5079687500000001 0.1868229171875
0 0.41091578437500004 0 0.40729166718750004 0.0306770828125 0.4678645828125 0.0479166671875 0.5079687500000001 0.0017187500000000002 0.5076187562500001 0 0.41091578437500004 0
0 0.3222916671875 0.7190624999999999 0.2864583328125 0.723125 0.2925520828125 0.75703125 0.3222916671875 0.7508854171875 0.3222916671875 0.7190624999999999
0 0.3222916671875 0.1773958328125 0.2864583328125 0.18145833281249998 0.2925520828125 0.2153645828125 0.3222916671875 0.20921875 0.3222916671875 0.1773958328125
0 0.2877313734375 0 0.2864583328125 0.0070833328125 0.3222916671875 0.011145832812500001 0.3222916671875 0 0.2877313734375 0
0 0.86796875 0.7119791671875 0.8430729171875001 0.6664583328125 0.77546875 0.6774479171875 0.79484375 0.7422916671875 0.8514062499999999 0.7484895828125 0.86796875 0.7119791671875
0 0.86796875 0.1703125 0.8430729171875001 0.12479166718750001 0.77546875 0.13578125000000002 0.79484375 0.200625 0.8514062499999999 0.2068229171875 0.86796875 0.1703125
0 0.7912333078125 0 0.77546875 0.0527604171875 0.8430729171875001 0.06375 0.86796875 0.0182291671875 0.8596993140625001 0 0.7912333078125 0