0 0.9830479453125 0.272341609375 0.9511986296874999 0.2743621578125 0.953904109375 0.3068964046875 0.9769520546875 0.31638270625 0.9816780828124999 0.31367722656249997 0.9830479453125 0.272341609375
0 0.978972603125 0.67275256875 0.9688013703125 0.653779965625 0.9532191781250001 0.6530950343749999 0.9511986296874999 0.66124571875 0.96 0.6903553078125 0.9755821921875001 0.6890196921875 0.978972603125 0.67275256875
0 0.5155479453125 0.7174785953125 0.5094520546875 0.7059375 0.5040410953125 0.7100128421874999 0.49931506875 0.71812928125 0.5108219171874999 0.724225171875 0.5155479453125 0.7174785953125
0 0.4965753421875 0.6978210609375 0.492534246875 0.6924101031250001 0.48575342499999996 0.6971361296875 0.48575342499999996 0.7079922937500001 0.49318493124999996 0.7079922937500001 0.4965753421875 0.6978210609375
0 0.428150684375 0.6700470890625 0.40784246562500004 0.6693621578125 0.39969178125 0.687649828125 0.4098630140625 0.6951155828125 0.428150684375 0.6910402390625 0.428150684375 0.6700470890625
0 0.3265410953125 0.7025470890625 0.2980821921875 0.7039169515625 0.288595890625 0.7222046234375 0.29400685000000004 0.7289854453125 0.32246575312500003 0.7398073625 0.333972603125 0.731690925 0.33332191718750004 0.712033390625 0.3265410953125 0.7025470890625
0 0.20797945156250003 0.2940196921875 0.182910959375 0.29268407500000004 0.16393835625 0.30080051406249997 0.169349315625 0.3156977734375 0.18900685 0.3156977734375 0.20797945156250003 0.2940196921875
0 0.7909589046875001 0.423779965625 0.73 0.423779965625 0.7191438359375 0.4528895546875 0.7421917812500001 0.48405393906249994 0.7672602734375 0.501690925 0.7855479453124999 0.483403253125 0.7868835609375 0.448848459375 0.7909589046875001 0.423779965625
0 0.8018150687500001 0.32350599375 0.7780821921875 0.3350128421875 0.781472603125 0.3553553078125 0.7963698625 0.3553553078125 0.8018150687500001 0.32350599375
0 0.0955136984375 0.357718321875 0.0690753421875 0.3475470890625 0.051472603125 0.3597388703125 0.05349315 0.37124571875 0.0751712328125 0.377341609375 0.0955136984375 0.357718321875
0 0.40003424687500005 0.599225171875 0.38650685 0.6121018828125 0.374965753125 0.6249785953125 0.38650685 0.6392251718749999 0.40750000000000003 0.6426155828125 0.4176712328125 0.6236429796875 0.40003424687500005 0.599225171875
0 0.07143835625 0.6114511984375001 0.0477397265625 0.62025256875 0.040273971874999995 0.6392251718749999 0.032842465625 0.6548073624999999 0.059246575 0.6561429796875 0.0944863015625 0.6453210609375 0.091095890625 0.63312928125 0.07143835625 0.6181977734374999 0.07143835625 0.6114511984375001
0 0.6429452062500001 0.3543279109375 0.60294520625 0.3678895546875 0.6198972609375 0.39836900625 0.6246232875 0.43494435 0.65243150625 0.4735744859375 0.68969178125 0.470184075 0.6930479453125 0.41597174687500005 0.683595890625 0.36922517187500004 0.6429452062500001 0.3543279109375
0 0.47489726093750007 0.3143621578125 0.452534246875 0.304190925 0.43630137031249994 0.31638270625 0.440342465625 0.32994435 0.47219178125 0.33333476093750003 0.47489726093750007 0.3143621578125
0 0.42544520625000004 0.487786815625 0.408527396875 0.4735744859375 0.40784246562500004 0.4898073625 0.4118835609375 0.50336900625 0.42883561718749996 0.5067594171875001 0.42544520625000004 0.487786815625
0 0.7369520546875 0.2359375 0.728972603125 0.24456763750000002 0.7465753421875 0.2486429796875 0.7676027390625 0.2479580484375 0.7716438359375 0.24254708906250003 0.7716438359375 0.24186215781249998 0.76893835625 0.23778681562499998 0.7655479453125 0.2371018828125 0.7581164390625 0.2364511984375 0.7472602734375 0.2364511984375 0.7397945203125 0.2359375 0.7369520546875 0.2359375
0 0.953904109375 0.1649785953125 0.9511986296874999 0.1975128421875 0.9830479453125 0.199533390625 0.9816780828124999 0.15819777343750002 0.9769520546875 0.15549229375 0.953904109375 0.1649785953125
0 0.9511986296874999 0.8654238015625 0.9532191781250001 0.8735744859375 0.9688013703125 0.8728895546875 0.978972603125 0.8539169515625 0.9755821921875001 0.8376498281250001 0.96 0.8363142124999999 0.9511986296874999 0.8654238015625
0 0.5040410953125 0.816656678125 0.5094520546875 0.8207320203125 0.5155479453125 0.809190925 0.5108219171874999 0.80244435 0.49931506875 0.8085402390624999 0.5040410953125 0.816656678125
0 0.48575342499999996 0.8295333906250001 0.492534246875 0.8342594171875 0.4965753421875 0.8288484593750001 0.49318493124999996 0.8186772265625001 0.48575342499999996 0.8186772265625001 0.48575342499999996 0.8295333906250001
0 0.39969178125 0.8390196921875 0.40784246562500004 0.8573073625 0.428150684375 0.8566224312499999 0.428150684375 0.8356292812499999 0.4098630140625 0.8315539390625 0.39969178125 0.8390196921875
0 0.32246575312500003 0.7868621578125 0.29400685000000004 0.797684075 0.288595890625 0.804464896875 0.2980821921875 0.82275256875 0.3265410953125 0.82412243125 0.33332191718750004 0.8146361296875 0.333972603125 0.7949785953124999 0.32246575312500003 0.7868621578125
0 0.16393835625 0.17107448593750002 0.182910959375 0.179190925 0.20797945156250003 0.1778553078125 0.18900685 0.1561772265625 0.169349315625 0.1561772265625 0.16393835625 0.17107448593750002
0 0.7331847203125 0 0.7191438359375 0.018985445312499998 0.73 0.048095034375 0.7909589046875001 0.048095034375 0.7868835609375 0.023026540625 0.7859935359375 0 0.7331847203125 0
0 0.7780821921875 0.1368621578125 0.8018150687500001 0.14836900625 0.7963698625 0.1165196921875 0.781472603125 0.1165196921875 0.7780821921875 0.1368621578125
0 0.051472603125 0.1121361296875 0.0690753421875 0.1243279109375 0.0955136984375 0.11415667812500001 0.0751712328125 0.094533390625 0.05349315 0.10062928125 0.051472603125 0.1121361296875
0 0.38650685 0.88744435 0.374965753125 0.9016909249999999 0.38650685 0.9145676375 0.40003424687500005 0.92744435 0.4176712328125 0.9030265406250001 0.40750000000000003 0.8840539390625001 0.38650685 0.88744435
0 0.0944863015625 0.881348459375 0.059246575 0.870526540625 0.032842465625 0.8718621578124999 0.040273971874999995 0.88744435 0.0477397265625 0.9064169515625 0.07143835625 0.9152183218750001 0.07143835625 0.908471746875 0.091095890625 0.8935402390625 0.0944863015625 0.881348459375
0 0.6512081171874999 0 0.6246232875 0.036930649999999995 0.6198972609375 0.07350599375 0.60294520625 0.10398544531250001 0.6429452062500001 0.1175470890625 0.683595890625 0.10264982812500001 0.6930479453125 0.055903253124999996 0.68969178125 0.001690925 0.6711086859375001 0 0.6512081171874999 0
0 0.43630137031249994 0.15549229375 0.452534246875 0.167684075 0.47489726093750007 0.1575128421875 0.47219178125 0.1385402390625 0.440342465625 0.14193065 0.43630137031249994 0.15549229375
0 0.7581164390625 0.2354238015625 0.7655479453125 0.2347731171875 0.76893835625 0.234088184375 0.7716438359375 0.2300128421875 0.7716438359375 0.2293279109375 0.7676027390625 0.2239169515625 0.7465753421875 0.2232320203125 0.728972603125 0.2273073625 0.7369520546875 0.2359375 0.7397945203125 0.2359375 0.7472602734375 0.2354238015625 0.7581164390625 0.2354238015625