0 0.48792933906249997 0.9300296734375 0.4830628703125 0.89198813125 0.4411044140625 0.8851335312499999 0.4440421 0.9163798218749999 0.48792933906249997 0.9300296734375
0 0.72600055625 0.78172106875 0.74258809375 0.7524629078125 0.731846253125 0.7358753703125 0.7006296359374999 0.7300296734375 0.701608865625 0.7544213656250001 0.72600055625 0.78172106875
0 0.42276613437500005 0.441127596875 0.42887889531249995 0.425845696875 0.40837444375 0.42454005937500006 0.40837444375 0.4385163203125 0.42276613437500005 0.441127596875
0 0.37101539375 0.189554896875 0.379739428125 0.1724629078125 0.361193434375 0.16409495624999998 0.35101539375 0.1797329375 0.37101539375 0.189554896875
0 0.40048126875 0.3067359046875 0.40959106093750003 0.2808902078125 0.3753774109375 0.27833827968749997 0.37647533437499997 0.3001780421875 0.40048126875 0.3067359046875
0 0.6664456609375 0.12881305625 0.6711637609375 0.1120771515625 0.6511637609375 0.1113353109375 0.650807678125 0.12700296718749998 0.6664456609375 0.12881305625
0 0.409887796875 0.1339169140625 0.43525871718750003 0.10465875312499999 0.40890856875 0.063679525 0.370867025 0.0539169140625 0.3552587171875 0.103679525 0.409887796875 0.1339169140625
0 0 0.923248296875 0.0220836421875 0.9163798218749999 0.025021328125 0.8851335312499999 0 0.889221175 0 0.923248296875
0 0.802528746875 0.7358753703125 0.79178690625 0.7524629078125 0.80837444375 0.78172106875 0.832766134375 0.7544213656250001 0.8337453640625 0.7300296734375 0.802528746875 0.7358753703125
0 0.037246846875 0.425845696875 0.04335960625 0.441127596875 0.0577512984375 0.4385163203125 0.0577512984375 0.42454005937500006 0.037246846875 0.425845696875
0 0.08638631249999999 0.1724629078125 0.0951103484375 0.189554896875 0.11511034843750001 0.1797329375 0.1049323078125 0.16409495624999998 0.08638631249999999 0.1724629078125
0 0.056534681249999996 0.2808902078125 0.06564447343749999 0.3067359046875 0.0896504078125 0.3001780421875 0.09074833125000001 0.27833827968749997 0.056534681249999996 0.2808902078125
0 0.8632112390625 0.1120771515625 0.8679293390625 0.12881305625 0.883567321875 0.12700296718749998 0.8832112390625 0.1113353109375 0.8632112390625 0.1120771515625
0 0.057217173437500005 0.063679525 0.030867025 0.10465875312499999 0.0562379453125 0.1339169140625 0.11086702500000001 0.103679525 0.0952587171875 0.0539169140625 0.057217173437500005 0.063679525