0 0.44586025312500005 0.390028090625 0.43049508437500006 0.3853089890625 0.40094452187499996 0.411320225 0.42692766875 0.4337640453125 0.4375737359375 0.4183988765625 0.44586025312500005 0.390028090625
0 0.39858497187499997 0.030702246875 0.3666467703125 0.0519662921875 0.4021242984375 0.0826966296875 0.434034409375 0.0744382015625 0.39858497187499997 0.030702246875
0 0.7567310390624999 0.2883707859375 0.7579108140625 0.25174157343750003 0.731899578125 0.24699438125 0.7200737359375 0.281292134375 0.7390063203125 0.313202246875 0.7567310390624999 0.2883707859375
0 0.3572085671875 0.23283707812499999 0.3572085671875 0.20800561874999998 0.3524613765625 0.2008988765625 0.32765800624999997 0.196179775 0.3170119375 0.21744382031249998 0.3205512640625 0.2552808984375 0.3418433984375 0.25764045 0.3572085671875 0.23283707812499999
0 0.3146523875 0.4479494375 0.293360253125 0.44441011250000007 0.2720962078125 0.44205056249999997 0.2986918234375 0.455925340625 0.2862816015625 0.46924157343750006 0.30518609531249996 0.4550561796875 0.3146523875 0.4479494375
0 0.24136587031249998 0.3392134828125 0.2236411515625 0.3332865171875 0.21771418593749997 0.3533988765625 0.24372542187500001 0.36640449375 0.24136587031249998 0.3392134828125
0 0.21889396093750002 0.375842696875 0.1893433984375 0.37820224687500004 0.1869838484375 0.392387640625 0.20116924218749999 0.4089606734375 0.22007373593750001 0.4018539328125 0.21889396093750002 0.375842696875
0 0.1609726125 0.49879213437500003 0.164540028125 0.48696629218750004 0.1408883421875 0.4881460671875 0.14206811875 0.49997190937499997 0.14206811875 0.512977528125 0.164540028125 0.514157303125 0.1609726125 0.49879213437500003
0 0.5132198031249999 0.6914606734375 0.5581355343750001 0.6914606734375 0.58296699375 0.6914606734375 0.6066186796874999 0.68081460625 0.6231636234375 0.6477247187499999 0.630242275 0.5791573031249999 0.6006917140625 0.5354213484375 0.54869733125 0.52477528125 0.526225421875 0.5354213484375 0.527405196875 0.5531460671875 0.481309690625 0.5992415734375001 0.46476474687499997 0.640617978125 0.4754108140625 0.68081460625 0.5132198031249999 0.6914606734375
0 0.6787254218750001 0.5661516859375 0.7567310390624999 0.547247190625 0.746084971875 0.49879213437500003 0.7011692421875 0.48221910156250003 0.67633778125 0.4680617984375 0.64324789375 0.43140449375 0.6361692421875 0.42550561875000004 0.58178721875 0.4680617984375 0.6066186796874999 0.54014045 0.6373490171875 0.559073034375 0.6787254218750001 0.5661516859375
0 0.748444521875 0.0366011234375 0.731899578125 0.050786517187500005 0.762629915625 0.0519662921875 0.760270365625 0.048426965625 0.748444521875 0.0366011234375
0 0.61251755625 0.2541011234375 0.64442766875 0.2529213484375 0.6243433984375 0.23162921406249998 0.61251755625 0.2541011234375
0 0.6848490171875 0.142528090625 0.6996523875 0.1437640453125 0.7095400281249999 0.145 0.713219803125 0.1264887640625 0.6984164328125 0.1227808984375 0.6885287921875001 0.12401685468750001 0.6823771062499999 0.131432584375 0.6848490171875 0.142528090625
0 0.48484901718750006 0.23266853906249998 0.48484901718750006 0.21165730312500003 0.46383778124999997 0.2042696625 0.4539782296875 0.21165730312500003 0.45768609531250004 0.2301966296875 0.47001755625 0.23390449375000003 0.48484901718750006 0.23266853906249998
0 0.30706811875 0.10674157343749999 0.2934726125 0.0919101125 0.2650737359375 0.10674157343749999 0.2885287921875 0.125252809375 0.3083040734375 0.11412921406250001 0.30706811875 0.10674157343749999
0 0.5453265453125 0.8857584265625 0.5947085671875 0.8499438203125 0.6083040734375 0.8092134828124999 0.5823771062499999 0.76845505625 0.4786692421875 0.7696910109374999 0.45633778124999996 0.8278089890624999 0.46383778124999997 0.8808146062500001 0.5453265453125 0.8857584265625
0 0.7539782296875 0.8882022468749999 0.78237710625 0.8869662921874999 0.795944521875 0.8659831453125 0.789764746875 0.8400561796874999 0.7774332859374999 0.825252809375 0.7477984546875 0.8326685390625 0.7379108140625 0.8598314609375001 0.7379108140625 0.8808146062500001 0.7539782296875 0.8882022468749999
0 0.10954002812500001 0.641292134375 0.1218714890625 0.6375842703125 0.12928721875 0.617837078125 0.120635534375 0.6067415734375 0.1120119375 0.6042696624999999 0.10583216250000001 0.6042696624999999 0.1015625 0.6085393265625 0.1015625 0.6342415734375 0.1021242984375 0.6375842703125 0.10954002812500001 0.641292134375
0 0.5021242984375001 0.3166011234375 0.520635534375 0.3104494375 0.51692766875 0.2832865171875 0.5058321625 0.2832865171875 0.49470856718749995 0.2919101125 0.489764746875 0.3042696625 0.5021242984375001 0.3166011234375
0 0.149034409375 0.217837078125 0.166309690625 0.21044943749999998 0.17001755624999998 0.1906741578125 0.17001755624999998 0.1820505625 0.16015800625 0.188202246875 0.149034409375 0.1894382015625 0.13299508437500002 0.2042696625 0.1342310390625 0.21412921406250002 0.149034409375 0.217837078125
0 0 0.4082254484375 0.0019557578125 0.4089606734375 0.0161411515625 0.392387640625 0.0137816015625 0.37820224687500004 0 0.377101815625 0 0.4082254484375
0 0.06105688124999999 0.49997190937499997 0.0622366578125 0.4881460671875 0.038584971875 0.48696629218750004 0.0421523875 0.49879213437500003 0.038584971875 0.514157303125 0.06105688124999999 0.512977528125 0.06105688124999999 0.49997190937499997
0 0.1015625 0.6085393265625 0.09729283749999999 0.6042696624999999 0.0911130625 0.6042696624999999 0.08248946562500001 0.6067415734375 0.07383778125 0.617837078125 0.0812535109375 0.6375842703125 0.093584971875 0.641292134375 0.1010007015625 0.6375842703125 0.1015625 0.6342415734375 0.1015625 0.6085393265625
0 0.054090590625000004 0.1894382015625 0.04296699375 0.188202246875 0.03310744375 0.1820505625 0.03310744375 0.1906741578125 0.036815309375 0.21044943749999998 0.054090590625000004 0.217837078125 0.0688939609375 0.21412921406250002 0.07012991562500001 0.2042696625 0.054090590625000004 0.1894382015625