0 0.3325773203125 0.519371778125 0.32618556718749997 0.534423325 0.3301443296875 0.54908311875 0.353649484375 0.554031571875 0.3712164953125 0.5344851796875 0.3591752578125 0.51834085 0.3325773203125 0.519371778125
0 0.1818556703125 0.45914497499999996 0.20074226875 0.4541552828125 0.20109278281249998 0.4402583765625 0.185072165625 0.43172229375000004 0.1772371140625 0.4395573453125 0.1818556703125 0.45914497499999996
0 0.0801443296875 0.3789387890625 0.120329896875 0.3682583765625 0.120329896875 0.32634085 0.1028041234375 0.32036146875 0.084412371875 0.329351159375 0.0801443296875 0.3789387890625
0 0.036391753124999995 0.7721759015625 0.0391134015625 0.784052190625 0.05865979375 0.7781140468750001 0.057917525000000004 0.762773840625 0.039360825 0.7551037375 0.034164948437499995 0.760794459375 0.036391753124999995 0.7721759015625
0 0.05 0.7499078609375001 0.0554432984375 0.7590625 0.066082475 0.7585676546875 0.06905154687500001 0.7432274484375 0.058412371875 0.7353099234375 0.05074226875 0.7365470359375 0.05 0.7499078609375001
0 0.48678350468750003 0.382732603125 0.4961855671875 0.36308311875 0.4872164953125 0.3592274484375 0.47779381406250004 0.3579490984375 0.47865979375 0.3712068296875 0.48678350468750003 0.382732603125
0 0.54329896875 0.5902996140625001 0.5503092781250001 0.5935985828125 0.5571134015625 0.5845264171875 0.5490721656249999 0.57112435625 0.5412371140625 0.581433634375 0.54329896875 0.5902996140625001
0 0.7017731953124999 0.15223775781249999 0.6881030921875 0.1706295109375 0.7088865984375 0.183413015625 0.7338350515625 0.1730212625 0.7412577312499999 0.15846456250000002 0.72938144375 0.1442171390625 0.7017731953124999 0.15223775781249999
0 0.67861855625 0.1451037375 0.697010309375 0.1471862109375 0.6931546390625 0.12432023125 0.6711958765625 0.11570167499999999 0.6593195875 0.12163982031250001 0.67861855625 0.1451037375
0 0.8154845359375 0.1679697171875 0.8434020625 0.16500064375 0.849628865625 0.1296604375 0.8371546390625 0.12343363437499999 0.8145979375 0.1379697171875 0.8154845359375 0.1679697171875
0 0.8684742265625 0.421701675 0.8802268046874999 0.4359490984375 0.8948247421875 0.431330540625 0.89197938125 0.41528930468749997 0.8705979375 0.40887693281250004 0.86525773125 0.410670746875 0.8684742265625 0.421701675
0 0.9981443296875 0.5424645625 0.9898969078125001 0.5439078609375 0.98927835 0.5515367265625 0.9938144328125 0.55504188125 0.999587628125 0.55236146875 0.9997938140624999 0.5492686859375 0.9991752578125 0.5443202312500001 0.9981443296875 0.5424645625
0 0.846288659375 0.707454253125 0.863360825 0.704980025 0.861628865625 0.679990334375 0.8482680406249999 0.67776353125 0.8341649484375001 0.6918666234375 0.846288659375 0.707454253125
0 0.611608246875 0.43518621093750004 0.620268040625 0.4537429125 0.6637731953125 0.4479697171875 0.6641855671875 0.43786662343750005 0.6425360828125 0.4283820875 0.6186185562500001 0.4281759015625 0.611608246875 0.43518621093750004
0 0.5190309281250001 0.23374291249999998 0.51527835 0.2625470359375 0.5365773203125 0.26881507656250003 0.5541030921875 0.25712435624999996 0.549917525 0.235413015625 0.528639175 0.22873260312500002 0.5190309281250001 0.23374291249999998
0 0.778350515625 0.36850579843750003 0.82327835 0.35669136562500003 0.8244536078125 0.30232023125 0.773628865625 0.2845882734375 0.7618144328125 0.327144975 0.778350515625 0.36850579843750003
0 0.719010309375 0.7109387890625001 0.7355670109375 0.69912435625 0.7308453609375001 0.6719284796875 0.7131134015625 0.6849387890624999 0.7178350515624999 0.6920315718750001 0.719010309375 0.7109387890625001
0 0.28806185625 0.796794459375 0.28272165 0.807474871875 0.294288659375 0.83568105625 0.31626804062499997 0.8392480671874999 0.3311134015625 0.822031571875 0.32665979375 0.7979697171875 0.29934020625 0.7920315718750001 0.28806185625 0.796794459375
0 0.72938144375 0.083392396875 0.7412577312499999 0.069144975 0.7338350515625 0.0545882734375 0.7088865984375 0.0441965203125 0.6881030921875 0.056980025000000004 0.7017731953124999 0.075371778125 0.72938144375 0.083392396875
0 0.6711958765625 0.1119078609375 0.6931546390625 0.1032893046875 0.697010309375 0.080423325 0.67861855625 0.0825057984375 0.6593195875 0.10596971718749999 0.6711958765625 0.1119078609375
0 0.8371546390625 0.1041759015625 0.849628865625 0.0979490984375 0.8434020625 0.0626088921875 0.8154845359375 0.0596398203125 0.8145979375 0.0896398203125 0.8371546390625 0.1041759015625
0 0.28806185625 0.981330540625 0.29934020625 0.986093428125 0.32665979375 0.9801552828125001 0.3311134015625 0.9560934281250001 0.31626804062499997 0.9388769328125001 0.294288659375 0.9424439437500001 0.28272165 0.9706501281250001 0.28806185625 0.981330540625