0 0.848061225 0.1386543375 0.8173979593749999 0.136664540625 0.8183673468749999 0.16044005156250002 0.8332142859375 0.17135841875 0.848061225 0.1386543375
0 0.6034183671875 0.1892155609375 0.542959184375 0.19911352031250001 0.48551020468750006 0.253603315625 0.47663265312499997 0.3486543375 0.494438775 0.3922767859375 0.6370918375 0.4100829078125 0.7044387750000001 0.3090625 0.6925510203125 0.1980931125 0.6034183671875 0.1892155609375
0 0.7777551015624999 0.319929846875 0.76882653125 0.302123725 0.7480102046875 0.3080420921875 0.7480102046875 0.3239094390625 0.7618877546875 0.33579719375 0.7777551015624999 0.319929846875
0 0.7530102046875 0.49329719375 0.7420918375000001 0.48931760156250004 0.7252551015625001 0.4982461734375 0.72326530625 0.502225765625 0.7302040812499999 0.5200318875 0.7530102046875 0.5141135203125 0.7530102046875 0.49329719375
0 0.36173469375 0.6439094390625 0.2755102046875 0.6656441328125 0.261632653125 0.69538903125 0.2755102046875 0.7290625000000001 0.32010204062500003 0.7528380109375 0.40331632656250005 0.745899234375 0.41224489843749995 0.69538903125 0.36173469375 0.6439094390625
0 0.504336734375 0.6874808671875 0.49132653125000003 0.678603315625 0.4815816328125 0.683501275 0.47663265312499997 0.69635841875 0.496428571875 0.706256378125 0.504336734375 0.7003380109374999 0.504336734375 0.6874808671875
0 0.6472448984375 0.523501275 0.6335204078125 0.510899234375 0.6209183671875 0.5166135203125 0.622602040625 0.5338073984375 0.6404081625 0.537225765625 0.6472448984375 0.523501275
0 0.48219387812500003 0.5022767859374999 0.4649489796875 0.4879400515625 0.45969387812500007 0.511256378125 0.474132653125 0.5143176015625001 0.48219387812500003 0.5022767859374999
0 0.8409183671875 0.833501275 0.826632653125 0.8340114796875 0.8235714281250001 0.84676658125 0.8271428578125001 0.8564604593749999 0.8404081624999999 0.8554400515625 0.8475510203125 0.84523596875 0.8409183671875 0.833501275
0 0.8173979593749999 0.066460459375 0.848061225 0.0644706625 0.8332142859375 0.031766581249999995 0.8183673468749999 0.042684948437499995 0.8173979593749999 0.066460459375
0 0.8271428578125001 0.9385012749999999 0.8235714281250001 0.9481951531249999 0.826632653125 0.9609502546875 0.8409183671875 0.961460459375 0.8475510203125 0.949725765625 0.8404081624999999 0.9395216843749999 0.8271428578125001 0.9385012749999999