0 0.735244565625 0.37770750937500003 0.6678532609375 0.35758893281250004 0.6642959484375 0.42616600781249997 0.712793971875 0.4320553359375 0.735244565625 0.37770750937500003
0 0.41050148281250004 0.5320553359375 0.3969441703125 0.49747035625 0.36358448593750003 0.5086166015625 0.3537030625 0.53822134375 0.3784066203125 0.553043478125 0.41050148281250004 0.5320553359375
0 0.119157609375 0.198735178125 0.13259634375 0.17391304375 0.1228334984375 0.1468774703125 0.11050148281250001 0.1431620546875 0.0993947625 0.1727272734375 0.1055607703125 0.198735178125 0.119157609375 0.198735178125
0 0.13765563281249998 0.0740316203125 0.11789278593750001 0.0481027671875 0.104335475 0.041936759375 0.085797925 0.0764822140625 0.1080508890625 0.0900790515625 0.13765563281249998 0.0740316203125
0 0.7821220359375001 0.26786561249999996 0.789513340625 0.25675889375 0.773465909375 0.24687747031249999 0.7672999015624999 0.24687747031249999 0.7635844859375001 0.2579841890625 0.7672999015624999 0.266640315625 0.7821220359375001 0.26786561249999996
0 0.730264328125 0.2777470359375 0.7388809281250001 0.27031620625 0.7376556328125 0.2505928859375 0.7277742093749999 0.24687747031249999 0.714216896875 0.2579841890625 0.7154421937500001 0.2728063234375 0.730264328125 0.2777470359375
0 0.55473073125 0.5387351781249999 0.514177371875 0.5396442687499999 0.5271813234375 0.5632806328125 0.5472999015625 0.5609090906249999 0.55473073125 0.5387351781249999
0 0.6772999015625001 0.5916205531250001 0.6300271734375 0.5999209484375 0.6371417984375001 0.6235573125 0.6749678859375 0.6306324109375 0.6772999015625001 0.5916205531250001
0 0.8144145249999999 0.8977865609375 0.787260375 0.90252964375 0.789592390625 0.9391699609374999 0.830975790625 0.92968379375 0.8144145249999999 0.8977865609375
0 0.3593552375 0.80675889375 0.34042243125 0.8268774703125 0.36291255 0.8552173906249999 0.384177371875 0.816245059375 0.3593552375 0.80675889375
0 0.399552865625 0.80675889375 0.395995553125 0.84106719375 0.42200345781250004 0.843399209375 0.43971096875000004 0.816245059375 0.399552865625 0.80675889375
0 0.12295207500000001 0.9226086953125 0.0993157109375 0.9639920953125 0.14065958437499998 0.984071146875 0.16196393281250002 0.9604347828125 0.12295207500000001 0.9226086953125
0 0.30026432812500004 0.6389328062499999 0.2612524703125 0.648379446875 0.24587697656250002 0.6897628453125 0.2635844859375 0.70391304375 0.293149703125 0.6672727265625 0.30026432812500004 0.6389328062499999
0 0.49291254999999995 0.3635177859375 0.433821640625 0.37533596875 0.4160746046875 0.4143478265625 0.42081768750000004 0.45924901250000005 0.46690464374999996 0.4166798421875 0.49291254999999995 0.3635177859375
0 0.5508176875 0.21577075156249997 0.5496714421875 0.2713043484375 0.5922010875 0.2583003953125 0.594572628125 0.2299209484375 0.5508176875 0.21577075156249997
0 0.6832287546875 0.1424505921875 0.6808572140625 0.0904743078125 0.6394738140625 0.07628458437499999 0.582754446875 0.0869169953125 0.5650074109375 0.1590118578125 0.6052050390625 0.17557312187500002 0.6548493078125001 0.17557312187500002 0.6832287546875 0.1424505921875
0 0.0582485171875 0.1431620546875 0.0459165015625 0.1468774703125 0.03615365625 0.17391304375 0.049592390624999996 0.198735178125 0.0631892296875 0.198735178125 0.0693552375 0.1727272734375 0.0582485171875 0.1431620546875
0 0.064414525 0.041936759375 0.0508572140625 0.0481027671875 0.0310943671875 0.0740316203125 0.0606991109375 0.0900790515625 0.082952075 0.0764822140625 0.064414525 0.041936759375
0 0.0694342890625 0.9639920953125 0.045797925 0.9226086953125 0.0067860671875 0.9604347828125 0.028090415624999997 0.984071146875 0.0694342890625 0.9639920953125