0 0.660252809375 0.488395365625 0.6875842703124999 0.492299859375 0.6964887640625 0.47446278125 0.688117978125 0.4649683984375 0.6730898875 0.464434690625 0.6552528093750001 0.471120084375 0.660252809375 0.488395365625
0 0.785112359375 0.47668188125000005 0.8107584265625001 0.480024578125 0.8191011234375001 0.458844803125 0.8135393265624999 0.45050210625 0.7929213484375001 0.45550210625 0.785112359375 0.47668188125000005
0 0.407471909375 0.640024578125 0.4371910109375 0.6633110953125 0.466067415625 0.649659409375 0.4636516859375 0.6231706453125 0.446797753125 0.618367275 0.41792134843750006 0.6231706453125 0.407471909375 0.640024578125
0 0.8724438203125 0.5756706453125 0.8900561796875 0.5898841296875 0.9212359546875 0.569575140625 0.8941292140625 0.560754915625 0.8724438203125 0.5756706453125
0 0.3304494375 0.5898841296875 0.3487359546875 0.6014009828125 0.3548314609375 0.5756706453125 0.34331460625 0.525530196875 0.3046910109375 0.5431425562500001 0.3304494375 0.5898841296875
0 0.1361235953125 0.46246839843750004 0.16213483125 0.469434690625 0.170028090625 0.45780547812499994 0.1458988765625 0.44109199375 0.1361235953125 0.46246839843750004
0 0.2155617984375 0.40856390468750003 0.22764045 0.40811446562500003 0.23786516875000002 0.387665028125 0.23275280937499998 0.383030196875 0.22764045 0.3769908703125 0.2160112359375 0.37328300625 0.20441011250000002 0.37791783749999996 0.20581460625 0.3951088484375 0.2155617984375 0.40856390468750003
0 0.7611516859375 0.4616257015625 0.7773033703125 0.4616257015625 0.7962640453125001 0.44044592656250003 0.7934831453125 0.4248560390625 0.781207865625 0.4181706453125 0.7661516859375 0.420389746875 0.7527808984375 0.43432233125 0.7527808984375 0.44994030937499996 0.7611516859375 0.4616257015625
0 0.9406179781249999 0.5106987359375 0.9729494375 0.52182233125 0.9902247187500001 0.50454705 0.9785112359375001 0.49173806249999996 0.9506460671875001 0.49061446562500005 0.9406179781249999 0.5106987359375
0 0.688117978125 0.8944066015625 0.6964887640625 0.88491221875 0.6875842703124999 0.867075140625 0.660252809375 0.870979634375 0.6552528093750001 0.888254915625 0.6730898875 0.894940309375 0.688117978125 0.8944066015625
0 0.688117978125 0.18092345468749998 0.6964887640625 0.1714290734375 0.6875842703124999 0.15359199375000002 0.660252809375 0.1574964890625 0.6552528093750001 0.1747717703125 0.6730898875 0.1814571625 0.688117978125 0.18092345468749998
0 0.8191011234375001 0.900530196875 0.8107584265625001 0.879350421875 0.785112359375 0.88269311875 0.7929213484375001 0.90387289375 0.8135393265624999 0.9088728937500001 0.8191011234375001 0.900530196875
0 0.8191011234375001 0.18704705 0.8107584265625001 0.165867275 0.785112359375 0.169209971875 0.7929213484375001 0.19038974687500002 0.8135393265624999 0.195389746875 0.8191011234375001 0.18704705
0 0.4636516859375 0.7362043546875 0.466067415625 0.709715590625 0.4371910109375 0.6960639046875 0.407471909375 0.719350421875 0.41792134843750006 0.7362043546875 0.446797753125 0.741007725 0.4636516859375 0.7362043546875
0 0.4149599390625 0 0.407471909375 0.005867275 0.41792134843750006 0.022721207812499998 0.446797753125 0.027524578124999997 0.4636516859375 0.022721207812499998 0.4657238203125 0 0.4149599390625 0
0 0.8900561796875 0.7694908703125 0.8724438203125 0.7837043546875 0.8941292140625 0.798620084375 0.9212359546875 0.789799859375 0.8900561796875 0.7694908703125
0 0.8900561796875 0.056007724999999994 0.8724438203125 0.07022120781249999 0.8941292140625 0.0851369375 0.9212359546875 0.0763167140625 0.8900561796875 0.056007724999999994
0 0.3548314609375 0.7837043546875 0.3487359546875 0.7579740171875 0.3304494375 0.7694908703125 0.3046910109375 0.81623244375 0.34331460625 0.833844803125 0.3548314609375 0.7837043546875
0 0.3548314609375 0.07022120781249999 0.3487359546875 0.0444908703125 0.3304494375 0.056007724999999994 0.3046910109375 0.1027492984375 0.34331460625 0.1203616578125 0.3548314609375 0.07022120781249999
0 0.16213483125 0.8899403093749999 0.1361235953125 0.8969066015625 0.1458988765625 0.91828300625 0.170028090625 0.9015695218750001 0.16213483125 0.8899403093749999
0 0.16213483125 0.17645716250000001 0.1361235953125 0.18342345468750001 0.1458988765625 0.204799859375 0.170028090625 0.1880863765625 0.16213483125 0.17645716250000001
0 0.2160112359375 0.98609199375 0.22764045 0.9823841296875001 0.23275280937499998 0.976344803125 0.23786516875000002 0.971709971875 0.22764045 0.951260534375 0.2155617984375 0.9508110953125 0.20581460625 0.9642661515625001 0.20441011250000002 0.9814571624999999 0.2160112359375 0.98609199375
0 0.2160112359375 0.2726088484375 0.22764045 0.2689009828125 0.23275280937499998 0.2628616578125 0.23786516875000002 0.25822682656249996 0.22764045 0.2377773875 0.2155617984375 0.23732795 0.20581460625 0.25078300625 0.20441011250000002 0.26797401718749997 0.2160112359375 0.2726088484375
0 0.7661516859375 0.938985253125 0.781207865625 0.9412043546875 0.7934831453125 0.9345189609375 0.7962640453125001 0.9189290734375 0.7773033703125 0.8977492984375001 0.7611516859375 0.8977492984375001 0.7527808984375 0.9094346906249999 0.7527808984375 0.92505266875 0.7661516859375 0.938985253125
0 0.7661516859375 0.22550210625 0.781207865625 0.2277212078125 0.7934831453125 0.2210358140625 0.7962640453125001 0.2054459265625 0.7773033703125 0.18426615156249998 0.7611516859375 0.18426615156249998 0.7527808984375 0.1959515453125 0.7527808984375 0.211569521875 0.7661516859375 0.22550210625
0 0.9902247187500001 0.85482795 0.9729494375 0.8375526687500001 0.9406179781249999 0.8486762640625001 0.9506460671875001 0.868760534375 0.9785112359375001 0.8676369375 0.9902247187500001 0.85482795
0 0.9902247187500001 0.141344803125 0.9729494375 0.124069521875 0.9406179781249999 0.13519311875 0.9506460671875001 0.1552773875 0.9785112359375001 0.1541537921875 0.9902247187500001 0.141344803125