0 0.6134474328125 0.568184596875 0.63374083125 0.5904339859375 0.6635696828125 0.5840770171874999 0.635696821875 0.5510696828125 0.6134474328125 0.568184596875
0 1 0.24319682187499997 0.9961858187500001 0.23862469375 0.9878728609375 0.2366687046875 0.974914425 0.23911369218749998 0.9727139359375 0.26111858125 0.9812713937499999 0.271876528125 0.9952078234374999 0.2689425421875 1 0.26216992656250004 1 0.24319682187499997
0 0.8217114921875 0.774370415625 0.8389731046875 0.7659107578125 0.8583374078125001 0.7352995109375 0.8491687046875 0.72613080625 0.8298044015625001 0.7243704156249999 0.8058679703125 0.7321210265625 0.794963325 0.7514853296874999 0.794963325 0.76874694375 0.8076283625 0.776839853125 0.8217114921875 0.774370415625
0 0.134278728125 0.4609229828125 0.15132029375 0.464443765625 0.16987775 0.45943154062499997 0.1678728609375 0.44639975625000006 0.14579462031249998 0.4278422984375 0.1277506109375 0.44238997500000005 0.134278728125 0.4609229828125
0 0.46662591718749996 0.6699694375 0.48117359375 0.675470659375 0.49168704218750003 0.6674511 0.475647921875 0.6449083124999999 0.46009779999999995 0.6499205375 0.46662591718749996 0.6699694375
0 0.0677995109375 0.6566931546875 0.0840586796875 0.6892114921875 0.10371638125 0.6797249390625 0.1152322734375 0.674297065625 0.10168704218749999 0.6472066015625 0.08136919375 0.6309474328125 0.0677995109375 0.6566931546875
0 0.271882640625 0.42639975625000004 0.2840586796875 0.46637530624999995 0.3335207828125 0.4548594125 0.3335207828125 0.42842909531249995 0.29220048906249996 0.39591075781249996 0.271882640625 0.42639975625000004
0 0.9012713937499999 0.49212102656249995 0.9168704156249999 0.529382640625 0.9365036671875 0.5266687046875 0.9344743281250001 0.5022677265625 0.9012713937499999 0.49212102656249995
0 0.9290464546875 0.3701650359375 0.9324449875 0.40471271406250003 0.950733496875 0.40879584375 0.9703911984375001 0.400654034375 0.9629339859374999 0.3749083125 0.9290464546875 0.3701650359375
0 0.8016870421875 0.4467176046875 0.8118337406249999 0.47043398593749997 0.8328606359374999 0.45757335 0.8254034234375001 0.44131418125 0.8016870421875 0.4467176046875
0 0.151833740625 0.4183312953125 0.16987775 0.4198227390625 0.1778973109375 0.39126528125000004 0.1753789734375 0.38021393593749997 0.1603422984375 0.37872249375 0.1447921765625 0.390751834375 0.151833740625 0.4183312953125
0 0.8152567234375001 0.5440036671875 0.841735940625 0.5704828843749999 0.8573594124999999 0.5572310515625001 0.8627872859375 0.5283557453125 0.8356968218749999 0.521754278125 0.8152567234375001 0.5440036671875
0 0.19097799531249998 0.7835880203125 0.2114425421875 0.7860085578125 0.21985329999999997 0.7715586796875 0.2174572125 0.764345965625 0.20119804375 0.76615525625 0.19097799531249998 0.7835880203125
0 0.5173105140625001 0.76380806875 0.5383618578125 0.7778422984375 0.5422982890625 0.769407090625 0.544376528125 0.7597982890625 0.5398533 0.750776284375 0.52381418125 0.7497738390625 0.5173105140625001 0.76380806875
0 0.5253056234375 0.3472066015625 0.5424449874999999 0.34762225 0.53114914375 0.32882029375 0.518215159375 0.3204584359375 0.5065036671875001 0.321729828125 0.5014914421875 0.3334168703125 0.5040097796875 0.346790953125 0.511931540625 0.3472066015625 0.5253056234375 0.3472066015625
0 0.8410757953125 0.7003606359375001 0.866845965625 0.71637530625 0.8845965765624999 0.7076711484375 0.88633251875 0.6927078234375 0.8842298281250001 0.6578911984375 0.8598777500000001 0.6572066015625 0.8396821515624999 0.67390586875 0.8410757953125 0.7003606359375001
0 0.6559046453125 1 0.6635696828125 0.9909229828124999 0.63374083125 0.9845660140625 0.6196636796874999 1 0.6559046453125 1
0 1 0.1685757953125 0.9952078234374999 0.161803178125 0.9812713937499999 0.15886919375 0.9727139359375 0.1696271390625 0.974914425 0.19163202968749998 0.9878728609375 0.19407701718749998 0.9961858187500001 0.19212102656250002 1 0.1875489 1 0.1685757953125
0 0.794963325 0.8235146703125 0.8058679703125 0.8428789734375 0.8298044015625001 0.8506295843749999 0.8491687046875 0.84886919375 0.8583374078125001 0.8397004890625 0.8389731046875 0.8090892421874999 0.8217114921875 0.800629584375 0.8076283625 0.798160146875 0.794963325 0.8062530562499999 0.794963325 0.8235146703125
0 0.49168704218750003 0.9075488999999999 0.48117359375 0.8995293406249999 0.46662591718749996 0.9050305625 0.46009779999999995 0.9250794625 0.475647921875 0.9300916875 0.49168704218750003 0.9075488999999999
0 0.1152322734375 0.900702934375 0.10371638125 0.8952750609375 0.0840586796875 0.8857885078125 0.0677995109375 0.9183068453125 0.08136919375 0.9440525671875 0.10168704218749999 0.9277933984375 0.1152322734375 0.900702934375
0 0.273206365625 0 0.271882640625 0.004345965625 0.29220048906249996 0.0348349640625 0.3335207828125 0.0023166265625 0.3335207828125 0 0.273206365625 0
0 0.950733496875 0.021949878125 0.9324449875 0.026033007812499998 0.9290464546875 0.060580684375000006 0.9629339859374999 0.055837407812499996 0.9703911984375001 0.0300916875 0.950733496875 0.021949878125
0 0.1753789734375 0.050531784375 0.1778973109375 0.039480440625 0.16987775 0.010922982812499999 0.151833740625 0.012414425 0.1447921765625 0.039993887500000005 0.1603422984375 0.052023228125 0.1753789734375 0.050531784375
0 0.21985329999999997 0.8034413203125 0.2114425421875 0.7889914421875 0.19097799531249998 0.7914119796875 0.20119804375 0.8088447437499999 0.2174572125 0.8106540343749999 0.21985329999999997 0.8034413203125
0 0.544376528125 0.8152017109375 0.5422982890625 0.805592909375 0.5383618578125 0.7971577015625 0.5173105140625001 0.81119193125 0.52381418125 0.8252261609374999 0.5398533 0.8242237156250001 0.544376528125 0.8152017109375
0 0.5014914421875 0.0973288515625 0.5065036671875001 0.1090158921875 0.518215159375 0.1102872859375 0.53114914375 0.10192542812500001 0.5424449874999999 0.083123471875 0.5253056234375 0.0835391203125 0.511931540625 0.0835391203125 0.5040097796875 0.0839547671875 0.5014914421875 0.0973288515625
0 0.8842298281250001 0.9171088015625 0.88633251875 0.8822921765625 0.8845965765624999 0.8673288515625 0.866845965625 0.8586246937500001 0.8410757953125 0.8746393640625 0.8396821515624999 0.90109413125 0.8598777500000001 0.9177933984375001 0.8842298281250001 0.9171088015625