0 0.688117978125 0.5350316015625001 0.6964887640625 0.52553721875 0.6875842703124999 0.507700140625 0.660252809375 0.511604634375 0.6552528093750001 0.5288799156249999 0.6730898875 0.535565309375 0.688117978125 0.5350316015625001
0 0.8191011234375001 0.541155196875 0.8107584265625001 0.519975421875 0.785112359375 0.52331811875 0.7929213484375001 0.54449789375 0.8135393265624999 0.54949789375 0.8191011234375001 0.541155196875
0 0.4636516859375 0.3768293546875 0.466067415625 0.350340590625 0.4371910109375 0.3366889046875 0.407471909375 0.359975421875 0.41792134843750006 0.3768293546875 0.446797753125 0.381632725 0.4636516859375 0.3768293546875
0 0.8900561796875 0.41011587031249996 0.8724438203125 0.4243293546875 0.8941292140625 0.439245084375 0.9212359546875 0.43042485937499997 0.8900561796875 0.41011587031249996
0 0.3548314609375 0.4243293546875 0.3487359546875 0.3985990171875 0.3304494375 0.41011587031249996 0.3046910109375 0.45685744375 0.34331460625 0.474469803125 0.3548314609375 0.4243293546875
0 0.16213483125 0.530565309375 0.1361235953125 0.5375316015625 0.1458988765625 0.55890800625 0.170028090625 0.5421945218750001 0.16213483125 0.530565309375
0 0.2160112359375 0.62671699375 0.22764045 0.6230091296875 0.23275280937499998 0.616969803125 0.23786516875000002 0.612334971875 0.22764045 0.591885534375 0.2155617984375 0.5914360953125 0.20581460625 0.6048911515625 0.20441011250000002 0.6220821625 0.2160112359375 0.62671699375
0 0.7661516859375 0.579610253125 0.781207865625 0.5818293546875 0.7934831453125 0.5751439609375 0.7962640453125001 0.5595540734375 0.7773033703125 0.5383742984375 0.7611516859375 0.5383742984375 0.7527808984375 0.550059690625 0.7527808984375 0.56567766875 0.7661516859375 0.579610253125
0 0.9902247187500001 0.49545294999999995 0.9729494375 0.47817766875 0.9406179781249999 0.48930126406249996 0.9506460671875001 0.509385534375 0.9785112359375001 0.5082619375 0.9902247187500001 0.49545294999999995
0 0.660252809375 0.12902036562500002 0.6875842703124999 0.132924859375 0.6964887640625 0.11508778125 0.688117978125 0.1055933984375 0.6730898875 0.10505969062500001 0.6552528093750001 0.111745084375 0.660252809375 0.12902036562500002
0 0.660252809375 0.8425035109375001 0.6875842703124999 0.8464080062500001 0.6964887640625 0.8285709265625 0.688117978125 0.8190765453125 0.6730898875 0.8185428375000001 0.6552528093750001 0.8252282296875 0.660252809375 0.8425035109375001
0 0.785112359375 0.11730688125 0.8107584265625001 0.12064957812499999 0.8191011234375001 0.099469803125 0.8135393265624999 0.09112710625 0.7929213484375001 0.09612710625000001 0.785112359375 0.11730688125
0 0.785112359375 0.8307900281249999 0.8107584265625001 0.8341327250000001 0.8191011234375001 0.81295295 0.8135393265624999 0.804610253125 0.7929213484375001 0.809610253125 0.785112359375 0.8307900281249999
0 0.407471909375 0.280649578125 0.4371910109375 0.3039360953125 0.466067415625 0.290284409375 0.4636516859375 0.2637956453125 0.446797753125 0.258992275 0.41792134843750006 0.2637956453125 0.407471909375 0.280649578125
0 0.4657238203125 1 0.4636516859375 0.9772787921875 0.446797753125 0.972475421875 0.41792134843750006 0.9772787921875 0.407471909375 0.994132725 0.4149599390625 1 0.4657238203125 1
0 0.8724438203125 0.2162956453125 0.8900561796875 0.2305091296875 0.9212359546875 0.21020014062499998 0.8941292140625 0.20137991562500002 0.8724438203125 0.2162956453125
0 0.8724438203125 0.9297787921875 0.8900561796875 0.9439922749999999 0.9212359546875 0.9236832859374999 0.8941292140625 0.9148630624999999 0.8724438203125 0.9297787921875
0 0.3304494375 0.2305091296875 0.3487359546875 0.24202598281249998 0.3548314609375 0.2162956453125 0.34331460625 0.166155196875 0.3046910109375 0.18376755625000002 0.3304494375 0.2305091296875
0 0.3304494375 0.9439922749999999 0.3487359546875 0.9555091296875 0.3548314609375 0.9297787921875 0.34331460625 0.8796383421874999 0.3046910109375 0.8972507015625 0.3304494375 0.9439922749999999
0 0.1361235953125 0.10309339843750001 0.16213483125 0.11005969062500001 0.170028090625 0.098430478125 0.1458988765625 0.08171699375 0.1361235953125 0.10309339843750001
0 0.1361235953125 0.8165765453124999 0.16213483125 0.8235428375 0.170028090625 0.8119136234375001 0.1458988765625 0.795200140625 0.1361235953125 0.8165765453124999
0 0.2155617984375 0.0491889046875 0.22764045 0.048739465625 0.23786516875000002 0.028290028124999998 0.23275280937499998 0.023655196875 0.22764045 0.0176158703125 0.2160112359375 0.013908006249999999 0.20441011250000002 0.0185428375 0.20581460625 0.0357338484375 0.2155617984375 0.0491889046875
0 0.2155617984375 0.76267205 0.22764045 0.7622226125 0.23786516875000002 0.7417731734374999 0.23275280937499998 0.7371383421875 0.22764045 0.7310990171875 0.2160112359375 0.7273911515625 0.20441011250000002 0.7320259828125 0.20581460625 0.74921699375 0.2155617984375 0.76267205
0 0.7611516859375 0.1022507015625 0.7773033703125 0.1022507015625 0.7962640453125001 0.0810709265625 0.7934831453125 0.0654810390625 0.781207865625 0.0587956453125 0.7661516859375 0.061014746875000005 0.7527808984375 0.07494733125 0.7527808984375 0.090565309375 0.7611516859375 0.1022507015625
0 0.7611516859375 0.8157338484375 0.7773033703125 0.8157338484375 0.7962640453125001 0.7945540734375001 0.7934831453125 0.7789641859375 0.781207865625 0.7722787921875 0.7661516859375 0.77449789375 0.7527808984375 0.788430478125 0.7527808984375 0.8040484546875 0.7611516859375 0.8157338484375
0 0.9406179781249999 0.15132373593749998 0.9729494375 0.16244733125 0.9902247187500001 0.14517205 0.9785112359375001 0.13236306250000002 0.9506460671875001 0.131239465625 0.9406179781249999 0.15132373593749998
0 0.9406179781249999 0.86480688125 0.9729494375 0.875930478125 0.9902247187500001 0.8586551968749999 0.9785112359375001 0.8458462078125001 0.9506460671875001 0.8447226125 0.9406179781249999 0.86480688125