0 0.33279175625 0.541627409375 0.345297109375 0.574475375 0.3718923984375 0.5596145609375001 0.3726846890625 0.5377301921875 0.33279175625 0.541627409375
0 0.42351980781250004 0.8255460390625 0.4360251609375 0.8474518203124999 0.4563677734375 0.8364882234375 0.4563677734375 0.80912205625 0.42351980781250004 0.8255460390625
0 0.5382307281250001 0.8405781578125 0.5278238765625 0.8410064234375 0.523048715625 0.8535974296875001 0.5304148828125 0.8640042828125001 0.53865899375 0.8592291218750001 0.5382307281250001 0.8405781578125
0 0.6231129546874999 0.673875803125 0.61416220625 0.680107065625 0.620307815625 0.6877087796875 0.6279095296875 0.6855460390625 0.6286161671875 0.680107065625 0.6231129546874999 0.673875803125
0 0.7767103859375 0.3592505359375 0.7938838328125 0.3770235546875 0.82071466875 0.3830406859375 0.8285519265625 0.38516059999999996 0.8309502140625 0.37912205625 0.8309502140625 0.36768736562500004 0.8231129546875 0.36224839375 0.7935840468750001 0.35051391875000004 0.7788303 0.34569593125 0.7767103859375 0.3592505359375
0 0.814076553125 0.40957173437499994 0.79418361875 0.391477515625 0.774611884375 0.38877944375 0.7712928265625 0.395096359375 0.7869673453125 0.40895075 0.8044405781249999 0.4128693796875 0.814076553125 0.40957173437499994
0 0.7828345828125001 0.17809421875 0.783733940625 0.1741755890625 0.7780165953125 0.1576017125 0.7656611343749999 0.1458672375 0.7545476453125 0.14946466875 0.7536054609375 0.1648394 0.7725990359375 0.1796145609375 0.7828345828125001 0.17809421875
0 0.27244914374999996 0.0341970015625 0.25737419687499996 0.0317773015625 0.25587526718750003 0.037516059375 0.262213596875 0.0480513921875 0.27125 0.047152034375 0.27244914374999996 0.0341970015625
0 0.4712285875 0.6551606 0.4636482875 0.656616703125 0.4636482875 0.6678158453124999 0.47557548125000004 0.6710706640625 0.4799009640625 0.664561028125 0.4712285875 0.6551606
0 0.661335653125 0.2820342609375 0.6504148828125 0.2854603859375 0.649772484375 0.2938115625 0.6579095296874999 0.30087794375 0.66347698125 0.2944539609375 0.661335653125 0.2820342609375
0 0.3471386515625 0.6410278375 0.33418361875 0.6402997859374999 0.3271600640625 0.6599143468750001 0.335297109375 0.672483940625 0.34418361875 0.6713704500000001 0.3471386515625 0.6410278375
0 0.2916354390625 0.23809421875 0.27349839375 0.240685225 0.2705433625 0.25843683125 0.28349839375 0.2669379015625 0.290885975 0.2569593140625 0.2916354390625 0.23809421875
0 0.261614025 0.694925053125 0.2702221625 0.737944325 0.2944619921875 0.7262098499999999 0.2905433625 0.6792933624999999 0.261614025 0.694925053125
0 0.84178533125 0.3830406859375 0.8686161671875 0.3770235546875 0.8857896140625 0.3592505359375 0.8836696999999999 0.34569593125 0.868915953125 0.35051391875000004 0.8393870453125001 0.36224839375 0.8315497859375001 0.36768736562500004 0.8315497859375001 0.37912205625 0.8339480734375 0.38516059999999996 0.84178533125 0.3830406859375
0 0.8580594218750001 0.4128693796875 0.8755326546875001 0.40895075 0.8912071734375001 0.395096359375 0.8878881156249999 0.38877944375 0.86831638125 0.391477515625 0.8484234468749999 0.40957173437499994 0.8580594218750001 0.4128693796875
0 0.8796654171875 0.17809421875 0.8899009640625 0.1796145609375 0.9088945390625 0.1648394 0.9079523546875 0.14946466875 0.8968388656249999 0.1458672375 0.8844834046875001 0.1576017125 0.878766059375 0.1741755890625 0.8796654171875 0.17809421875
0 0.07694593125 0.0480513921875 0.0832842609375 0.037516059375 0.08178533125000001 0.0317773015625 0.0667103859375 0.0341970015625 0.0679095296875 0.047152034375 0.07694593125 0.0480513921875
0 0 0.6719999750000001 0.0038624203125 0.672483940625 0.0119994640625 0.6599143468750001 0.0049759093749999995 0.6402997859374999 0 0.6405794234375 0 0.6719999750000001
0 0.055661134375 0.2669379015625 0.0686161671875 0.25843683125 0.065661134375 0.240685225 0.047524090625 0.23809421875 0.0482735546875 0.2569593140625 0.055661134375 0.2669379015625
0 0.068937365625 0.737944325 0.077545503125 0.694925053125 0.048616167187499996 0.6792933624999999 0.0446975375 0.7262098499999999 0.068937365625 0.737944325