0 0.6580308875 0.730927846875 0.6201930499999999 0.7183023656249999 0.606911196875 0.7189587359375 0.60559845625 0.74285835 0.6022779921875 0.7740552609375 0.597606178125 0.8198853765624999 0.6215057921875 0.8311595078125 0.68057915 0.817221284375 0.7011583015625 0.7913139484375 0.6838996140625 0.77274251875 0.6580308875 0.730927846875
0 0.684555984375 0.4315456078125 0.647413128125 0.42293556875 0.6175289578125 0.4508120171875 0.6208494203125 0.47139116718749996 0.6699613906249999 0.47536800156250003 0.684555984375 0.4315456078125
0 0.8833204640625001 0.382703909375 0.82814671875 0.383591940625 0.8059073359375001 0.381815878125 0.8156756749999999 0.4155996625 0.835250965625 0.42363055000000005 0.8655212359375 0.41204753906249997 0.8833204640625001 0.382703909375
0 0.7854054046875001 0.2429741796875 0.7462548265625 0.2420861484375 0.7347104250000001 0.2750205109375 0.7533976828125 0.298147925 0.7791891890625 0.28745294375 0.7907721999999999 0.2687656859375 0.7854054046875001 0.2429741796875
0 0.1526640921875 0.36668074375000004 0.1268725875 0.3764490828125 0.1010424703125 0.4022791984375 0.109073359375 0.43073479687500005 0.1366409265625 0.45745294375 0.18115830156249998 0.45656491250000003 0.1713513515625 0.42274251874999996 0.17401544375 0.4005031375 0.1526640921875 0.36668074375000004
0 0.9626254828125 0.41903595625 0.9277606171875 0.399653715625 0.905096525 0.43007842656250006 0.9128571421875 0.4566421328125 0.9449420843749999 0.4676846046875 0.9626254828125 0.41903595625
0 0.2132046328125 0.5953680015625 0.191814671875 0.6158699328125 0.1624710421875 0.628302365625 0.13930501875 0.6300784265625 0.1188416984375 0.658572634375 0.08185328124999999 0.70413248125 0.1138996140625 0.732703909375 0.1992278 0.7554838328125 0.23722007656250002 0.6799239859374999 0.23366795312500002 0.6318544890625 0.224749034375 0.6025108593749999 0.2132046328125 0.5953680015625
0 0.9242471046875 0.625638271875 0.901119690625 0.6309664578125 0.8699613906250001 0.6452135625000001 0.8904247109375 0.6665649124999999 0.9055598453125 0.67903595625 0.927799228125 0.6763718625 0.9455984562499999 0.661236728125 0.9242471046875 0.625638271875
0 0.47177606250000004 0.7393062265625 0.45648648593749996 0.7206961875 0.4233204640625 0.7393062265625 0.43791505781250006 0.76980815625 0.45849420781249994 0.76648769375 0.47177606250000004 0.7393062265625
0 0.1113513515625 0.4937077703125 0.0900772203125 0.485059121875 0.0668725875 0.5049819015625 0.080154440625 0.5374915546875 0.10667953593749999 0.528881515625 0.1113513515625 0.4937077703125
0 0.47814671875 0.434866071875 0.4496139 0.4282251453125 0.4217374515625 0.4494992765625 0.42305019374999997 0.47536800156250003 0.44494208437499994 0.4873371140625 0.47749034687499997 0.48135255781249997 0.4874517375 0.45745294375 0.47814671875 0.434866071875
0 0.50401544375 0.29216336875 0.475482625 0.28687379375 0.4748262546875 0.3206961875 0.48942085 0.3393062265625 0.5232818531250001 0.345252171875 0.5259459453125 0.32336027968750003 0.50401544375 0.29216336875
0 0.8286100390625 0.29880429531249997 0.809266409375 0.2910050671875 0.78069498125 0.30297417968749996 0.8 0.32729850312500003 0.827413128125 0.32729850312500003 0.8286100390625 0.29880429531249997
0 0.67147955 1 0.6838996140625 0.9799239859375 0.7011583015625 0.9613525578125 0.68057915 0.935445221875 0.6215057921875 0.9215069984375001 0.597606178125 0.9327811296874999 0.6022779921875 0.9786112453125 0.60455451875 1 0.67147955 1
0 0.46524774375 1 0.45849420781249994 0.9861788125000001 0.43791505781250006 0.9828583500000001 0.4297131046875 1 0.46524774375 1