0 0.7589295984375 0.7621264375 0.7652514375 0.7075287359375 0.7480100578125 0.6667241374999999 0.7284698281249999 0.63913793125 0.71582615 0.6425862062500001 0.6870905171875 0.6448850578124999 0.6652514375 0.6609770109374999 0.6606537359375 0.6701724140625 0.654906609375 0.7081034484375001 0.6595043109375001 0.7471839078125 0.6859410921875 0.7678735624999999 0.7273204015625 0.774770115625 0.7589295984375 0.7621264375
0 0.8400790234375 0.0668390796875 0.8446767234375001 0.0530459765625 0.832607759375 0.045574712499999996 0.8199640796875001 0.0513218390625 0.82283764375 0.0656896546875 0.8400790234375 0.0668390796875
0 0.42858477031250003 0.06741379374999999 0.43490660937500003 0.057643678125 0.4280100578125 0.045 0.410193965625 0.048448276562499996 0.41536637968749995 0.0651149421875 0.42858477031250003 0.06741379374999999
0 0.22398706875 0.11798850624999999 0.2406537359375 0.1231609203125 0.258469828125 0.1145402296875 0.2567456890625 0.105919540625 0.2441020109375 0.0932758625 0.22283764375 0.10017241406249999 0.22398706875 0.11798850624999999
0 0.4027227015625 0.3536206890625 0.40559626406250004 0.36568965468750003 0.42168821875000007 0.3628160921875 0.42571120625000003 0.3530459765625 0.42053879375000003 0.34040229843750003 0.408469828125 0.34040229843750003 0.4027227015625 0.3536206890625
0 0.2900790234375 0.4513218390625 0.2918031609375 0.44212643749999997 0.286630746875 0.42660919531249997 0.2693893671875 0.43465517187499997 0.27226293125 0.4530459765625 0.2900790234375 0.4513218390625
0 0.8177227015625 0.6883908046875 0.8073778734375001 0.6906896546875 0.8033548843749999 0.705057471875 0.8079525859375 0.7119540234375 0.8177227015625 0.7125287359375 0.8217456890625 0.7016091953125 0.8217456890625 0.6912643671875001 0.8177227015625 0.6883908046875
0 0.8309410921874999 0.6257471265625 0.851630746875 0.633793103125 0.8648491375 0.618850575 0.8648491375 0.6131034484375 0.8550790234375001 0.5981609203125 0.8326652296875 0.607356321875 0.8309410921874999 0.6257471265625
0 0.5223778734375 0.474770115625 0.5120330453124999 0.4839655171875 0.5114583328125 0.49258620625000005 0.528125 0.4966091953125 0.543642240625 0.48913793125 0.5459410921875001 0.4810919546875 0.5373204015625 0.4690229890625 0.5223778734375 0.474770115625
0 0.18214798906250002 0.29086206875 0.192492815625 0.29890804531250004 0.20226293125 0.28971264375 0.20628592031249998 0.27362068906250003 0.1959410921875 0.2690229890625 0.1850215515625 0.2741954015625 0.18214798906250002 0.29086206875
0 0.4435847703125 0.0909770109375 0.4553089078125 0.1013218390625 0.46979166718750004 0.0978735625 0.4725502875 0.08959770156249999 0.46496407968750003 0.076494253125 0.4525502875 0.07580459843750001 0.4435847703125 0.0909770109375
0 0.9696192531250001 0.0656896546875 0.972492815625 0.0513218390625 0.9598491375 0.045574712499999996 0.947780171875 0.0530459765625 0.9523778734375 0.0668390796875 0.9696192531250001 0.0656896546875
0 0.9845043109375 0.7119540234375 0.9891020109375 0.705057471875 0.9850790234375 0.6906896546875 0.9747341953124999 0.6883908046875 0.9707112062500001 0.6912643671875001 0.9707112062500001 0.7016091953125 0.9747341953124999 0.7125287359375 0.9845043109375 0.7119540234375
0 0.94082615 0.633793103125 0.9615158046875001 0.6257471265625 0.9597916671875 0.607356321875 0.9373778734375 0.5981609203125 0.927607759375 0.6131034484375 0.927607759375 0.618850575 0.94082615 0.633793103125
0 0 0.2737643703125 0.00398706875 0.28971264375 0.013757184375 0.29890804531250004 0.0241020109375 0.29086206875 0.0212284484375 0.2741954015625 0.0103089078125 0.2690229890625 0 0.273604725 0 0.2737643703125