0 0.5638585203125001 0.718395296875 0.569003215625 0.7196814703125 0.574790996875 0.7138936890625 0.575434084375 0.701031953125 0.57125401875 0.6878486734375 0.562572346875 0.6920287375 0.5587138265625 0.701353496875 0.5593569125 0.713250603125 0.5638585203125001 0.718395296875
0 0.353633440625 0.19762359375 0.369099678125 0.1871091234375 0.3591639875 0.169970859375 0.34810289375000003 0.1550512453125 0.3237942125 0.153411375 0.3237942125 0.19540494375 0.353633440625 0.19762359375
0 0.473215434375 0.4007425640625 0.5025080390625 0.3990705390625 0.526270096875 0.373668609375 0.54504823125 0.329456390625 0.5445016078125 0.30624095625000003 0.5168810296874999 0.2968518890625 0.4848231515625 0.320613946875 0.46601286249999996 0.3565303453125 0.473215434375 0.4007425640625
0 0.7652733125 0.6940544609375 0.8016398718750001 0.6742473875 0.7956591640624999 0.6687168406249999 0.78967845625 0.6627361328125 0.750064309375 0.6585882234375 0.7256591640625001 0.66688404375 0.7288745984375 0.6866911171875001 0.7652733125 0.6940544609375
0 0.2330546625 0.5152441718749999 0.2344051453125 0.47993870625 0.19337620625000002 0.4932184484375 0.19954983906249998 0.5161444937499999 0.2170418 0.5310641078125 0.2330546625 0.5152441718749999
0 0.1832797421875 0.6297779343750001 0.1651446953125 0.6166589625000001 0.1413504828125 0.6422216640625 0.15852090000000002 0.66707696875 0.1757234734375 0.6686846859375 0.1832797421875 0.6297779343750001
0 0.42263665625 0.74540494375 0.400578778125 0.75244674375 0.3662379421875 0.765469253125 0.3891318328125 0.7833149109375 0.43408360156250003 0.7802602484375 0.42263665625 0.74540494375
0 0.7215434078125 0.46321844843750004 0.6668810296875 0.4394242359375 0.6369131828125 0.45704481562500004 0.63337620625 0.5090705390625 0.7224437296875 0.4896814703125 0.7215434078125 0.46321844843750004
0 0.86967845625 0.4791026921875 0.9049517687499999 0.49495478281249994 0.9067202578125 0.4464660375 0.86967845625 0.4791026921875
0 0.3062379421875 0.2965625 0.2850803859375 0.304504621875 0.301832796875 0.34154642343749997 0.33356913125 0.321257034375 0.3062379421875 0.2965625
0 0.1369453375 0.3062731109375 0.1007717046875 0.3318358125 0.10871382656249999 0.36624095625 0.144887459375 0.363572146875 0.1369453375 0.3062731109375
0 0.34810289375000003 0.0980737546875 0.3591639875 0.083154140625 0.369099678125 0.06601587656249999 0.353633440625 0.055501406249999996 0.3237942125 0.05772005625 0.3237942125 0.099713625 0.34810289375000003 0.0980737546875
0 0.3662379421875 0.9796171625 0.400578778125 0.9926396703125 0.42263665625 0.9996814703125001 0.43408360156250003 0.964826165625 0.3891318328125 0.961771503125 0.3662379421875 0.9796171625