0 0.727529890625 0.23147826093749999 0.713761775 0.2039420296875 0.690457428125 0.20921739062500003 0.6893849640624999 0.24313043437499998 0.7158777171875 0.2579420296875 0.727529890625 0.23147826093749999
0 0.6713849640625 0.3617391296875 0.6872690218749999 0.38081159375 0.6936168484375 0.361768115625 0.6893849640624999 0.35011594218750003 0.6713849640625 0.3617391296875
0 0.435182065625 0.04081159375 0.41929800781250004 0.0397391296875 0.39810960156249997 0.0598840578125 0.43095018124999995 0.08318840625 0.44787771718749997 0.0609275359375 0.435182065625 0.04081159375
0 0.12906612343749999 0.5217101453125 0.113182065625 0.5015652171875 0.07610960156249999 0.52063768125 0.079269021875 0.5545217390625 0.1205733703125 0.55663768125 0.12906612343749999 0.5217101453125
0 0.1890081515625 0.2900579703125 0.2001385875 0.321507246875 0.2133269921875 0.29411594218750003 0.203182065625 0.27791304375000003 0.1890081515625 0.2900579703125
0 0.5246893109374999 0.17547826093750002 0.48005162968750004 0.1967536234375 0.475993659375 0.2383478265625 0.501355978125 0.286 0.5306023546875 0.31536231875 0.59639945625 0.330144928125 0.611182065625 0.26318840625 0.6384284421875 0.23768115937499998 0.63495018125 0.18289855 0.605095109375 0.20202898593750002 0.5737907609375 0.17826087031249999 0.578718296875 0.1463768109375 0.5246893109374999 0.17547826093750002
0 0.749819746875 0.8600289859375 0.75184873125 0.8336521734375 0.7619936593750001 0.8001739125 0.7325733703124999 0.754550725 0.7122835140625 0.7362898546875 0.6757907609375 0.7190434781249999 0.657529890625 0.7109275359375 0.6372400359375 0.7048695656249999 0.5885733703125 0.6957391296875 0.5703125 0.7089275359375 0.5571240937499999 0.7373043484374999 0.53784873125 0.7758550718749999 0.5317907609375 0.80118840625 0.48190670312500006 0.8605797093750001 0.524805253125 0.9197101453125001 0.5955298906250001 0.9434782609375001 0.64567481875 0.9304347828124999 0.67477626875 0.9218840578125 0.7061965578125 0.9066666671875 0.7264864125 0.8894202906249999 0.7335878625000001 0.8762608703125 0.749819746875 0.8600289859375
0 0.268863225 0.5365217390625 0.2519356890625 0.5195652171875 0.2265153984375 0.5322898546875 0.237095109375 0.5714782609375 0.2657038046875 0.576782609375 0.268863225 0.5365217390625
0 0.20002264531249997 0.72718840625 0.20848641250000002 0.7038840578125 0.19367481875 0.695420290625 0.18732699218749999 0.695420290625 0.17460235468750002 0.701768115625 0.1820226453125 0.719768115625 0.20002264531249997 0.72718840625
0 0.1129211953125 0.49289854999999994 0.13929800781249999 0.5040579703125 0.1595878625 0.471594203125 0.1261096015625 0.4665217390625 0.1129211953125 0.49289854999999994
0 0.1941965578125 0.8916811593749999 0.1846603265625 0.8715652171875 0.16242844218750002 0.8683768109375001 0.151819746875 0.888492753125 0.12639945625 0.8811014500000001 0.1137038046875 0.8726086953125 0.097819746875 0.8853333328125 0.09039945625 0.89063768125 0.0819356890625 0.9213333328125 0.086167571875 0.937217390625 0.104167571875 0.9478260875 0.1359356890625 0.9382898546874999 0.16454438437500002 0.9255652171875 0.18784873124999998 0.9277101453125001 0.1941965578125 0.8916811593749999
0 0.25796467343749996 0.261681159375 0.28126902187499997 0.282956521875 0.294457428125 0.2566086953125 0.27216757187499996 0.245449275 0.25796467343749996 0.261681159375
0 0.8006023546875 0.1901739125 0.788863225 0.180579709375 0.7656458328125 0.195449275 0.777269021875 0.21971014531250002 0.7942545296875 0.2187536234375 0.8006023546875 0.1901739125
0 0.12906612343749999 0.056695651562500005 0.1481096015625 0.050347826562499996 0.1544864125 0.035507246874999995 0.1396458328125 0.019623189062499997 0.11529800781249999 0.027043478125 0.113182065625 0.045043478125 0.12906612343749999 0.056695651562500005
0 0.07396467343749999 0.049275362499999996 0.07396467343749999 0.06515942031250001 0.0930371375 0.07681159374999999 0.10787771718750001 0.062 0.11210960156250001 0.05139130468749999 0.106805253125 0.0429275359375 0.0983414859375 0.035507246874999995 0.08457337031249999 0.0386956515625 0.07396467343749999 0.049275362499999996
0 0.1862545296875 0.12449275312500001 0.16929800781249998 0.13718840625 0.17248641250000002 0.163681159375 0.1841385875 0.195449275 0.2063704703125 0.2102898546875 0.23605162968750001 0.20921739062500003 0.2455588765625 0.18275362343749998 0.21909510937499999 0.1520289859375 0.20109510937500003 0.12553623125 0.1862545296875 0.12449275312500001
0 0.47860235468749995 0.5153333328125 0.5008342390625 0.5174492749999999 0.5167472828124999 0.49628985468750003 0.5093269921875 0.47402898593750004 0.501906703125 0.46660869531250004 0.47329800781250003 0.47298550781250004 0.4690661234375 0.495217390625 0.47860235468749995 0.5153333328125
0 0.793182065625 0.42000000000000004 0.7900226453125 0.3988405796875 0.76141395 0.40095652187499997 0.7656458328125 0.4147246375 0.7772980078125 0.42742029062500003 0.793182065625 0.42000000000000004
0 0.0200516296875 0.55663768125 0.061355978125 0.5545217390625 0.06451539843750001 0.52063768125 0.027442934375 0.5015652171875 0.0115588765625 0.5217101453125 0.0200516296875 0.55663768125
0 0 0.5019347828125 0.0013269921875 0.5040579703125 0.0277038046875 0.49289854999999994 0.014515398437499999 0.4665217390625 0 0.4687210421875 0 0.5019347828125
0 0 0.9362041328125 0.0046893109375 0.9382898546874999 0.036457428125 0.9478260875 0.054457428125 0.937217390625 0.0586893109375 0.9213333328125 0.050225543750000004 0.89063768125 0.042805253125 0.8853333328125 0.0269211953125 0.8726086953125 0.01422554375 0.8811014500000001 0 0.885237725 0 0.9362041328125
0 0 0.05284269375 0.0115588765625 0.056695651562500005 0.027442934375 0.045043478125 0.0253269921875 0.027043478125 0.0009791671874999999 0.019623189062499997 0 0.0206712046875 0 0.05284269375
0 0.033819746875 0.0429275359375 0.0285153984375 0.05139130468749999 0.0327472828125 0.062 0.0475878625 0.07681159374999999 0.06666032656250001 0.06515942031250001 0.06666032656250001 0.049275362499999996 0.05605162968750001 0.0386956515625 0.0422835140625 0.035507246874999995 0.033819746875 0.0429275359375