0 0.16929824531249998 0.4447368421875 0.2263157890625 0.44385965 0.2175438609375 0.3482456125 0.1736842109375 0.3482456125 0.16929824531249998 0.4447368421875
0 0.2017543875 0.5 0.1991228078125 0.48771929687500004 0.1982456125 0.4842105265625 0.181578946875 0.49035087656250004 0.183333334375 0.50614035 0.1973684203125 0.5078947375 0.2017543875 0.5
0 0.195614034375 0.5543859656250001 0.19385965 0.539473684375 0.17982456093750002 0.539473684375 0.1824561390625 0.5491228078125 0.18859649218750002 0.5543859656250001 0.195614034375 0.5543859656250001
0 0.33947368437500003 0.4324561390625 0.356560415625 0.42987398125 0.3621200890625 0.4180133421875 0.3621200890625 0.3983691625 0.34035087656249996 0.3991228078125 0.32631578906250003 0.4175438609375 0.3236842109375 0.4324561390625 0.33947368437500003 0.4324561390625
0 0.3640350875 0.4175438609375 0.3657894734375 0.42368421093749997 0.37192982343750003 0.43070175468749994 0.3798245609375 0.4263157890625 0.3742719 0.41124428125 0.3640350875 0.4175438609375
0 0.362280703125 0.5403508765625 0.37807017656249997 0.5429824546875001 0.37719298125 0.52719298125 0.3692982453125 0.5166666656250001 0.3552631578125 0.52280701875 0.362280703125 0.5403508765625
0 0.312280703125 0.6614035078125 0.34035087656249996 0.625438596875 0.337719296875 0.6087719296875 0.3192982453125 0.6026315796875 0.2929824546875 0.625438596875 0.2824561390625 0.6526315796875 0.29385965000000003 0.6614035078125 0.312280703125 0.6614035078125
0 0.40175438750000003 0.5157894734374999 0.3912280703125 0.52719298125 0.40087719218749995 0.5324561390625 0.40701754531249995 0.5263157890625 0.40175438750000003 0.5157894734374999
0 0.55 0.575438596875 0.5359649125 0.575438596875 0.5359649125 0.5921052625 0.55 0.5912280703125 0.55 0.575438596875
0 0.631578946875 0.6298245609374999 0.6570175453125 0.62280701875 0.6543859656250001 0.57719298125 0.6421052625 0.56491228125 0.6131578953125 0.5675438609375 0.5903508765625001 0.6 0.6 0.6236842109375 0.631578946875 0.6298245609374999
0 0.8973684203125 0.6780701765625 0.8921052625 0.6508771921875 0.8578947375 0.6754385968750001 0.8631578953125001 0.6903508765625 0.8877192968750001 0.6903508765625 0.8973684203125 0.6780701765625
0 0.7982456124999999 0.6421052625 0.7868421046875 0.6508771921875 0.7991228078125 0.662280703125 0.8052631578125 0.6570175453125 0.7982456124999999 0.6421052625
0 0.8921052625 0.7701754390625 0.9359649125 0.7736842109375 0.9175438609375 0.7429824546875 0.8921052625 0.7701754390625
0 0.3 0.8570175453125 0.2842105265625 0.8464912296874999 0.2692982453125 0.86491228125 0.283333334375 0.8842105265625 0.295614034375 0.8815789468749999 0.3 0.8570175453125
0 0.2219298234375 0.8166666656249999 0.20614035 0.8175438609375 0.2070175453125 0.833333334375 0.2236842109375 0.83508771875 0.2219298234375 0.8166666656249999
0 0.9026315796875 0.725438596875 0.8885964921875 0.7140350875 0.8736842109375 0.7307017546875 0.8842105265625 0.7447368421875 0.8956140343750001 0.74385965 0.9026315796875 0.725438596875
0 0.2692982453125 0.9298245609375 0.2842105265625 0.9482456125000001 0.3 0.937719296875 0.295614034375 0.9131578953125 0.283333334375 0.9105263156250001 0.2692982453125 0.9298245609375
0 0.20614035 0.97719298125 0.2219298234375 0.9780701765625001 0.2236842109375 0.9596491234375 0.2070175453125 0.9614035078125 0.20614035 0.97719298125