0 0.588628953125 0.11142292499999999 0.619696146875 0.104505928125 0.6231744078125 0.08031620625 0.595466896875 0.0711462453125 0.5737277671875 0.08379446562500001 0.588628953125 0.11142292499999999
0 0.3503680828125 0.305928853125 0.3560993078125 0.3473913046875 0.387206028125 0.3692490125 0.413688240625 0.3554545453125 0.418273221875 0.310553359375 0.3987080046875 0.2932806328125 0.3503680828125 0.305928853125
0 0.48617835937500004 0.351976284375 0.43554594843750005 0.3658102765625 0.413688240625 0.40031620625000003 0.4459016796875 0.43944664062500005 0.51957756875 0.43944664062500005 0.5425815218750001 0.403794465625 0.5126605734374999 0.360039525 0.48617835937500004 0.351976284375
0 0.5713562249999999 0.4650197625 0.562265315625 0.46146244999999997 0.55594120625 0.46739130468749995 0.5535696640625 0.47924901249999996 0.5539649203125 0.4915019765625 0.5594985171875 0.49624505937499996 0.5677989125 0.491936759375 0.5717514828125 0.47964426875 0.5713562249999999 0.4650197625
0 0.48096096875 0.047509881250000004 0.44910326093749997 0.047509881250000004 0.4428186765625 0.0736758890625 0.44910326093749997 0.08335968437499999 0.4730163046875 0.086205534375 0.49349061250000004 0.07422924843749999 0.49293725312500003 0.059446640625000005 0.48096096875 0.047509881250000004
0 0.035783103125 0.0711462453125 0.0080755921875 0.08031620625 0.011553853125000001 0.104505928125 0.042621046875 0.11142292499999999 0.0575222328125 0.08379446562500001 0.035783103125 0.0711462453125
0 0.7709609687500001 0.0711462453125 0.7432534578125 0.08031620625 0.74673171875 0.104505928125 0.7777989125 0.11142292499999999 0.7927000984375 0.08379446562500001 0.7709609687500001 0.0711462453125
0 0.2325419953125 0.2932806328125 0.212976778125 0.310553359375 0.21756175937500002 0.3554545453125 0.244043971875 0.3692490125 0.2751506921875 0.3473913046875 0.2808819171875 0.305928853125 0.2325419953125 0.2932806328125
0 1 0.301726784375 0.9677198609375001 0.2932806328125 0.94815464375 0.310553359375 0.9527396250000001 0.3554545453125 0.9792218374999999 0.3692490125 1 0.3546488546875 1 0.301726784375
0 0.145071640625 0.351976284375 0.1185894265625 0.360039525 0.088668478125 0.403794465625 0.11167243125 0.43944664062500005 0.18534832031249998 0.43944664062500005 0.21756175937500002 0.40031620625000003 0.19570405156249998 0.3658102765625 0.145071640625 0.351976284375
0 0.88024950625 0.351976284375 0.8537672921875 0.360039525 0.82384634375 0.403794465625 0.846850296875 0.43944664062500005 0.9205261859375 0.43944664062500005 0.9527396250000001 0.40031620625000003 0.9308819171874999 0.3658102765625 0.88024950625 0.351976284375
0 0.06898468437500001 0.46146244999999997 0.059893775 0.4650197625 0.0594985171875 0.47964426875 0.0634510875 0.491936759375 0.0717514828125 0.49624505937499996 0.07728507968750001 0.4915019765625 0.0776803359375 0.47924901249999996 0.07530879375 0.46739130468749995 0.06898468437500001 0.46146244999999997
0 0.80416255 0.46146244999999997 0.795071640625 0.4650197625 0.7946763828125001 0.47964426875 0.7986289531249999 0.491936759375 0.8069293484375001 0.49624505937499996 0.8124629453125 0.4915019765625 0.8128582015625 0.47924901249999996 0.810486659375 0.46739130468749995 0.80416255 0.46146244999999997
0 0.15028903124999998 0.047509881250000004 0.138312746875 0.059446640625000005 0.1377593875 0.07422924843749999 0.1582336953125 0.086205534375 0.1821467390625 0.08335968437499999 0.1884313234375 0.0736758890625 0.1821467390625 0.047509881250000004 0.15028903124999998 0.047509881250000004
0 0.8854668968749999 0.047509881250000004 0.8734906125 0.059446640625000005 0.872937253125 0.07422924843749999 0.8934115609375001 0.086205534375 0.9173246046875001 0.08335968437499999 0.9236091890625 0.0736758890625 0.9173246046875001 0.047509881250000004 0.8854668968749999 0.047509881250000004