0 0.5363231203125001 0.28710306406249997 0.49729805000000005 0.2776323125 0.474846796875 0.31428969375000004 0.498495821875 0.3320055703125 0.5363231203125001 0.28710306406249997
0 0.369860725 0.68428969375 0.3612813375 0.6960724234375 0.370389971875 0.71270195 0.37359331406249996 0.7153760453125 0.392479109375 0.707381615625 0.387520890625 0.6896378828125 0.369860725 0.68428969375
0 0.816350975 0.1717827296875 0.811504178125 0.18406685312499999 0.8185793875 0.1944846796875 0.8416434546874999 0.2004456828125 0.8438718656249999 0.1877994421875 0.8431476328124999 0.1744011140625 0.816350975 0.1717827296875
0 0.40272980468749997 0.3485515328125 0.40746518125 0.34974930312499997 0.4358495828125 0.33791086406250004 0.40629526406250005 0.321364903125 0.38618384375 0.334373259375 0.40272980468749997 0.3485515328125
0 0.41217270156249997 0.6762674093750001 0.413259053125 0.6382172703125 0.39557103125 0.600696378125 0.3778830078125 0.5964066859375 0.3623398328125 0.6033704734375 0.3650417828125 0.632311978125 0.3896657375 0.667158775 0.3993314765625 0.6762674093750001 0.41217270156249997 0.6762674093750001
0 0.33064066875 0.2291643453125 0.273899721875 0.236267409375 0.244345403125 0.2776323125 0.2490807796875 0.3178272984375 0.3034540390625 0.334373259375 0.3259052921875 0.3201949859375 0.343649025 0.257548746875 0.33064066875 0.2291643453125
0 0.4949303625 0.6275208906249999 0.46774373281250003 0.6747910859374999 0.4653760453125 0.7303621171875 0.5114763234375 0.7114484671875 0.5540389968749999 0.7622841218749999 0.6013091921875 0.7386350968750001 0.6249582171875 0.7149860718750001 0.6745961 0.7268245125 0.71125348125 0.7114484671875 0.684066853125 0.6759888578125001 0.6580501390625 0.6476044562500001 0.6166852375 0.6310584953125 0.66395543125 0.6027019499999999 0.6686908078125 0.5766852375 0.6450696375 0.558969359375 0.60604456875 0.5400557109374999 0.5599442890625 0.5743175484374999 0.528022284375 0.61334261875 0.4949303625 0.6275208906249999
0 0.6450696375 0.4041225625 0.6663231203125 0.360389971875 0.63206128125 0.32610027812500003 0.5587743734374999 0.32610027812500003 0.5256824515625 0.3615598890625 0.528022284375 0.41119777187500006 0.577688021875 0.4407520890625 0.600139275 0.46086350937500004 0.6450696375 0.4041225625
0 0.48359869062499994 0 0.49729805000000005 0.0223676875 0.5363231203125001 0.012896935937500001 0.5254583312500001 0 0.48359869062499994 0
0 0.38994940625 1 0.392479109375 0.990947075 0.37359331406249996 0.9829526468750001 0.370389971875 0.985626740625 0.3625171828125 1 0.38994940625 1
0 0.811504178125 0.115933146875 0.816350975 0.12821727031250002 0.8431476328124999 0.1255988859375 0.8438718656249999 0.1122005578125 0.8416434546874999 0.09955431718749999 0.8185793875 0.1055153203125 0.811504178125 0.115933146875
0 0.24698054374999998 0 0.244345403125 0.0223676875 0.273899721875 0.063732590625 0.33064066875 0.0708356546875 0.343649025 0.042451253125 0.331625259375 0 0.24698054374999998 0
0 0.7011946421874999 1 0.71125348125 0.9868802234375 0.6745961 0.9715041781249999 0.6249582171875 0.9833426187500001 0.6013091921875 0.95969359375 0.5540389968749999 0.9360445687500001 0.5114763234375 0.9868802234375 0.4653760453125 0.9679665734375 0.466740878125 1 0.7011946421874999 1