0 0.6756643078125 0.6540251578125 0.658389675 0.569832284375 0.5526244765625 0.5331446546875 0.47275026249999996 0.6281132078125 0.500821540625 0.71014675 0.61522405625 0.720943396875 0.6756643078125 0.6540251578125
0 0.26553852187500004 0.74683438125 0.2741758390625 0.8633962265624999 0.33029743125 0.87203354375 0.39289701250000003 0.8590775687500001 0.4058529875 0.79218029375 0.43174397343750004 0.7403563937500001 0.40153432968749997 0.701509434375 0.315182128125 0.6928721171875 0.2763351671875 0.7231027250000001 0.26553852187500004 0.74683438125
0 0.576377096875 0.3496645703125 0.5612617921874999 0.3906918234375 0.5591024640625 0.4079454921875 0.5504651468749999 0.4446540875 0.5591024640625 0.46406708593749996 0.5914714359375 0.479182390625 0.6519116875 0.46190775625 0.6691863203125 0.436016771875 0.6432953359375 0.3820545078125 0.6303393609375 0.3712578609375 0.6260207015625 0.3431865828125 0.5979494234375 0.33457023124999996 0.576377096875 0.3496645703125
0 0.5365657749999999 0.40955974843750004 0.5461255234375 0.41129979062500005 0.5530647281250001 0.392222221875 0.5530647281250001 0.36272536718750004 0.5443854828125 0.3601257859375 0.5365657749999999 0.3601257859375 0.5279074953125 0.3714046125 0.5270269921875 0.3930817609375 0.5365657749999999 0.40955974843750004
0 0.654553196875 0.2213207546875 0.6424148328125 0.197044025 0.6155175578125001 0.1918239 0.597299528125 0.23345911875 0.610318396875 0.2577568140625 0.6415343296875 0.26643605937500003 0.654553196875 0.2213207546875
0 0.5955594859375 0.1206918234375 0.632855084375 0.14584905625 0.6580123171875 0.1675471703125 0.6857691296875 0.163207546875 0.7300248953125 0.1423899375 0.730884434375 0.09119496875000001 0.7005280390624999 0.031341718750000004 0.6788299265625 0.028742139062499998 0.6181171390625 0.0400209640625 0.5990395703125 0.0703773578125 0.5955594859375 0.1206918234375
0 0.297509171875 0.129748428125 0.28797038750000004 0.118700209375 0.2688928203125 0.118700209375 0.2518278296875 0.13576519843749998 0.266377096875 0.15584905625 0.290968290625 0.1453039828125 0.297509171875 0.129748428125
0 0.2613666140625 0.3194968546875 0.2643645171875 0.3260377359375 0.274909590625 0.33706498906250004 0.28696409843750004 0.321509434375 0.27943789375 0.30092243125 0.2613666140625 0.3194968546875
0 1 0.57342060625 0.9661255234375 0.5331446546875 0.860360325 0.569832284375 0.8430856921875 0.6540251578125 0.9035259437500001 0.720943396875 1 0.711838734375 1 0.57342060625
0 0.17212133125 0.6928721171875 0.0857691296875 0.701509434375 0.0555594859375 0.7403563937500001 0.081450471875 0.79218029375 0.09440644687500001 0.8590775687500001 0.1570060265625 0.87203354375 0.21312762031250002 0.8633962265624999 0.2217649375 0.74683438125 0.21096829062500003 0.7231027250000001 0.17212133125 0.6928721171875
0 0.9574882078125 0.3906918234375 0.942372903125 0.3496645703125 0.9208005765625 0.33457023124999996 0.8927292984375 0.3431865828125 0.8884106390625 0.3712578609375 0.8754546640624999 0.3820545078125 0.8495636796875001 0.436016771875 0.8668383125 0.46190775625 0.9272785640625001 0.479182390625 0.9596475359375001 0.46406708593749996 0.968284853125 0.4446540875 0.9596475359375001 0.4079454921875 0.9574882078125 0.3906918234375
0 0.9821842249999999 0.3601257859375 0.9743645171875001 0.3601257859375 0.9656852718750001 0.36272536718750004 0.9656852718750001 0.392222221875 0.9726244765625 0.41129979062500005 0.9821842249999999 0.40955974843750004 0.9917230078125 0.3930817609375 0.9908425046874999 0.3714046125 0.9821842249999999 0.3601257859375
0 0.8763351671875 0.197044025 0.864196803125 0.2213207546875 0.8772156703125 0.26643605937500003 0.9084316031249999 0.2577568140625 0.921450471875 0.23345911875 0.9032324421875 0.1918239 0.8763351671875 0.197044025
0 0.9197104296875 0.0703773578125 0.9006328609375001 0.0400209640625 0.8399200734375001 0.028742139062499998 0.8182219609375 0.031341718750000004 0.787865565625 0.09119496875000001 0.7887251046875 0.1423899375 0.8329808703125 0.163207546875 0.8607376828125 0.1675471703125 0.885894915625 0.14584905625 0.9231905140625001 0.1206918234375 0.9197104296875 0.0703773578125
0 0.199333071875 0.118700209375 0.1897942875 0.129748428125 0.1963351671875 0.1453039828125 0.22092636250000003 0.15584905625 0.23547562968750002 0.13576519843749998 0.21841063906249997 0.118700209375 0.199333071875 0.118700209375
0 0.207865565625 0.30092243125 0.20033936093750002 0.321509434375 0.2123938671875 0.33706498906250004 0.22293894062500003 0.3260377359375 0.2259368453125 0.3194968546875 0.207865565625 0.30092243125