0 1 0.6933611421875 0.991628959375 0.6933611421875 0.9791855203125 0.7022299203125 0.9756108593749999 0.72978648125 0.9818552031250001 0.74928874375 1 0.7631348984375 1 0.6933611421875
0 0.9924886875000001 0.5210534499999999 0.932986425 0.48105345 0.9320814484375 0.5210534499999999 0.959638009375 0.5769810515625 0.9898190046875 0.591189196875 0.9951583703125 0.5627729078125 0.9924886875000001 0.5210534499999999
0 0.8264253390625 0.561913178125 0.7864253390625 0.5352615953125001 0.7660180999999999 0.5485647625000001 0.7677828046874999 0.5778860296875 0.800633484375 0.5814154406250001 0.8264253390625 0.561913178125
0 0.615022625 0.6951258484375 0.5999095015625 0.6880217765625 0.5847963796875 0.7084290156249999 0.599004525 0.7200127265625 0.612352940625 0.712908653125 0.615022625 0.6951258484375
0 0.082986425 0.5228181562499999 0.0403167421875 0.5068453046875 0.02076923125 0.5316869343749999 0.0314479640625 0.5574335406250001 0.07764705937500001 0.5592434953125001 0.082986425 0.5228181562499999
0 0.2363348421875 0.4098769796875 0.200633484375 0.4056235859375 0.19891402656249998 0.4353973421875 0.2346606328125 0.4490172515625 0.2363348421875 0.4098769796875
0 0.9249773749999999 0.587659784375 0.8708144796875 0.5805557125 0.877013575 0.608067025 0.8867873296875001 0.6409629531250001 0.9116742078125 0.6507367078125 0.9365610859375 0.6373882921875 0.9249773749999999 0.587659784375
0 0.7040723984375 0.568926753125 0.6845248875000001 0.5621394234375 0.6870588234375 0.5918679296875 0.69475113125 0.5884742640625 0.7040723984375 0.568926753125
0 0.7567873296875 0.6505557125 0.7279185515625 0.651415440625 0.7279185515625 0.6862570703124999 0.75425339375 0.6905104640624999 0.7567873296875 0.6505557125
0 0.399638009375 0.45241091562499997 0.378371040625 0.4498769796875 0.380904978125 0.49069145937499997 0.416651584375 0.4923656671875 0.399638009375 0.45241091562499997
0 0.6043438906249999 0.5015059390625 0.582126696875 0.4934968890625 0.5705882359375 0.50503535 0.575022625 0.5165738125 0.5928054296874999 0.5183837671875 0.6043438906249999 0.5015059390625
0 0.95325791875 0.39458286249999996 0.9430769234374999 0.376709559375 0.87927601875 0.38607607499999996 0.85122171875 0.4107367078125 0.8733031671875 0.45494485312500005 0.9124434390625 0.46091770312499997 0.9303167421874999 0.4362570703125 0.95923076875 0.4234968890625 0.95325791875 0.39458286249999996
0 0.6008144796875 0.1417774328125 0.5679185515625 0.144447115625 0.5537104078125 0.1471167984375 0.558144796875 0.16218467187500002 0.5874660640625 0.1817321828125 0.6176923078125001 0.1763928171875 0.6336651578125 0.15508059999999999 0.6300904984375 0.13996747812500002 0.6008144796875 0.1417774328125
0 1 0.9539041296875 0.9818552031250001 0.9677502828125 0.9756108593749999 0.9872525453125001 0.9772644703125 1 1 1 1 0.9539041296875
0 0.6176923078125001 0.1017321828125 0.5874660640625 0.09639281718750001 0.558144796875 0.11594032812499999 0.5537104078125 0.13100820156249998 0.5679185515625 0.133677884375 0.6008144796875 0.13634756718750002 0.6300904984375 0.138157521875 0.6336651578125 0.12304440000000001 0.6176923078125001 0.1017321828125