0 0.44607638906249997 0.0916666671875 0.46491696875 0.08432367187499999 0.461776871875 0.0560628015625 0.44607638906249997 0.0382608703125 0.42409571250000005 0.043502415625 0.4125739734375 0.0529227046875 0.4136126203125 0.07072463749999999 0.44607638906249997 0.0916666671875
0 0.6722599640625 0.25082125624999996 0.6701585140625 0.230917875 0.6418976453125 0.22253623125000002 0.6230329109375 0.23719806718749997 0.6230329109375 0.2560628015625 0.6523565828125 0.26128019375 0.6722599640625 0.25082125624999996
0 0.7633469203125001 0.314685990625 0.76754981875 0.30316425156250004 0.7591681765625 0.28746376875 0.734047403125 0.2906038640625 0.72774305625 0.30736715000000003 0.742404890625 0.3251690828125 0.7633469203125001 0.314685990625
0 0.5256657609375 0.59009661875 0.5193855671875001 0.5733333328125 0.48482035 0.5534299515625001 0.4502792875 0.560772946875 0.45341938437499996 0.59845410625 0.4963420890625 0.6068357484375 0.5256657609375 0.59009661875
0 0.44503774218750003 0.7063285031250001 0.43455465000000004 0.6665217390625 0.4094338765625 0.6707246375 0.39477204062500004 0.68746376875 0.40629377968749997 0.7167874390625 0.42199426406249996 0.7199275359375 0.44503774218750003 0.7063285031250001
0 0.285858996875 0.940869565625 0.2921633453125 0.9157487921874999 0.263878321875 0.8937439609375 0.237694746875 0.906328503125 0.2293372578125 0.93772946875 0.24397493906249998 0.9576328500000001 0.285858996875 0.940869565625
0 0.398950784375 0.0183574875 0.3759314609375 0.026739129687500002 0.37697010937500003 0.043502415625 0.40209088125000003 0.041400965625 0.407332428125 0.026739129687500002 0.398950784375 0.0183574875
0 0.9320184171875001 0.26128019375 0.9613420890625 0.2560628015625 0.9613420890625 0.23719806718749997 0.9424773546875 0.22253623125000002 0.9142164859375 0.230917875 0.9121150359374999 0.25082125624999996 0.9320184171875001 0.26128019375
0 0.8419701093749999 0.3251690828125 0.8566319437500001 0.30736715000000003 0.8503275968749999 0.2906038640625 0.8252068234375001 0.28746376875 0.8168251812499999 0.30316425156250004 0.8210280796875 0.314685990625 0.8419701093749999 0.3251690828125
0 0 0.7195534421875001 0.013830012499999999 0.7167874390625 0.025351751562500004 0.68746376875 0.010689915625000001 0.6707246375 0 0.6689361328125 0 0.7195534421875001
0 0.176148853125 0.9576328500000001 0.19078653437499998 0.93772946875 0.18242904531249998 0.906328503125 0.1562454703125 0.8937439609375 0.127960446875 0.9157487921874999 0.1342647953125 0.940869565625 0.176148853125 0.9576328500000001
0 0.0180329109375 0.041400965625 0.0431536828125 0.043502415625 0.04419233125 0.026739129687500002 0.0211730078125 0.0183574875 0.0127913640625 0.026739129687500002 0.0180329109375 0.041400965625