0 0.727658390625 0.9830479453125 0.7256378421874999 0.9511986296874999 0.6931035953125 0.953904109375 0.68361729375 0.9769520546875 0.6863227734375 0.9816780828124999 0.727658390625 0.9830479453125
0 0.32724743125 0.978972603125 0.34622003437500004 0.9688013703125 0.346904965625 0.9532191781250001 0.33875428125 0.9511986296874999 0.3096446921875 0.96 0.3109803078125 0.9755821921875001 0.32724743125 0.978972603125
0 0.28252140468750003 0.5155479453125 0.2940625 0.5094520546875 0.2899871578125 0.5040410953125 0.28187071874999997 0.49931506875 0.275774828125 0.5108219171874999 0.28252140468750003 0.5155479453125
0 0.3021789390625 0.4965753421875 0.307589896875 0.492534246875 0.3028638703125 0.48575342499999996 0.29200770625 0.48575342499999996 0.29200770625 0.49318493124999996 0.3021789390625 0.4965753421875
0 0.3299529109375 0.428150684375 0.3306378421875 0.40784246562500004 0.312350171875 0.39969178125 0.3048844171875 0.4098630140625 0.3089597609375 0.428150684375 0.3299529109375 0.428150684375
0 0.29745291093750004 0.3265410953125 0.2960830484375 0.2980821921875 0.2777953765625 0.288595890625 0.2710145546875 0.29400685000000004 0.2601926375 0.32246575312500003 0.268309075 0.333972603125 0.287966609375 0.33332191718750004 0.29745291093750004 0.3265410953125
0 0.7059803078125 0.20797945156250003 0.707315925 0.182910959375 0.6991994859374999 0.16393835625 0.6843022265625 0.169349315625 0.6843022265625 0.18900685 0.7059803078125 0.20797945156250003
0 0.576220034375 0.7909589046875001 0.576220034375 0.73 0.5471104453125 0.7191438359375 0.5159460609375001 0.7421917812500001 0.498309075 0.7672602734375 0.516596746875 0.7855479453124999 0.551151540625 0.7868835609375 0.576220034375 0.7909589046875001
0 0.67649400625 0.8018150687500001 0.6649871578125001 0.7780821921875 0.6446446921875 0.781472603125 0.6446446921875 0.7963698625 0.67649400625 0.8018150687500001
0 0.642281678125 0.0955136984375 0.6524529109375 0.0690753421875 0.6402611296875 0.051472603125 0.62875428125 0.05349315 0.6226583906250001 0.0751712328125 0.642281678125 0.0955136984375
0 0.400774828125 0.40003424687500005 0.3878981171875 0.38650685 0.3750214046875 0.374965753125 0.360774828125 0.38650685 0.35738441718749997 0.40750000000000003 0.3763570203125 0.4176712328125 0.400774828125 0.40003424687500005
0 0.3885488015625 0.07143835625 0.37974743125 0.0477397265625 0.360774828125 0.040273971874999995 0.3451926375 0.032842465625 0.3438570203125 0.059246575 0.3546789390625 0.0944863015625 0.36687071875 0.091095890625 0.38180222656249996 0.07143835625 0.3885488015625 0.07143835625
0 0.6456720890625001 0.6429452062500001 0.6321104453124999 0.60294520625 0.60163099375 0.6198972609375 0.56505565 0.6246232875 0.5264255140625 0.65243150625 0.5298159250000001 0.68969178125 0.584028253125 0.6930479453125 0.6307748281250001 0.683595890625 0.6456720890625001 0.6429452062500001
0 0.6856378421875 0.47489726093750007 0.695809075 0.452534246875 0.68361729375 0.43630137031249994 0.67005565 0.440342465625 0.6666652390625 0.47219178125 0.6856378421875 0.47489726093750007
0 0.512213184375 0.42544520625000004 0.5264255140625 0.408527396875 0.5101926375 0.40784246562500004 0.49663099375 0.4118835609375 0.4932405828125 0.42883561718749996 0.512213184375 0.42544520625000004
0 0.7640625 0.7369520546875 0.7554323625 0.728972603125 0.7513570203125 0.7465753421875 0.7520419515625 0.7676027390625 0.7574529109375 0.7716438359375 0.7581378421875 0.7716438359375 0.762213184375 0.76893835625 0.7628981171875 0.7655479453125 0.7635488015624999 0.7581164390625 0.7635488015624999 0.7472602734375 0.7640625 0.7397945203125 0.7640625 0.7369520546875
0 0.8350214046875 0.953904109375 0.8024871578124999 0.9511986296874999 0.800466609375 0.9830479453125 0.8418022265625 0.9816780828124999 0.8445077062499999 0.9769520546875 0.8350214046875 0.953904109375
0 0.1345761984375 0.9511986296874999 0.1264255140625 0.9532191781250001 0.1271104453125 0.9688013703125 0.1460830484375 0.978972603125 0.162350171875 0.9755821921875001 0.1636857875 0.96 0.1345761984375 0.9511986296874999
0 0.183343321875 0.5040410953125 0.1792679796875 0.5094520546875 0.190809075 0.5155479453125 0.19755565 0.5108219171874999 0.1914597609375 0.49931506875 0.183343321875 0.5040410953125
0 0.170466609375 0.48575342499999996 0.16574058281249998 0.492534246875 0.171151540625 0.4965753421875 0.1813227734375 0.49318493124999996 0.1813227734375 0.48575342499999996 0.170466609375 0.48575342499999996
0 0.1609803078125 0.39969178125 0.1426926375 0.40784246562500004 0.14337756875000002 0.428150684375 0.16437071875 0.428150684375 0.1684460609375 0.4098630140625 0.1609803078125 0.39969178125
0 0.2131378421875 0.32246575312500003 0.202315925 0.29400685000000004 0.195535103125 0.288595890625 0.17724743125 0.2980821921875 0.17587756875 0.3265410953125 0.18536387031249998 0.33332191718750004 0.2050214046875 0.333972603125 0.2131378421875 0.32246575312500003
0 0.8289255140625 0.16393835625 0.820809075 0.182910959375 0.8221446921875 0.20797945156250003 0.8438227734374999 0.18900685 0.8438227734374999 0.169349315625 0.8289255140625 0.16393835625
0 1 0.7331847203125 0.9810145546875001 0.7191438359375 0.951904965625 0.73 0.951904965625 0.7909589046875001 0.976973459375 0.7868835609375 1 0.7859935359375 1 0.7331847203125
0 0.8631378421875 0.7780821921875 0.8516309937500001 0.8018150687500001 0.8834803078125001 0.7963698625 0.8834803078125001 0.781472603125 0.8631378421875 0.7780821921875
0 0.8878638703125 0.051472603125 0.8756720890624999 0.0690753421875 0.8858433218749999 0.0955136984375 0.9054666093750001 0.0751712328125 0.89937071875 0.05349315 0.8878638703125 0.051472603125
0 0.11255565000000001 0.38650685 0.098309075 0.374965753125 0.0854323625 0.38650685 0.07255565 0.40003424687500005 0.096973459375 0.4176712328125 0.1159460609375 0.40750000000000003 0.11255565000000001 0.38650685
0 0.11865154062500001 0.0944863015625 0.12947345937500002 0.059246575 0.1281378421875 0.032842465625 0.11255565000000001 0.040273971874999995 0.09358304843750001 0.0477397265625 0.08478167812500001 0.07143835625 0.091528253125 0.07143835625 0.10645976093750001 0.091095890625 0.11865154062500001 0.0944863015625
0 1 0.6512081171874999 0.9630693499999999 0.6246232875 0.9264940062499999 0.6198972609375 0.8960145546874999 0.60294520625 0.8824529109375 0.6429452062500001 0.8973501718750001 0.683595890625 0.9440967468749999 0.6930479453125 0.9983090750000001 0.68969178125 1 0.6711086859375001 1 0.6512081171874999
0 0.8445077062499999 0.43630137031249994 0.832315925 0.452534246875 0.8424871578124999 0.47489726093750007 0.8614597609375 0.47219178125 0.8580693500000001 0.440342465625 0.8445077062499999 0.43630137031249994
0 0.7645761984375 0.7581164390625 0.7652268828125 0.7655479453125 0.765911815625 0.76893835625 0.7699871578125 0.7716438359375 0.7706720890625001 0.7716438359375 0.7760830484375 0.7676027390625 0.7767679796875 0.7465753421875 0.7726926375 0.728972603125 0.7640625 0.7369520546875 0.7640625 0.7397945203125 0.7645761984375 0.7472602734375 0.7645761984375 0.7581164390625