0 0.6425333328125 0.46800416718750004 0.61964444375 0.43867083281249997 0.595777778125 0.46067083281250004 0.61044444375 0.49551527812499996 0.64804444375 0.5037375 0.6425333328125 0.46800416718750004
0 0.9953777781250001 0.5758263890624999 0.9872444437500001 0.5584041671875 0.9734666671875001 0.5694263890625 0.97155555625 0.5804041671875 0.9862222218750001 0.5904930562499999 0.9953777781250001 0.5758263890624999
0 0.75844444375 0.6118263890625 0.7201333328125 0.6242708328125001 0.7118666671875 0.65529305625 0.7667111109375 0.6532486109375 0.75844444375 0.6118263890625
0 0.5172888890625 0.613915278125 0.45831111093750004 0.6108041671875 0.431377778125 0.6636041671874999 0.514177778125 0.6728930562500001 0.5172888890625 0.613915278125
0 0.882222221875 0.7308041671875001 0.8715111109375 0.715515278125 0.8554666671875 0.7262263890625 0.856222221875 0.7514263890625 0.8784000000000001 0.7521819437499999 0.882222221875 0.7308041671875001
0 0.8862666671874999 0.8270708328125 0.8389333328124999 0.8204486109375001 0.8092444437499999 0.8666708328125001 0.7817333328125 0.9172930562499999 0.8125333328125001 0.9316041671875 0.87084444375 0.9304930562499999 0.89835555625 0.9151152781249999 0.896177778125 0.8832041671875 0.8862666671874999 0.8270708328125
0 0.6607111109375 0.8017375 0.639777778125 0.7885375 0.630977778125 0.8105819437499999 0.6342666671875 0.8226708328125 0.657377778125 0.8204486109375001 0.6607111109375 0.8017375
0 0.44724444375 0.7456486109375 0.356977778125 0.7313375 0.3118666671875 0.799559721875 0.3108 0.839159721875 0.32839999999999997 0.8644930562500001 0.3592 0.869959721875 0.4065333328125 0.8677819437500001 0.4439111109375 0.8413819437500001 0.4549333328125 0.799559721875 0.44724444375 0.7456486109375
0 0.20515555624999998 0.6378263890625 0.1589333328125 0.632315278125 0.15124444374999998 0.6741375 0.16884444375000002 0.6906263890625 0.2106666671875 0.685115278125 0.20515555624999998 0.6378263890625
0 0.14684444375 0.46395972187499995 0.1072 0.4254263890625 0.0852 0.4518708328125 0.10831111093750001 0.4848486109375 0.14684444375 0.46395972187499995
0 0.5858666671874999 0.093159721875 0.5077333328125 0.10195972187499999 0.471422221875 0.20867083281249998 0.47031111093750005 0.2340041671875 0.47475555625 0.265915278125 0.4857333328125 0.3044041671875 0.4637333328125 0.3440041671875 0.48022222187499997 0.371515278125 0.5121333328125 0.35831527812499997 0.547377778125 0.3440041671875 0.57484444375 0.33413750000000003 0.5990666671875 0.3132041671875 0.6056888890625001 0.33413750000000003 0.6144888890625 0.3913375 0.6552 0.3726263890625 0.6980888890625 0.3297375 0.745422221875 0.22409305625 0.719022221875 0.145959721875 0.6816 0.097559721875 0.5858666671874999 0.093159721875
0 0.6031111109375 0.38453750000000003 0.5710222218750001 0.3708041671875 0.5600444437500001 0.39373749999999996 0.5692 0.4084041671875 0.6049777781250001 0.4120486109375 0.6031111109375 0.38453750000000003
0 0.894373640625 1 0.896177778125 0.9897819437500001 0.89835555625 0.9578708328125 0.87084444375 0.94249305625 0.8125333328125001 0.9413819437500001 0.7817333328125 0.95569305625 0.8058123484375 1 0.894373640625 1