0 0.7921521328125001 0.34216488906250003 0.8210389609375 0.359029453125 0.836289425 0.37427991718750003 0.8491280140624999 0.363834646875 0.864378478125 0.359029453125 0.8884601109375 0.34216488906250003 0.8651762515625 0.3293262984375 0.8531539890625 0.28678455468749997 0.8242486078125 0.2827771328125 0.80419295 0.3116639609375 0.7921521328125001 0.34216488906250003
0 0.146753246875 0.6283801015625 0.16753246718749998 0.638955240625 0.19165120625 0.6207734234375 0.16345083437500002 0.6025916046875001 0.146753246875 0.6283801015625
0 0.48552875625 0.485040584375 0.49756957343749997 0.525968228125 0.601113171875 0.5717196203125 0.6340259734375 0.5476379875 0.6436549171875 0.5163392859375 0.6884972171875 0.46919642812499995 0.6540816328125 0.4152075609375 0.6508719859375 0.3526101578125 0.6348237484375 0.3221092296875 0.593896103125 0.2755415125 0.5505565859375 0.3060424390625 0.5312801484375 0.314075834375 0.4871428578125 0.341367115625 0.50398886875 0.37667323750000004 0.49918367343750003 0.4344654453125 0.48552875625 0.485040584375
0 0.2219666046875 0.7453745359374999 0.261150278125 0.7661908625 0.28033395156249996 0.747823515625 0.274211503125 0.7212929031249999 0.2484972171875 0.7065990265625001 0.21625231875 0.7168031078125 0.2219666046875 0.7453745359374999
0 0.2105380328125 0.6776379875 0.234211503125 0.6837418828125 0.2452319109375 0.6621277828125 0.2366604828125 0.6535563546875001 0.21176252343750002 0.6555971703125001 0.2105380328125 0.6776379875
0 0.3824675328125 0.8129997687499999 0.390946196875 0.8129997687499999 0.39601113125 0.80114448125 0.3892393328125 0.8003096015625 0.381632653125 0.7977678578125 0.379090909375 0.8036862250000001 0.3824675328125 0.8129997687499999
0 0.5048051953125 0.7739830703125 0.5080148421875 0.8157270406249999 0.597903525 0.8333893781249999 0.619573284375 0.8020721249999999 0.6147680890625 0.741088821875 0.610742115625 0.7025544984375001 0.5987012984375 0.679270640625 0.551354359375 0.672053571875 0.5240630796875 0.7049663734375 0.49756957343749997 0.7097715671875 0.5048051953125 0.7739830703125
0 0.7996469734375 0 0.80419295 0.0115155375 0.8242486078125 0.040402365625 0.8531539890625 0.03639494375 0.8634391703125001 0 0.7996469734375 0
0 0.274211503125 0.959957096875 0.28033395156249996 0.9334264843750001 0.261150278125 0.9150591374999999 0.2219666046875 0.9358754640625 0.21625231875 0.9644468921874999 0.2484972171875 0.9746509734375 0.274211503125 0.959957096875
0 0.3892393328125 0.8809403984375 0.39601113125 0.88010551875 0.390946196875 0.86825023125 0.3824675328125 0.86825023125 0.379090909375 0.8775637749999999 0.381632653125 0.8834821421875001 0.3892393328125 0.8809403984375
0 0.5997248875000001 1 0.610742115625 0.9786955015625001 0.6147680890625 0.9401611781250001 0.619573284375 0.8791778750000001 0.597903525 0.847860621875 0.5080148421875 0.865522959375 0.5048051953125 0.9072669296875 0.49756957343749997 0.9714784328125001 0.5240630796875 0.9762836265624999 0.5437286859375 1 0.5997248875000001 1