0 0.2405277046875 0.381791721875 0.2378891828125 0.3680714046875 0.22522427500000003 0.36305821250000003 0.2141424796875 0.3736123015625 0.22812664843750002 0.3868049140625 0.2405277046875 0.381791721875
0 0.5580211078125 0.6236386875 0.5538522421875001 0.65384976875 0.6142744062500001 0.688229715625 0.618443271875 0.63197641875 0.5580211078125 0.6236386875
0 0.6830343015625 0.49968090312499996 0.679894459375 0.50907404375 0.7132453828124999 0.5111584765625 0.71116095 0.4872006921875 0.6830343015625 0.49968090312499996
0 0.338232190625 0.44656744687499994 0.3205277046875 0.48094739375 0.35593667500000004 0.4913431734375 0.3819788921875 0.45698961093749996 0.338232190625 0.44656744687499994
0 0.2278100265625 0.35384976875 0.27883905000000003 0.29656744687500003 0.2453825859375 0.26751731562500003 0.2229551453125 0.2648787921875 0.1556728234375 0.2965410625 0.1912928765625 0.3147468671875 0.2278100265625 0.35384976875
0 0.9590765171875001 0.516356365625 0.9059366750000001 0.5007363125000001 0.8851187328125001 0.4872006921875 0.801767809375 0.48094739375 0.7892875984375001 0.49968090312499996 0.7496833765625001 0.5205252312499999 0.7883905015625 0.5936386875 0.7733509234375 0.639285125 0.8034300796875 0.6941663921875 0.8488126656249999 0.6799183703125 0.9211081796875 0.670419690625 0.9351187328125 0.6569896109375 0.97572559375 0.63197641875 0.9944854875000001 0.619469821875 0.9736411609375001 0.5475964703125 0.9590765171875001 0.516356365625
0 0.2223219 0.4606835421875 0.227862796875 0.44247773749999997 0.214670184375 0.43139594375 0.20332453749999999 0.443533146875 0.208073878125 0.4567257578125 0.2223219 0.4606835421875
0 0.2550923484375 0.433453990625 0.253509234375 0.44028776406250003 0.26137203124999997 0.44342760625000005 0.28601583124999996 0.42297905625 0.2991292875 0.40094739375 0.302796834375 0.382583278125 0.2881266484375 0.38102654999999996 0.27395778437499996 0.40355953125 0.2550923484375 0.433453990625
0 0.1223746703125 0.3269104546875 0.1407124015625 0.325855046875 0.1433509234375 0.3127415890625 0.134960421875 0.2964882921875 0.11817941875 0.30646190624999997 0.115540896875 0.3153537265625 0.1223746703125 0.3269104546875
0 0.3944327171875 0.9404724609375 0.395224275 0.9259605875 0.38414247968750004 0.9246413265625 0.377282321875 0.9346677109374999 0.38361477499999996 0.94152786875 0.3944327171875 0.9404724609375
0 0.377282321875 0.9497072890625 0.38414247968750004 0.9597336734375 0.395224275 0.9584144125 0.3944327171875 0.9439025390625 0.38361477499999996 0.94284713125 0.377282321875 0.9497072890625