0 0.41681846718750004 0.22130653281249998 0.3759641953125 0.1918090453125 0.3178234921875 0.22562814062499997 0.3065672109375 0.2585929640625 0.34038630625 0.2984924625 0.41500942187499995 0.28025125625 0.41681846718750004 0.22130653281249998
0 0.4186777640625 0.460854271875 0.3945571609375 0.4921608046875 0.4036023875 0.55 0.4517933421875 0.5524120609375001 0.46325062812500006 0.489145728125 0.4186777640625 0.460854271875
0 0.3066174625 0.6795477390625 0.35199434687500003 0.6869346734375 0.38435615625 0.640351759375 0.3975722359375 0.5686934671875 0.383150125 0.5217085421875 0.363250628125 0.496984925 0.33737123125 0.5090452265625001 0.319280778125 0.56025125625 0.310235553125 0.6156783921875 0.3066174625 0.6795477390625
0 0.626265703125 0.8523115578124999 0.5997832921875 0.9185427140625 0.60335113125 0.9667336687500001 0.658778265625 0.9354271359374999 0.670235553125 0.8751758796875 0.626265703125 0.8523115578124999
0 0.12717022656250002 0.7633165828124999 0.12435615625 0.786884421875 0.12435615625 0.842864321875 0.1264667078125 0.85226130625 0.1481752515625 0.8623618093750001 0.20601444687499998 0.8421105531249999 0.23345163281249998 0.748140703125 0.1662154515625 0.7322613062500001 0.12717022656250002 0.7633165828124999
0 0.49812500000000004 0.1071859296875 0.45330087968750005 0.067386934375 0.4091802765625 0.066633165625 0.3990797734375 0.109346734375 0.41857726093750003 0.1555276375 0.481491834375 0.16788944687500001 0.49812500000000004 0.1071859296875
0 0.2347079140625 0.0366834171875 0.186969221875 0.027638190624999996 0.16284861875 0.069346734375 0.15631595468749998 0.11356783906250001 0.1844566578125 0.12010050312500001 0.241743090625 0.1 0.2347079140625 0.0366834171875
0 0.4266174625 0 0.446768215625 0.05798995 0.48581344218750006 0.053668342187499996 0.5060646984375 0.008844221874999999 0.501491834375 0 0.4266174625 0
0 0.5136023875 0.0326633171875 0.5000345484375 0.04874371875 0.5090797734375 0.0683417078125 0.5326978640625 0.06381909531249999 0.5392305281249999 0.04572864375 0.5136023875 0.0326633171875
0 0.31350188437500004 0.32190954843749997 0.2805370609375 0.3609547734375 0.300486809375 0.45376884375 0.36988379375 0.42080402031249997 0.3759641953125 0.338391959375 0.31350188437500004 0.32190954843749997
0 0.0426978640625 0.8421105531249999 0.10053706093749999 0.8623618093750001 0.12224560312499999 0.85226130625 0.12435615625 0.842864321875 0.12435615625 0.786884421875 0.1215420859375 0.7633165828124999 0.082496859375 0.7322613062500001 0.015260678125 0.748140703125 0.0426978640625 0.8421105531249999
0 0.061743090625 0.027638190624999996 0.014004396875 0.0366834171875 0.006969221875000001 0.1 0.064255653125 0.12010050312500001 0.09239635625 0.11356783906250001 0.08586369375 0.069346734375 0.061743090625 0.027638190624999996