0 0.599055478125 0.411320225 0.5695049156249999 0.3853089890625 0.554139746875 0.390028090625 0.5624262640625 0.4183988765625 0.57307233125 0.4337640453125 0.599055478125 0.411320225
0 0.6333532296875 0.0519662921875 0.601415028125 0.030702246875 0.5659655906250001 0.0744382015625 0.5978757015625 0.0826966296875 0.6333532296875 0.0519662921875
0 0.268100421875 0.24699438125 0.2420891859375 0.25174157343750003 0.2432689609375 0.2883707859375 0.2609936796875 0.313202246875 0.2799262640625 0.281292134375 0.268100421875 0.24699438125
0 0.6829880625 0.21744382031249998 0.67234199375 0.196179775 0.6475386234375 0.2008988765625 0.6427914328125001 0.20800561874999998 0.6427914328125001 0.23283707812499999 0.6581566015625 0.25764045 0.6794487359375 0.2552808984375 0.6829880625 0.21744382031249998
0 0.7013081765625 0.455925340625 0.7279037921875 0.44205056249999997 0.706639746875 0.44441011250000007 0.6853476125 0.4479494375 0.6948139046875 0.4550561796875 0.7137183984375 0.46924157343750006 0.7013081765625 0.455925340625
0 0.7763588484375 0.3332865171875 0.7586341296875 0.3392134828125 0.756274578125 0.36640449375 0.7822858140625 0.3533988765625 0.7763588484375 0.3332865171875
0 0.8130161515625 0.392387640625 0.8106566015625001 0.37820224687500004 0.7811060390625 0.375842696875 0.7799262640625 0.4018539328125 0.7988307578125 0.4089606734375 0.8130161515625 0.392387640625
0 0.8579318812500001 0.49997190937499997 0.8591116578125 0.4881460671875 0.835459971875 0.48696629218750004 0.8390273875 0.49879213437500003 0.835459971875 0.514157303125 0.8579318812500001 0.512977528125 0.8579318812500001 0.49997190937499997
0 0.5186903093749999 0.5992415734375001 0.47259480312499996 0.5531460671875 0.473774578125 0.5354213484375 0.45130266875 0.52477528125 0.3993082859375 0.5354213484375 0.36975772500000004 0.5791573031249999 0.3768363765625 0.6477247187499999 0.3933813203125 0.68081460625 0.41703300624999995 0.6914606734375 0.441864465625 0.6914606734375 0.486780196875 0.6914606734375 0.5245891859375 0.68081460625 0.535235253125 0.640617978125 0.5186903093749999 0.5992415734375001
0 0.41821278125 0.4680617984375 0.3638307578125 0.42550561875000004 0.35675210625 0.43140449375 0.32366221875 0.4680617984375 0.2988307578125 0.48221910156250003 0.253915028125 0.49879213437500003 0.2432689609375 0.547247190625 0.32127457812500004 0.5661516859375 0.3626509828125 0.559073034375 0.3933813203125 0.54014045 0.41821278125 0.4680617984375
0 0.268100421875 0.050786517187500005 0.251555478125 0.0366011234375 0.239729634375 0.048426965625 0.237370084375 0.0519662921875 0.268100421875 0.050786517187500005
0 0.38748244375 0.2541011234375 0.37565660156249997 0.23162921406249998 0.35557233125 0.2529213484375 0.38748244375 0.2541011234375
0 0.3015835671875 0.1227808984375 0.286780196875 0.1264887640625 0.290459971875 0.145 0.3003476125 0.1437640453125 0.3151509828125 0.142528090625 0.31762289374999997 0.131432584375 0.31147120781250004 0.12401685468750001 0.3015835671875 0.1227808984375
0 0.5460217703125 0.21165730312500003 0.53616221875 0.2042696625 0.5151509828124999 0.21165730312500003 0.5151509828124999 0.23266853906249998 0.52998244375 0.23390449375000003 0.5423139046875 0.2301966296875 0.5460217703125 0.21165730312500003
0 0.7349262640625 0.10674157343749999 0.7065273875 0.0919101125 0.69293188125 0.10674157343749999 0.6916959265625 0.11412921406250001 0.7114712078125 0.125252809375 0.7349262640625 0.10674157343749999
0 0.5213307578124999 0.7696910109374999 0.41762289375000006 0.76845505625 0.3916959265625 0.8092134828124999 0.4052914328125 0.8499438203125 0.45467345468750003 0.8857584265625 0.53616221875 0.8808146062500001 0.54366221875 0.8278089890624999 0.5213307578124999 0.7696910109374999
0 0.2522015453125 0.8326685390625 0.2225667140625 0.825252809375 0.21023525312500002 0.8400561796874999 0.204055478125 0.8659831453125 0.21762289375 0.8869662921874999 0.2460217703125 0.8882022468749999 0.26208918593749997 0.8808146062500001 0.26208918593749997 0.8598314609375001 0.2522015453125 0.8326685390625
0 0.8984375 0.6085393265625 0.8941678375000001 0.6042696624999999 0.8879880625000001 0.6042696624999999 0.879364465625 0.6067415734375 0.87071278125 0.617837078125 0.8781285109375 0.6375842703125 0.8904599718749999 0.641292134375 0.8978757015625 0.6375842703125 0.8984375 0.6342415734375 0.8984375 0.6085393265625
0 0.49416783750000004 0.2832865171875 0.48307233125 0.2832865171875 0.47936446562499996 0.3104494375 0.4978757015625 0.3166011234375 0.5102352531250001 0.3042696625 0.5052914328125 0.2919101125 0.49416783750000004 0.2832865171875
0 0.850965590625 0.1894382015625 0.83984199375 0.188202246875 0.82998244375 0.1820505625 0.82998244375 0.1906741578125 0.8336903093749999 0.21044943749999998 0.850965590625 0.217837078125 0.8657689609375 0.21412921406250002 0.867004915625 0.2042696625 0.850965590625 0.1894382015625
0 1 0.377101815625 0.9862183984374999 0.37820224687500004 0.9838588484375 0.392387640625 0.9980442421875001 0.4089606734375 1 0.4082254484375 1 0.377101815625
0 0.9578476125 0.49879213437500003 0.961415028125 0.48696629218750004 0.9377633421875 0.4881460671875 0.9389431187499999 0.49997190937499997 0.9389431187499999 0.512977528125 0.961415028125 0.514157303125 0.9578476125 0.49879213437500003
0 0.9064150281250001 0.641292134375 0.9187464890625 0.6375842703125 0.92616221875 0.617837078125 0.917510534375 0.6067415734375 0.9088869374999999 0.6042696624999999 0.9027071624999999 0.6042696624999999 0.8984375 0.6085393265625 0.8984375 0.6342415734375 0.8989992984375 0.6375842703125 0.9064150281250001 0.641292134375
0 0.945909409375 0.217837078125 0.9631846906250001 0.21044943749999998 0.96689255625 0.1906741578125 0.96689255625 0.1820505625 0.95703300625 0.188202246875 0.945909409375 0.1894382015625 0.929870084375 0.2042696625 0.9311060390625 0.21412921406250002 0.945909409375 0.217837078125