0 0.6399316171875 0.804917646875 0.619719853125 0.7948000000000001 0.6181669125 0.7683764703125 0.6228257359375 0.7512705875 0.5652963234375 0.749717646875 0.545084559375 0.771482353125 0.5466375 0.8088 0.5676257359375 0.8368 0.5839551468749999 0.8570117640625 0.6204963234374999 0.86943529375 0.6360492640625 0.8951058828124999 0.66560220625 0.9020941171875 0.6733669124999999 0.8803294125000001 0.6740257359374999 0.87376470625 0.6740257359374999 0.8404 0.6687080875 0.821247059375 0.6399316171875 0.804917646875
0 0.45179044062499996 0.77303529375 0.4650139703125 0.7489411765625 0.46188455937499995 0.7053882359375 0.448684559375 0.6820705874999999 0.4090139703125 0.688282353125 0.3880257359375 0.7326117640625001 0.4012492640625 0.769152940625 0.45179044062499996 0.77303529375
0 0.514755146875 0.550682353125 0.5295316171875 0.5024705875000001 0.4999080875 0.48235294062499995 0.49143749999999997 0.4651764703125 0.45644926406249997 0.47371764687500006 0.45489632343749997 0.52423529375 0.48131985312500003 0.5537882359374999 0.514755146875 0.550682353125
0 0.5676257359375 0.251647059375 0.5928257359375 0.22272941249999997 0.5993433828125 0.2124705875 0.5872257359375 0.1882117640625 0.5517669125 0.177952940625 0.520990440625 0.1994117640625 0.5368492640625 0.23767058749999997 0.5676257359375 0.251647059375
0 0.3629669125 0.36152941250000004 0.3655786765625 0.35364705937499996 0.3640963234375 0.3397882359375 0.34983749999999997 0.338282353125 0.3468492640625 0.349152940625 0.350590440625 0.3604 0.3629669125 0.36152941250000004
0 0.6152963234375 0.17145882343750002 0.6157433828125 0.1682588234375 0.6116963234374999 0.15976470625 0.603155146875 0.168752940625 0.601790440625 0.175952940625 0.6094375000000001 0.176847059375 0.6152963234375 0.17145882343750002
0 0.37562573593750004 0.7283764703125 0.37162573593750003 0.7236705875 0.3659786765625 0.7272000000000001 0.36767279375 0.7374117640625 0.373555146875 0.7355294125 0.37562573593750004 0.7283764703125
0 0 0.8976657890625 0.0108257359375 0.8951058828124999 0.026378676562499998 0.86943529375 0.06291985312500001 0.8570117640625 0.0792492640625 0.8368 0.10023750000000001 0.8088 0.101790440625 0.771482353125 0.0815786765625 0.749717646875 0.0240492640625 0.7512705875 0.0287080875 0.7683764703125 0.027155146875 0.7948000000000001 0.0069433828125 0.804917646875 0 0.80885771875 0 0.8976657890625
0 0.6740257359374999 0.87376470625 0.6746845593749999 0.8803294125000001 0.6824492640625001 0.9020941171875 0.71200220625 0.8951058828124999 0.727555146875 0.86943529375 0.7640963234375 0.8570117640625 0.7804257359375 0.8368 0.8014139703125001 0.8088 0.8029669125 0.771482353125 0.782755146875 0.749717646875 0.7252257359375001 0.7512705875 0.7298845593750001 0.7683764703125 0.7283316171875 0.7948000000000001 0.708119853125 0.804917646875 0.6793433828125 0.821247059375 0.6740257359374999 0.8404 0.6740257359374999 0.87376470625
0 0.23786102968749998 0.688282353125 0.198190440625 0.6820705874999999 0.184990440625 0.7053882359375 0.1818610296875 0.7489411765625 0.195084559375 0.77303529375 0.24562573593749998 0.769152940625 0.25884926406250003 0.7326117640625001 0.23786102968749998 0.688282353125
0 0.9390375000000001 0.688282353125 0.8993669125 0.6820705874999999 0.8861669125 0.7053882359375 0.8830375 0.7489411765625 0.8962610296875001 0.77303529375 0.9468022062499999 0.769152940625 0.9600257359375 0.7326117640625001 0.9390375000000001 0.688282353125
0 0.1904257359375 0.47371764687500006 0.1554375 0.4651764703125 0.1469669125 0.48235294062499995 0.11734338281250001 0.5024705875000001 0.13211985312500002 0.550682353125 0.165555146875 0.5537882359374999 0.1919786765625 0.52423529375 0.1904257359375 0.47371764687500006
0 0.89160220625 0.47371764687500006 0.8566139703125 0.4651764703125 0.8481433828125 0.48235294062499995 0.818519853125 0.5024705875000001 0.8332963234375 0.550682353125 0.8667316171874999 0.5537882359374999 0.893155146875 0.52423529375 0.89160220625 0.47371764687500006
0 0.09510808750000001 0.177952940625 0.0596492640625 0.1882117640625 0.0475316171875 0.2124705875 0.054049264062500005 0.22272941249999997 0.0792492640625 0.251647059375 0.11002573593750001 0.23767058749999997 0.125884559375 0.1994117640625 0.09510808750000001 0.177952940625
0 0.796284559375 0.177952940625 0.7608257359375 0.1882117640625 0.7487080875000001 0.2124705875 0.7552257359375 0.22272941249999997 0.7804257359375 0.251647059375 0.81120220625 0.23767058749999997 0.8270610296875001 0.1994117640625 0.796284559375 0.177952940625
0 0.2970375 0.338282353125 0.2827786765625 0.3397882359375 0.2812963234375 0.35364705937499996 0.2839080875 0.36152941250000004 0.296284559375 0.3604 0.3000257359375 0.349152940625 0.2970375 0.338282353125
0 1 0.3447795609375 0.9982139703125 0.338282353125 0.9839551468750001 0.3397882359375 0.9824727937500001 0.35364705937499996 0.985084559375 0.36152941250000004 0.9974610296875 0.3604 1 0.3527671203125 1 0.3447795609375
0 0.043719853125 0.168752940625 0.0351786765625 0.15976470625 0.0311316171875 0.1682588234375 0.031578676562500005 0.17145882343750002 0.0374375 0.176847059375 0.045084559375 0.175952940625 0.043719853125 0.168752940625
0 0.7448963234375 0.168752940625 0.736355146875 0.15976470625 0.7323080875 0.1682588234375 0.732755146875 0.17145882343750002 0.7386139703125 0.176847059375 0.7462610296875 0.175952940625 0.7448963234375 0.168752940625
0 0.28089632343750004 0.7272000000000001 0.2752492640625 0.7236705875 0.2712492640625 0.7283764703125 0.27331985312499996 0.7355294125 0.27920220625000003 0.7374117640625 0.28089632343750004 0.7272000000000001
0 0.9820727937499999 0.7272000000000001 0.9764257359374999 0.7236705875 0.9724257359375 0.7283764703125 0.9744963234374999 0.7355294125 0.9803786765625 0.7374117640625 0.9820727937499999 0.7272000000000001