0 0.4784782609375 0.4749864125 0.49804347812499994 0.49067481874999996 0.5184420296875001 0.5040081515625 0.550579709375 0.48284873125 0.574855071875 0.42172554375000004 0.5317753625 0.4060371375 0.50039855 0.42639945625 0.4784782609375 0.44208786250000004 0.4784782609375 0.4749864125
0 0.05996376875 0.72422554375 0.08043478281250001 0.72991395 0.094094203125 0.7048777171875 0.07644927500000001 0.6855661234375 0.045217390625 0.6917980078125 0.042355071875 0.696942934375 0.05996376875 0.72422554375
0 0.512681159375 0.625819746875 0.530869565625 0.6281023546875 0.5417028984375001 0.5916893109375 0.5257608703125001 0.5757835140625 0.5041666671875 0.5825951093749999 0.49963768125 0.6030661234375 0.512681159375 0.625819746875
0 0.8022463765625 0.3125588765625 0.830144928125 0.3040081515625 0.8329710140625 0.269442934375 0.8088043484374999 0.25947916718749997 0.7865942031250001 0.2770153984375 0.780869565625 0.2950226453125 0.8022463765625 0.3125588765625
0 0.6951811593749999 0.5119791671875 0.7757246375 0.5200226453125001 0.795144928125 0.4560733703125 0.7543840578125 0.41962409375 0.6932246375 0.4271965578125 0.6719202906249999 0.47741395000000003 0.6951811593749999 0.5119791671875
0 0.8490942031250001 0.7791893109375 0.8900362312500001 0.767595109375 0.9207246375 0.7205298906250001 0.9077536234375 0.6918704703125 0.8525 0.7205298906250001 0.8347826093749999 0.758029890625 0.8490942031250001 0.7791893109375
0 0.05289855 0.546942934375 0.0591666671875 0.5980661234375 0.09286231874999999 0.6090081515625 0.11246376875 0.5580661234375001 0.05289855 0.546942934375
0 0.19710144999999998 0.36842844218750004 0.183007246875 0.3786096015625 0.175144928125 0.387232790625 0.1438043484375 0.39114583281250004 0.1218478265625 0.416218296875 0.1367391296875 0.41777626874999996 0.1218478265625 0.432667571875 0.159492753125 0.4350226453125 0.183007246875 0.4373777171875 0.191630434375 0.4373777171875 0.19318840625 0.4452038046875 0.2143478265625 0.44991395 0.2488405796875 0.43973279062500004 0.2809782609375 0.403682065625 0.25275362343749996 0.39114583281250004 0.260579709375 0.36763134062499997 0.21119565156250003 0.3825226453125 0.19710144999999998 0.36842844218750004
0 0.30996376875 0.7571603265625 0.31231884062500004 0.7281385874999999 0.27547101406249996 0.7148414859375001 0.2511956515625 0.74067481875 0.27235507187499997 0.7712545296875 0.30996376875 0.7571603265625
0 0.042355071875 0.9686820656249999 0.045217390625 0.9738269921875 0.07644927500000001 0.9800588765624999 0.094094203125 0.9607472828124999 0.08043478281250001 0.9357110499999999 0.05996376875 0.9413994562499999 0.042355071875 0.9686820656249999
0 0.780869565625 0.0445153984375 0.7865942031250001 0.0625226453125 0.8088043484374999 0.0800588765625 0.8329710140625 0.07009510937499999 0.830144928125 0.035529890625 0.8022463765625 0.026979167187500003 0.780869565625 0.0445153984375
0 0.8347826093749999 0.907595109375 0.8525 0.945095109375 0.9077536234375 0.9737545296875 0.9207246375 0.945095109375 0.8900362312500001 0.898029890625 0.8490942031250001 0.8864356890625 0.8347826093749999 0.907595109375
0 0.2511956515625 0.9249501812500001 0.27547101406249996 0.9507835140625 0.31231884062500004 0.9374864125 0.30996376875 0.9084646734374999 0.27235507187499997 0.8943704703125 0.2511956515625 0.9249501812500001