0 0.5176777828125 0.8966784453125 0.47032795937499994 0.8981978796875 0.4632254859375 0.9170318015625 0.469338559375 0.9241342749999999 0.478985203125 0.93890459375 0.50647636875 0.9444876328125 0.5310346734375 0.9159010593750001 0.5176777828125 0.8966784453125
0 0.868808525 0.2355123671875 0.8579958031249999 0.22950529999999997 0.8418120578125 0.2307067140625 0.8400099375 0.24568904531250002 0.8484198328125 0.2661130734375 0.8664056984374999 0.26010600781250004 0.868808525 0.2355123671875
0 0.7710346734375 0.077137809375 0.7292678890625 0.0915547703125 0.7191972171875001 0.1318727921875 0.7220594078125 0.1563250890625 0.761670715625 0.155618375 0.7839675359375 0.1095406359375 0.7710346734375 0.077137809375
0 0.3757343203125 0.16427561875000002 0.34478025625000003 0.1412367484375 0.32965658124999997 0.15416961093749998 0.344108878125 0.1961130734375 0.3628014578125 0.1916254421875 0.3771830828125 0.1829681984375 0.3757343203125 0.16427561875000002
0 0.6259109984375 0.770318021875 0.596900396875 0.768833921875 0.5934021640625 0.79233215625 0.6049215984375 0.8133215546875 0.6329074640625 0.8053356890625001 0.63990393125 0.778833921875 0.6259109984375 0.770318021875
0 0.23213007968750002 0.8355830390625 0.21022195156249998 0.8355830390625 0.197147746875 0.840176678125 0.1996212453125 0.8543109546875 0.22152937343749998 0.8627915187499999 0.2388438609375 0.8536042406250001 0.23213007968750002 0.8355830390625
0 0.20735976093750003 0.9001413421875 0.195698984375 0.8962544171875001 0.185098278125 0.9029681984375 0.18439156406249999 0.9238162546875 0.195698984375 0.9326501765625 0.21230675781250002 0.9238162546875 0.20735976093750003 0.9001413421875
0 0.61258944375 0.36554770312499996 0.55940923125 0.3478445234375 0.52160004375 0.32183745625000004 0.4932254859375 0.34547703125 0.4601159453125 0.392756184375 0.4223067578125 0.44477031875 0.43174138749999996 0.5014840984375 0.48728909062500003 0.5310600703125 0.568879196875 0.542862190625 0.6451689484375 0.47667844531250003 0.648066475 0.419929328125 0.61258944375 0.36554770312499996
0 0.9068650625 0.24568904531250002 0.9050629421874999 0.2307067140625 0.888879196875 0.22950529999999997 0.878066475 0.2355123671875 0.8804693015625 0.26010600781250004 0.8984551671875 0.2661130734375 0.9068650625 0.24568904531250002
0 1 0.0854771890625 0.9758403265625001 0.077137809375 0.9629074640624999 0.1095406359375 0.9852042843750001 0.155618375 1 0.15588234843749998 1 0.0854771890625
0 0.0560876765625 0.8543109546875 0.058561175 0.840176678125 0.0454869703125 0.8355830390625 0.023578842187499997 0.8355830390625 0.0168650625 0.8536042406250001 0.034179549999999996 0.8627915187499999 0.0560876765625 0.8543109546875
0 0.071317359375 0.9238162546875 0.0706106453125 0.9029681984375 0.0600099375 0.8962544171875001 0.0483491609375 0.9001413421875 0.0434021640625 0.9238162546875 0.0600099375 0.9326501765625 0.071317359375 0.9238162546875