0 0.18539393906249999 0.726407196875 0.21315151562499998 0.7381647734375 0.22706060625000002 0.714649621875 0.2024848484375 0.6890132578125 0.177909090625 0.6975587125 0.18539393906249999 0.726407196875
0 0.5026969703125 0.5191344703125 0.5475757578125 0.523407196875 0.5763939390624999 0.4828314390625 0.5721212125 0.46358901562500004 0.5336666671875 0.44861931874999994 0.4984242421875 0.47534659062499995 0.5026969703125 0.5191344703125
0 0.301848484375 0.6217102265625 0.31466666718749997 0.648407196875 0.331757575 0.6388011359375 0.3285454546875 0.61637689375 0.3125151515625 0.605679925 0.301848484375 0.6217102265625
0 0.0486363640625 0.7563162875 0.0603939390625 0.7894375 0.081757575 0.77449810625 0.0657272734375 0.7338920453125 0.0486363640625 0.7563162875
0 0.863787878125 0.48601325781250004 0.9215151515625 0.4305587125 0.9181818187499999 0.369649621875 0.9193939390624999 0.3108617421875 0.8712727265625 0.257407196875 0.82 0.2680738640625 0.7558787875 0.304407196875 0.7281212125 0.3930738640625 0.7153030296875 0.44116477343750005 0.7623030296875 0.5084678031250001 0.82106060625 0.5063162875 0.863787878125 0.48601325781250004
0 0.457151515625 0.37034659062499997 0.478787878125 0.372195075 0.4843636359375 0.34807386406249996 0.46581818124999996 0.3437405296875 0.4565454546875 0.35549810625 0.457151515625 0.37034659062499997
0 0.1224242421875 0.6140738640625 0.158909090625 0.608467803125 0.17178787812500002 0.583589015625 0.153757575 0.5642556812499999 0.119848484375 0.579285984375 0.1224242421875 0.6140738640625
0 0.22706060625000002 0.882225378125 0.21315151562499998 0.8587102265625 0.18539393906249999 0.8704678031249999 0.177909090625 0.8993162874999999 0.2024848484375 0.9078617421875 0.22706060625000002 0.882225378125
0 0.331757575 0.9580738640625001 0.31466666718749997 0.948467803125 0.301848484375 0.9751647734375 0.3125151515625 0.991195075 0.3285454546875 0.98049810625 0.331757575 0.9580738640625001
0 0.0603939390625 0.8074375 0.0486363640625 0.8405587125 0.0657272734375 0.8629829546875 0.081757575 0.8223768937499999 0.0603939390625 0.8074375
0 0.723877259375 0 0.7281212125 0.0159223484375 0.7558787875 0.104589015625 0.82 0.1409223484375 0.8712727265625 0.151589015625 0.9193939390624999 0.0981344703125 0.9181818187499999 0.039346590625 0.9203351140624999 0 0.723877259375 0
0 0.4843636359375 0.060922348437499996 0.478787878125 0.0368011359375 0.457151515625 0.038649621875 0.4565454546875 0.05349810625 0.46581818124999996 0.06525568125 0.4843636359375 0.060922348437499996
0 0.1649102375 1 0.158909090625 0.988407196875 0.1224242421875 0.9828011359375 0.12115080781250001 1 0.1649102375 1