0 0.840850628125 0.4360617765625 0.8029741796875 0.4644787640625 0.808379584375 0.505096525 0.8286498546875001 0.519961390625 0.8557154921875 0.47938223906250005 0.840850628125 0.4360617765625
0 0.786719353125 0.092393821875 0.7813139484375 0.0409652515625 0.7380320953124999 0.024749034375 0.7163718625 0.04911196875 0.746140203125 0.0964478765625 0.7637077703124999 0.112702703125 0.786719353125 0.092393821875
0 0.285638271875 0.4227413125 0.3208892375 0.377799228125 0.332317809375 0.3346332046875 0.332317809375 0.2976447875 0.2724336390625 0.31702702656250004 0.2601170359375 0.3575675671875 0.2565649125 0.38397683437499996 0.285638271875 0.4227413125
0 0.4697309359375 0.2959073359375 0.5093834453125 0.28003860937499997 0.5208120171874999 0.2562548265625 0.5243255312499999 0.229845559375 0.47413248125 0.2271814671875 0.4424336390625 0.25185328125 0.44332167031249997 0.2826640921875 0.4697309359375 0.2959073359375
0 0.22521356250000002 0.57949806875 0.2035533296875 0.60656370625 0.207607384375 0.6268339765625 0.2279162640625 0.6390347484375 0.25363055 0.6200772203125 0.22521356250000002 0.57949806875
0 0.42003981718750005 0.3481081078125 0.3970282328125 0.35625482656249996 0.3902714765625 0.36841698906250003 0.3956768828125 0.386023165625 0.42003981718750005 0.3833204640625 0.42003981718750005 0.3481081078125
0 0.6893062265625 0.269652509375 0.7109664578125 0.2764092671875 0.7352135625 0.2710424703125 0.7055224421874999 0.25069498125 0.6893062265625 0.269652509375
0 0.4687656859375 0.8717374515625 0.4322405890625 0.8433590734375 0.39432553124999997 0.8582239375 0.398379584375 0.9123552125 0.4538622109375 0.909652509375 0.4687656859375 0.8717374515625
0 0.8137849906250001 0.664749034375 0.7813139484375 0.655250965625 0.765059121875 0.6850193046874999 0.7691517859375 0.7188416984375 0.8056768828124999 0.7039768343749999 0.8137849906250001 0.664749034375
0 0.9182251453125 0.519961390625 0.938495415625 0.505096525 0.9439008203125001 0.4644787640625 0.906024371875 0.4360617765625 0.8911595078125 0.47938223906250005 0.9182251453125 0.519961390625
0 1 0.028062165625000003 0.9655610515624999 0.0409652515625 0.9601556468749999 0.092393821875 0.9831672296875 0.112702703125 1 0.097127765625 1 0.028062165625000003
0 0.0286112453125 0.6390347484375 0.048920124999999995 0.6268339765625 0.0529741796875 0.60656370625 0.0313139484375 0.57949806875 0.002896959375 0.6200772203125 0.0286112453125 0.6390347484375
0 0.9777232140625 0.7188416984375 0.981815878125 0.6850193046874999 0.9655610515624999 0.655250965625 0.933090009375 0.664749034375 0.9411981171875 0.7039768343749999 0.9777232140625 0.7188416984375