0 0.22605442187499997 0.3757695578125 0.2133333328125 0.3889328234375 0.20938775468749998 0.42226615624999997 0.20938775468749998 0.45821853749999997 0.2155442171875 0.49199404687500004 0.22517006875 0.511755953125 0.23659863906249998 0.5095450687499999 0.2514965984375 0.5016539109375 0.2672789109375 0.48366071406250005 0.2694897953125 0.46175595312500006 0.2646598640625 0.4358715984375 0.249727890625 0.409102890625 0.22605442187499997 0.3757695578125
0 0.20761904687500002 0.3069260203125 0.22210884375 0.31787840156249997 0.24448979531249998 0.3047151359375 0.23482993125 0.282368196875 0.2142176875 0.2915518703125 0.20761904687500002 0.3069260203125
0 0.2707823125 0.2481505109375 0.25894557812499996 0.26042942187499996 0.2642176875 0.277538265625 0.28615646250000004 0.28454506875 0.2922789109375 0.26610969375 0.28615646250000004 0.25342261875 0.2707823125 0.2481505109375
0 0.40751700625 0.7590348640625 0.44479591875 0.7271981296875001 0.44391156406250004 0.690837584375 0.41479591875 0.67264030625 0.3884353734375 0.6580824828125 0.3665986390625 0.6599192171875 0.3565986390625 0.6862797625 0.36568027187499996 0.7199192171875 0.38751700625 0.740837584375 0.40751700625 0.7590348640625
0 0.201258503125 0.3101233 0.1598639453125 0.27587159843750003 0.1319727890625 0.26957908124999996 0.10904761874999999 0.33614370781249997 0.10034013593749999 0.398490646875 0.139115646875 0.43318452343749997 0.20748299375 0.376381803125 0.201258503125 0.3101233
0 0.15894557812500001 0.2481505109375 0.15149659843750002 0.2415518703125 0.14139455781250002 0.243320578125 0.1387755109375 0.2547151359375 0.14404761875 0.26610969375 0.15632653125 0.26920493125 0.158061225 0.2599872453125 0.15894557812500001 0.2481505109375
0 0.647380953125 0.41764030625000004 0.6116666671875 0.41287840156250005 0.5922789109375 0.42580357187500006 0.5871768703125 0.45165391093749996 0.597040815625 0.47070153125 0.6174489796875 0.47954506874999997 0.6385034015625 0.46798044218749996 0.647380953125 0.41764030625000004
0 0.94095238125 0.6175042515625 0.8839455781250001 0.6180824828125 0.862210884375 0.64804846875 0.8692517000000001 0.6750892859375 0.9045238093749999 0.683898809375 0.9233333328125 0.6850892859375 0.9486054421875 0.667436225 0.94095238125 0.6175042515625
0 0.27336734687500003 0.5500892859375 0.27690476249999996 0.5205314624999999 0.22829932031250003 0.5252593531249999 0.2307823125 0.5347151359375 0.27336734687500003 0.5500892859375
0 0.3643537421875 0.80185799375 0.3679251703125 0.8349532312499999 0.46840136093750007 0.8385246593750001 0.443571428125 0.7971301015625001 0.3784353734375 0.7782185375 0.3643537421875 0.80185799375
0 0.5664965984375 0.3231505109375 0.601938775 0.3278784015625 0.59367346875 0.2805994890625 0.545102040625 0.273490646875 0.532210884375 0.2888647953125 0.5664965984375 0.3231505109375
0 0.7294897953125 0.338524659375 0.6976870749999999 0.31842261875 0.6811564625 0.35032738124999996 0.7107142859375 0.3585926875 0.7294897953125 0.338524659375
0 0.831258503125 0.5985586734375 0.7757142859374999 0.5548171765625 0.7531292515625 0.579647109375 0.80173469375 0.6068239796875 0.831258503125 0.5985586734375
0 0.2142176875 0.0271981296875 0.23482993125 0.036381803125 0.24448979531249998 0.0140348640625 0.22210884375 0.0008715984374999999 0.20761904687500002 0.0118239796875 0.2142176875 0.0271981296875
0 0.25894557812499996 0.058320578125 0.2707823125 0.07059948906249999 0.28615646250000004 0.06532738125000001 0.2922789109375 0.052640306250000005 0.28615646250000004 0.03420493125 0.2642176875 0.041211734374999996 0.25894557812499996 0.058320578125
0 0.42544217656249994 1 0.44391156406250004 0.9884566328125001 0.44479591875 0.9520960890625 0.40751700625 0.9202593531250001 0.38751700625 0.9384566328125 0.36568027187499996 0.959375 0.3565986390625 0.9930144562500001 0.3592486390625 1 0.42544217656249994 1
0 0.11503809375 0 0.1319727890625 0.04917091875 0.1598639453125 0.0428784015625 0.201258503125 0.0086267 0.2020689171875 0 0.11503809375 0
0 0.1387755109375 0.0640348640625 0.14139455781250002 0.075429421875 0.15149659843750002 0.07719812968749999 0.15894557812500001 0.07059948906249999 0.158061225 0.058762754687499995 0.15632653125 0.04954506875 0.14404761875 0.052640306250000005 0.1387755109375 0.0640348640625
0 0.3784353734375 0.9010756796875 0.443571428125 0.882164115625 0.46840136093750007 0.8407695578125001 0.3679251703125 0.8443409859375001 0.3643537421875 0.877436225 0.3784353734375 0.9010756796875
0 0.5620960875 0 0.532210884375 0.0298852046875 0.545102040625 0.045259353125 0.59367346875 0.0381505109375 0.600342946875 0 0.5620960875 0