0 0.31942085 0.817221284375 0.3784942078125 0.8311595078125 0.40239382187499995 0.8198853765624999 0.3977220078125 0.7740552609375 0.39440154375 0.74285835 0.393088803125 0.7189587359375 0.37980695 0.7183023656249999 0.3419691125 0.730927846875 0.3161003859375 0.77274251875 0.2988416984375 0.7913139484375 0.31942085 0.817221284375
0 0.3824710421875 0.4508120171875 0.352586871875 0.42293556875 0.315444015625 0.4315456078125 0.33003860937499996 0.47536800156250003 0.3791505796875 0.47139116718749996 0.3824710421875 0.4508120171875
0 0.184324325 0.4155996625 0.1940926640625 0.381815878125 0.17185328125 0.383591940625 0.1166795359375 0.382703909375 0.13447876406249998 0.41204753906249997 0.164749034375 0.42363055000000005 0.184324325 0.4155996625
0 0.24660231718749998 0.298147925 0.265289575 0.2750205109375 0.25374517343749997 0.2420861484375 0.2145945953125 0.2429741796875 0.2092278 0.2687656859375 0.2208108109375 0.28745294375 0.24660231718749998 0.298147925
0 0.8188416984375 0.45656491250000003 0.8633590734375 0.45745294375 0.8909266406249999 0.43073479687500005 0.8989575296875 0.4022791984375 0.8731274125 0.3764490828125 0.8473359078125 0.36668074375000004 0.8259845562500001 0.4005031375 0.8286486484375001 0.42274251874999996 0.8188416984375 0.45656491250000003
0 0.094903475 0.43007842656250006 0.0722393828125 0.399653715625 0.0373745171875 0.41903595625 0.055057915624999995 0.4676846046875 0.0871428578125 0.4566421328125 0.094903475 0.43007842656250006
0 0.7627799234375 0.6799239859374999 0.8007721999999999 0.7554838328125 0.8861003859375 0.732703909375 0.9181467187499999 0.70413248125 0.8811583015625001 0.658572634375 0.86069498125 0.6300784265625 0.8375289578125 0.628302365625 0.808185328125 0.6158699328125 0.7867953671875 0.5953680015625 0.775250965625 0.6025108593749999 0.766332046875 0.6318544890625 0.7627799234375 0.6799239859374999
0 0.0944401546875 0.67903595625 0.1095752890625 0.6665649124999999 0.130038609375 0.6452135625000001 0.098880309375 0.6309664578125 0.0757528953125 0.625638271875 0.05440154375 0.661236728125 0.072200771875 0.6763718625 0.0944401546875 0.67903595625
0 0.5766795359375 0.7393062265625 0.5435135140625 0.7206961875 0.5282239375 0.7393062265625 0.5415057921875001 0.76648769375 0.5620849421874999 0.76980815625 0.5766795359375 0.7393062265625
0 0.9331274125 0.5049819015625 0.9099227796875 0.485059121875 0.8886486484375 0.4937077703125 0.8933204640625 0.528881515625 0.9198455593749999 0.5374915546875 0.9331274125 0.5049819015625
0 0.5550579156250001 0.4873371140625 0.57694980625 0.47536800156250003 0.5782625484375 0.4494992765625 0.5503861 0.4282251453125 0.5218532812500001 0.434866071875 0.5125482625 0.45745294375 0.522509653125 0.48135255781249997 0.5550579156250001 0.4873371140625
0 0.51057915 0.3393062265625 0.5251737453125 0.3206961875 0.5245173750000001 0.28687379375 0.49598455625 0.29216336875 0.47405405468749995 0.32336027968750003 0.47671814687499997 0.345252171875 0.51057915 0.3393062265625
0 0.21930501875 0.30297417968749996 0.190733590625 0.2910050671875 0.1713899609375 0.29880429531249997 0.172586871875 0.32729850312500003 0.2 0.32729850312500003 0.21930501875 0.30297417968749996
0 0.39544548125 1 0.3977220078125 0.9786112453125 0.40239382187499995 0.9327811296874999 0.3784942078125 0.9215069984375001 0.31942085 0.935445221875 0.2988416984375 0.9613525578125 0.3161003859375 0.9799239859375 0.32852044999999996 1 0.39544548125 1
0 0.5702868953125 1 0.5620849421874999 0.9828583500000001 0.5415057921875001 0.9861788125000001 0.53475225625 1 0.5702868953125 1