0 0 0.7631348984375 0.018144796875 0.74928874375 0.024389140625 0.72978648125 0.0208144796875 0.7022299203125 0.008371040625 0.6933611421875 0 0.6933611421875 0 0.7631348984375
0 0.040361990625 0.5769810515625 0.0679185515625 0.5210534499999999 0.067013575 0.48105345 0.007511312500000001 0.5210534499999999 0.0048416296875 0.5627729078125 0.0101809953125 0.591189196875 0.040361990625 0.5769810515625
0 0.2339819 0.5485647625000001 0.2135746609375 0.5352615953125001 0.1735746609375 0.561913178125 0.19936651562500002 0.5814154406250001 0.23221719531249999 0.5778860296875 0.2339819 0.5485647625000001
0 0.4152036203125 0.7084290156249999 0.40009049843750005 0.6880217765625 0.384977375 0.6951258484375 0.387647059375 0.712908653125 0.40099547500000005 0.7200127265625 0.4152036203125 0.7084290156249999
0 0.9792307687499999 0.5316869343749999 0.9596832578125 0.5068453046875 0.917013575 0.5228181562499999 0.922352940625 0.5592434953125001 0.9685520359374999 0.5574335406250001 0.9792307687499999 0.5316869343749999
0 0.7993665156249999 0.4056235859375 0.7636651578125 0.4098769796875 0.7653393671875001 0.4490172515625 0.8010859734375 0.4353973421875 0.7993665156249999 0.4056235859375
0 0.1132126703125 0.6409629531250001 0.12298642500000001 0.608067025 0.1291855203125 0.5805557125 0.075022625 0.587659784375 0.06343891406249999 0.6373882921875 0.0883257921875 0.6507367078125 0.1132126703125 0.6409629531250001
0 0.31547511250000004 0.5621394234375 0.2959276015625 0.568926753125 0.30524886875 0.5884742640625 0.3129411765625 0.5918679296875 0.31547511250000004 0.5621394234375
0 0.2720814484375 0.651415440625 0.2432126703125 0.6505557125 0.24574660625 0.6905104640624999 0.2720814484375 0.6862570703124999 0.2720814484375 0.651415440625
0 0.621628959375 0.4498769796875 0.600361990625 0.45241091562499997 0.583348415625 0.4923656671875 0.619095021875 0.49069145937499997 0.621628959375 0.4498769796875
0 0.42941176406250003 0.50503535 0.41787330312500004 0.4934968890625 0.395656109375 0.5015059390625 0.40719457031250006 0.5183837671875 0.424977375 0.5165738125 0.42941176406250003 0.50503535
0 0.0875565609375 0.46091770312499997 0.1266968328125 0.45494485312500005 0.14877828125 0.4107367078125 0.12072398124999999 0.38607607499999996 0.056923076562499994 0.376709559375 0.04674208125 0.39458286249999996 0.040769231249999996 0.4234968890625 0.0696832578125 0.4362570703125 0.0875565609375 0.46091770312499997
0 0.3823076921875 0.1763928171875 0.41253393593750004 0.1817321828125 0.441855203125 0.16218467187500002 0.4462895921875 0.1471167984375 0.4320814484375 0.144447115625 0.3991855203125 0.1417774328125 0.3699095015625 0.13996747812500002 0.3663348421875 0.15508059999999999 0.3823076921875 0.1763928171875
0 0.0227355296875 1 0.024389140625 0.9872525453125001 0.018144796875 0.9677502828125 0 0.9539041296875 0 1 0.0227355296875 1
0 0.3991855203125 0.13634756718750002 0.4320814484375 0.133677884375 0.4462895921875 0.13100820156249998 0.441855203125 0.11594032812499999 0.41253393593750004 0.09639281718750001 0.3823076921875 0.1017321828125 0.3663348421875 0.12304440000000001 0.3699095015625 0.138157521875 0.3991855203125 0.13634756718750002