0 0.307669903125 0.28693264531249996 0.2983980578125 0.287854975 0.2881553390625 0.30178701406249997 0.291893203125 0.3092141984375 0.3067475734375 0.3120297328125 0.3150970875 0.3045540046875 0.307669903125 0.28693264531249996
0 0 0.7599908984375 0.022475728125 0.7671753640625 0.0457281546875 0.7476608015624999 0.062427184375 0.7132918687500001 0.051310679687500006 0.6733404125 0.016941746875 0.6724180828125 0.002038834375 0.6900879859375 0 0.6993598296875 0 0.7599908984375
0 0.7557281546875 0.40668992656249997 0.7397087375 0.37290351875 0.6934466015625 0.3924666265625 0.6890291265624999 0.420913228125 0.7183495140625 0.42358313125 0.7557281546875 0.40668992656249997
0 0.7895145625 0.5045054609374999 0.7708252421874999 0.4725151703125 0.7539320390625 0.505379246875 0.7895145625 0.5045054609374999
0 0.4506310671875 0.57300060625 0.4382038828125 0.5480976937500001 0.41684466093749994 0.545427790625 0.40708737812500007 0.5561074031250001 0.4293203890625 0.5783404125 0.4506310671875 0.57300060625
0 0.43733009687499996 0.7019811890625001 0.4186407765625 0.680621965625 0.3795145625 0.6699423546875 0.3341262140625 0.6841656546875 0.3341262140625 0.690379246875 0.3412621359375 0.731301578125 0.35101941718749996 0.7491171109375 0.377718446875 0.7686802187499999 0.4061650484375 0.7766899265625 0.4364077671875 0.7722239078124999 0.43733009687499996 0.7366413828125 0.47645631093749996 0.7001850734375 0.43733009687499996 0.7019811890625001
0 0.2567475734375 0.21013652968750002 0.2363106796875 0.16741808281249998 0.2167475734375 0.17008798593750002 0.22296116562499999 0.21280643281249997 0.2567475734375 0.21013652968750002
0 0.52504854375 0.4829520625 0.507281553125 0.4744083734375 0.4888349515625 0.5069326453125 0.510194175 0.5200879859375 0.527815534375 0.510816140625 0.52504854375 0.4829520625
0 0.722912621875 0.460621965625 0.6764563109374999 0.4625151703125 0.6458252421874999 0.49406856718750003 0.6467475734375 0.501495753125 0.684805825 0.5367870140625 0.7247572812499999 0.518243325 0.722912621875 0.460621965625
0 0.400582525 0.365864684375 0.328106796875 0.3547481796875 0.312330096875 0.385379246875 0.324417475 0.4021268203125 0.35504854375 0.43557342187500003 0.40800970937500003 0.4420782765625 0.412621359375 0.416058859375 0.400582525 0.365864684375
0 0.2537864078125 0.57397148125 0.1897087375 0.58882585 0.192475728125 0.63804915 0.21014563125 0.6622239078125001 0.25009708750000004 0.6631462375 0.2835436890625 0.643631675 0.28165048593750003 0.5897481796874999 0.2537864078125 0.57397148125
0 0.2733009703125 0.676155946875 0.23058252499999998 0.670573421875 0.2184951453125 0.711447209375 0.232427184375 0.7207190531250001 0.2640291265625 0.7216413828125 0.279805825 0.7067870140625 0.2733009703125 0.676155946875
0 0.5807766984375 0.7746025484375 0.5594174749999999 0.756010315625 0.5464077671875 0.769020025 0.5399029125 0.790427790625 0.5491747578124999 0.800621965625 0.567766990625 0.810816140625 0.5937864078125 0.8173209953124999 0.6067961171875 0.8052821609375 0.607718446875 0.7922724515625 0.5807766984375 0.7746025484375
0 0.2863106796875 0.260913228125 0.2807281546875 0.2618355578125 0.277038834375 0.271155946875 0.279805825 0.2748452671875 0.29004854375 0.2748452671875 0.29466019375 0.2646510921875 0.2863106796875 0.260913228125
0 0.2363106796875 0.0794569171875 0.2567475734375 0.0367384703125 0.22296116562499999 0.034068567187499996 0.2167475734375 0.0767870140625 0.2363106796875 0.0794569171875
0 0.5937864078125 0.9344083734374999 0.567766990625 0.9409132281250001 0.5491747578124999 0.9511074031250001 0.5399029125 0.9613015781250001 0.5464077671875 0.9827093453125 0.5594174749999999 0.995719053125 0.5807766984375 0.9771268203125001 0.607718446875 0.9594569171874999 0.6067961171875 0.946447209375 0.5937864078125 0.9344083734374999