0 0.9439371984375 0.5382231281250001 0.9156763281250001 0.53508303125 0.9083333328125001 0.5539236109375001 0.9292753625 0.5863873796875 0.9470772953125 0.5874260265625 0.956497584375 0.5759042875 0.9617391296875001 0.5539236109375001 0.9439371984375 0.5382231281250001
0 0.769082125 0.32984148593749996 0.74917874375 0.3277400359375 0.73871980625 0.34764341718749997 0.7439371984375 0.3769670890625 0.7628019328125 0.3769670890625 0.77746376875 0.3581023546875 0.769082125 0.32984148593749996
0 0.6968357484375 0.23245018125 0.6853140093750001 0.2366530796875 0.6748309171875 0.257595109375 0.6926328500000001 0.27225694375 0.7093961359375001 0.265952596875 0.71253623125 0.24083182343749998 0.6968357484375 0.23245018125
0 0.4266666671875 0.4806144328125 0.40990338125000003 0.4743342390625 0.3931642515625 0.5036579109375 0.40154589375 0.546580615625 0.43922705312500004 0.5497207125 0.4465700484375 0.51517965 0.4266666671875 0.4806144328125
0 0.3334782609375 0.56544535 0.293671496875 0.5549622578125 0.28007246406249997 0.5780057359375 0.28321256093749997 0.5937062203125001 0.31253623125 0.605227959375 0.3292753625 0.5905661234374999 0.3334782609375 0.56544535
0 0.08425120781249999 0.7078366546875 0.059130434375 0.7141410031250001 0.04236715 0.7560250609375 0.062270531250000004 0.7706627421875 0.09367149687500001 0.762305253125 0.1062560390625 0.736121678125 0.08425120781249999 0.7078366546875
0 0.9816425125 0.601049215625 0.9732608703125001 0.5926675718750001 0.9585990343749999 0.59790911875 0.956497584375 0.623029890625 0.9732608703125001 0.6240685390625 0.9816425125 0.601049215625
0 0.7439371984375 0.0386579109375 0.73871980625 0.0679815828125 0.74917874375 0.0878849640625 0.769082125 0.0857835140625 0.77746376875 0.057522645312499995 0.7628019328125 0.0386579109375 0.7439371984375 0.0386579109375
0 0.6926328500000001 0.14336805625 0.6748309171875 0.158029890625 0.6853140093750001 0.1789719203125 0.6968357484375 0.18317481875 0.71253623125 0.17479317656249999 0.7093961359375001 0.14967240312500002 0.6926328500000001 0.14336805625
0 0.3310638671875 1 0.3292753625 0.989310084375 0.31253623125 0.9746482484375001 0.28321256093749997 0.9861699875 0.2804465578125 1 0.3310638671875 1
0 0.062270531250000004 0.809213465625 0.04236715 0.8238511468749999 0.059130434375 0.8657352046875 0.08425120781249999 0.872039553125 0.1062560390625 0.8437545296875 0.09367149687500001 0.8175709546875 0.062270531250000004 0.809213465625
0 0.9585990343749999 0.9819670890625 0.9732608703125001 0.9872086359375001 0.9816425125 0.9788269921874999 0.9732608703125001 0.95580766875 0.956497584375 0.9568463171875001 0.9585990343749999 0.9819670890625