0 0.1200953421875 0.16543133593749998 0.10542720781249999 0.125093965625 0.06050605 0.11500962343750001 0.0311697828125 0.145262653125 0.054088742187500004 0.1947676046875 0.09809314375 0.1947676046875 0.1200953421875 0.16543133593749998
0 0.616978365625 0.21401952500000002 0.6288962234375 0.27635909375 0.6701503468750001 0.23602172812500002 0.6967363421874999 0.23418821250000002 0.7086541984375 0.2103524953125 0.694902821875 0.1525967171875 0.6756508953125 0.1425123765625 0.616978365625 0.21401952500000002
0 0.4822148859375 0.530301153125 0.5161349453125 0.5257173609375 0.5463879703125001 0.511965990625 0.5463879703125001 0.486296753125 0.5188852234375 0.46887834687499996 0.47304730624999997 0.48904702968749997 0.4822148859375 0.530301153125
0 0.43179317812500007 0.5779725890625 0.3877887765625 0.5935574796875 0.39328932656250004 0.64306243125 0.44187752031249994 0.633894846875 0.43179317812500007 0.5779725890625
0 0.6041437468749999 0.6192267124999999 0.6087275390625 0.6613975984375 0.6261459453125 0.6879835890625 0.6545654546875 0.6788160046875 0.6655665546875 0.65589705 0.6197286390625 0.616476440625 0.6041437468749999 0.6192267124999999
0 0.560139346875 0.7613242578125 0.537220390625 0.775992390625 0.5225522578125 0.82091355 0.5454712125000001 0.8254973421875 0.592225890625 0.8163297578125001 0.6087275390625 0.794327559375 0.6041437468749999 0.77874266875 0.560139346875 0.7613242578125
0 0.20535386562500002 0.80991245 0.20902090156250003 0.8676682234375 0.23285661875 0.8878369109375001 0.25760909375 0.8713352578125001 0.27502750468750004 0.8474995390625001 0.2530253015625 0.815413 0.242024203125 0.80257838125 0.20535386562500002 0.80991245
0 0.860836084375 0.9006715249999999 0.8626695984375001 0.8539168515625001 0.8470847078125001 0.7989113515625 0.8067473421875 0.769575084375 0.8049138265625 0.7714085984375 0.7398239796875 0.77232535625 0.6976530984375 0.8199967921875 0.671983865625 0.8777525687500001 0.695819584375 0.9373418609374999 0.749908321875 0.9630110937499999 0.8067473421875 0.9666781234374999 0.8415841578125001 0.9575105453124999 0.860836084375 0.9006715249999999
0 0.997433075 0.511049228125 0.980931425 0.5257173609375 0.980931425 0.5449692875000001 1 0.5458860453125001 0.997433075 0.511049228125
0 0.4602126875 0.79707783125 0.47946461406249996 0.7979945890625 0.4849651640625 0.7714085984375 0.44921158906249997 0.75399019375 0.4336266984375 0.77782590625 0.4602126875 0.79707783125
0 0.3300330046875 0.5147162625 0.371287128125 0.506465440625 0.3813714703125 0.48996378749999997 0.3758709203125 0.46612806874999996 0.35661899531249996 0.4587940046875 0.32544921250000003 0.4853799953125 0.3300330046875 0.5147162625
0 0.5463879703125001 0.37078520312499996 0.5106343953125 0.3817863015625 0.523469015625 0.401954984375 0.5518885203125 0.401954984375 0.5463879703125001 0.37078520312499996