0 0.6821765078124999 0.774371859375 0.6934327890625 0.7414070359375 0.65961369375 0.7015075375000001 0.584990578125 0.7197487437500001 0.5831815328125 0.7786934671875 0.6240358046875001 0.8081909546875 0.6821765078124999 0.774371859375
0 0.6054428390625 0.5078391953125 0.5963976125 0.45 0.5482066578125 0.4475879390625 0.5367493718749999 0.510854271875 0.5813222359375 0.5391457281250001 0.6054428390625 0.5078391953125
0 0.6367493718749999 0.503015075 0.66262876875 0.4909547734375 0.680719221875 0.43974874374999995 0.689764446875 0.3843216078125 0.6933825375 0.3204522609375 0.648005653125 0.31306532656249997 0.61564384375 0.359648240625 0.6024277640625 0.4313065328125 0.616849875 0.47829145781250004 0.6367493718749999 0.503015075
0 0.40021670781249996 0.0814572859375 0.39664886875 0.033266331249999996 0.34122173437500003 0.0645728640625 0.329764446875 0.12482412031250001 0.37373429687500004 0.1476884421875 0.40021670781249996 0.0814572859375
0 0.8518247484374999 0.137638190625 0.793985553125 0.157889446875 0.7665483671875 0.251859296875 0.8337845484375 0.26773869375000003 0.8728297734374999 0.2366834171875 0.87564384375 0.21311557812499998 0.87564384375 0.157135678125 0.8735332921875001 0.14773869374999998 0.8518247484374999 0.137638190625
0 0.5908197234375 0.933366834375 0.6009202265625 0.890653265625 0.5814227390625 0.8444723625 0.518508165625 0.8321105531249999 0.501875 0.8928140703125 0.5466991203125 0.9326130656249999 0.5908197234375 0.933366834375
0 0.83715138125 0.9306532656250001 0.8436840453125001 0.8864321609375001 0.8155433421874999 0.879899496875 0.758256909375 0.9 0.7652920859375001 0.9633165828125 0.813030778125 0.9723618093749999 0.83715138125 0.9306532656250001
0 0.5733825375 1 0.553231784375 0.94201005 0.5141865578125 0.9463316578125 0.4939353015625 0.991155778125 0.498508165625 1 0.5733825375 1
0 0.4999654515625 0.9512562812500001 0.4909202265625 0.9316582921875 0.46730213593750003 0.9361809046875 0.46076947187500006 0.9542713562499999 0.48639761249999997 0.9673366828125 0.4999654515625 0.9512562812500001
0 0.7194629390625 0.6390452265625 0.6995131906250001 0.54623115625 0.6301162062500001 0.5791959796875 0.6240358046875001 0.661608040625 0.686498115625 0.6780904515625 0.7194629390625 0.6390452265625
0 0.87564384375 0.21311557812499998 0.8784579140625001 0.2366834171875 0.9175031406249999 0.26773869375000003 0.984739321875 0.251859296875 0.9573021359375 0.157889446875 0.8994629390625001 0.137638190625 0.8777543968750001 0.14773869374999998 0.87564384375 0.157135678125 0.87564384375 0.21311557812499998
0 0.9930307781250001 0.9 0.9357443468750001 0.879899496875 0.9076036437500001 0.8864321609375001 0.91413630625 0.9306532656250001 0.938256909375 0.9723618093749999 0.985995603125 0.9633165828125 0.9930307781250001 0.9