0 0.5096681703125 0.70938144375 0.572623496875 0.724707903125 0.574341709375 0.6770446734375 0.5454070015625 0.6787628859375 0.5096681703125 0.70938144375
0 0.749221434375 0.378969071875 0.790664734375 0.390927834375 0.79159256875 0.34951889999999997 0.780080540625 0.3357044671875 0.752004940625 0.346288659375 0.749221434375 0.378969071875
0 0.493173325 0.5532646046874999 0.54623174375 0.5698281781250001 0.5556819156249999 0.5278350515625 0.5479155921875 0.513470790625 0.5164379296875 0.5112714781250001 0.493173325 0.5532646046874999
0 0.47162693281249995 0.41089347031249995 0.492864046875 0.42948453593749997 0.5200461765625 0.42484536093749997 0.517400128125 0.3949828171875 0.48623174375 0.3857044671875 0.47162693281249995 0.41089347031249995
0 0.6897025343750001 0.8749140890625 0.7173314000000001 0.9085223375 0.7444791671875 0.8878006875000001 0.73987435625 0.8413058421875 0.70719394375 0.8403780062499999 0.6897025343750001 0.8749140890625
0 0.6151320874999999 0.93061855625 0.6653039093750001 0.9564261171874999 0.68647229375 0.907147765625 0.6542386171875 0.8804467359375 0.6247884453125 0.8878006875000001 0.6151320874999999 0.93061855625
0 0.5246509875 0.9253951890625001 0.5517987546875001 0.9378006875 0.5591870703125 0.9106529203125 0.5398399921875 0.90281786875 0.5246509875 0.9253951890625001
0 0.5559568296874999 0.8314432984375 0.6038262453125001 0.8457388312499999 0.6144448031249999 0.8116494843750001 0.605681915625 0.7923367703124999 0.5573314 0.7904810999999999 0.5559568296874999 0.8314432984375
0 0.5215582046875 0.164707903125 0.5845478953125001 0.21237113437500002 0.6390152484375 0.1527835046875 0.613482603125 0.11024054999999999 0.5590152484375001 0.0983161515625 0.5164722937499999 0.132371134375 0.5215582046875 0.164707903125
0 0.32413552343749996 0.2379037796875 0.364960265625 0.2685567015625 0.3615582046875 0.23109965625 0.3496681703125 0.21237113437500002 0.32413552343749996 0.2379037796875
0 0.7924173109375 0.34951889999999997 0.7933451453125 0.390927834375 0.8347884453125 0.378969071875 0.832004940625 0.346288659375 0.8039293390625 0.3357044671875 0.7924173109375 0.34951889999999997
0 0.8395307125 0.8878006875000001 0.8666784796875 0.9085223375 0.8943073453125001 0.8749140890625 0.8768159359375 0.8403780062499999 0.8441355234374999 0.8413058421875 0.8395307125 0.8878006875000001
0 0.8975375859374999 0.907147765625 0.9187059703125 0.9564261171874999 0.9688777921874999 0.93061855625 0.959221434375 0.8878006875000001 0.9297712625000001 0.8804467359375 0.8975375859374999 0.907147765625
0 1 0.7915050078125 0.9783279640625 0.7923367703124999 0.9695650765625 0.8116494843750001 0.9801836343750001 0.8457388312499999 1 0.83982095 1 0.7915050078125
0 1 0.1037881625 0.9705272765625 0.11024054999999999 0.9449946312499999 0.1527835046875 0.999461984375 0.21237113437500002 1 0.21196402656250002 1 0.1037881625
0 0.050664734375 0.2685567015625 0.0914894765625 0.2379037796875 0.0659568296875 0.21237113437500002 0.054066795312500006 0.23109965625 0.050664734375 0.2685567015625