0 0.568184596875 0.3865525671875 0.5904339859375 0.36625916875 0.5840770171874999 0.3364303171875 0.5510696828125 0.364303178125 0.568184596875 0.3865525671875
0 0.24319682187499997 0 0.23862469375 0.0038141812499999997 0.2366687046875 0.0121271390625 0.23911369218749998 0.025085575 0.26111858125 0.027286064062499997 0.271876528125 0.018728606249999998 0.2689425421875 0.0047921765625 0.26216992656250004 0 0.24319682187499997 0
0 0.774370415625 0.1782885078125 0.7659107578125 0.1610268953125 0.7352995109375 0.1416625921875 0.72613080625 0.1508312953125 0.7243704156249999 0.1701955984375 0.7321210265625 0.1941320296875 0.7514853296874999 0.20503667499999997 0.76874694375 0.20503667499999997 0.776839853125 0.1923716375 0.774370415625 0.1782885078125
0 0.4609229828125 0.8657212718749999 0.464443765625 0.8486797062500001 0.45943154062499997 0.83012225 0.44639975625000006 0.8321271390625 0.4278422984375 0.8542053796875001 0.44238997500000005 0.8722493890624999 0.4609229828125 0.8657212718749999
0 0.6699694375 0.5333740828125 0.675470659375 0.51882640625 0.6674511 0.5083129578125 0.6449083124999999 0.524352078125 0.6499205375 0.5399022 0.6699694375 0.5333740828125
0 0.6566931546875 0.9322004890625 0.6892114921875 0.9159413203125 0.6797249390625 0.8962836187500001 0.674297065625 0.8847677265625 0.6472066015625 0.8983129578125 0.6309474328125 0.91863080625 0.6566931546875 0.9322004890625
0 0.42639975625000004 0.728117359375 0.46637530624999995 0.7159413203125 0.4548594125 0.6664792171875 0.42842909531249995 0.6664792171875 0.39591075781249996 0.7077995109375 0.42639975625000004 0.728117359375
0 0.49212102656249995 0.09872860624999999 0.529382640625 0.083129584375 0.5266687046875 0.0634963328125 0.5022677265625 0.065525671875 0.49212102656249995 0.09872860624999999
0 0.3701650359375 0.0709535453125 0.40471271406250003 0.0675550125 0.40879584375 0.049266503125 0.400654034375 0.0296088015625 0.3749083125 0.0370660140625 0.3701650359375 0.0709535453125
0 0.4467176046875 0.1983129578125 0.47043398593749997 0.188166259375 0.45757335 0.16713936406250002 0.44131418125 0.1745965765625 0.4467176046875 0.1983129578125
0 0.4183312953125 0.848166259375 0.4198227390625 0.83012225 0.39126528125000004 0.8221026890625 0.38021393593749997 0.8246210265625 0.37872249375 0.8396577015625001 0.390751834375 0.8552078234374999 0.4183312953125 0.848166259375
0 0.5440036671875 0.1847432765625 0.5704828843749999 0.15826405937500002 0.5572310515625001 0.1426405875 0.5283557453125 0.1372127140625 0.521754278125 0.164303178125 0.5440036671875 0.1847432765625
0 0.7835880203125 0.8090220046875001 0.7860085578125 0.7885574578125001 0.7715586796875 0.7801467 0.764345965625 0.7825427875 0.76615525625 0.79880195625 0.7835880203125 0.8090220046875001
0 0.76380806875 0.4826894859375 0.7778422984375 0.46163814218750004 0.769407090625 0.4577017109375 0.7597982890625 0.45562347187499996 0.750776284375 0.4601467 0.7497738390625 0.47618581875 0.76380806875 0.4826894859375
0 0.3472066015625 0.47469437656249996 0.34762225 0.4575550125 0.32882029375 0.46885085625 0.3204584359375 0.48178484062500004 0.321729828125 0.4934963328125 0.3334168703125 0.49850855781250003 0.346790953125 0.4959902203125 0.3472066015625 0.488068459375 0.3472066015625 0.47469437656249996
0 0.7003606359375001 0.1589242046875 0.71637530625 0.133154034375 0.7076711484375 0.11540342343750001 0.6927078234375 0.11366748125 0.6578911984375 0.11577017187500001 0.6572066015625 0.14012225 0.67390586875 0.16031784843750002 0.7003606359375001 0.1589242046875
0 1 0.34409535468749997 0.9909229828124999 0.3364303171875 0.9845660140625 0.36625916875 1 0.3803363203125 1 0.34409535468749997
0 0.1685757953125 0 0.161803178125 0.0047921765625 0.15886919375 0.018728606249999998 0.1696271390625 0.027286064062499997 0.19163202968749998 0.025085575 0.19407701718749998 0.0121271390625 0.19212102656250002 0.0038141812499999997 0.1875489 0 0.1685757953125 0
0 0.8235146703125 0.20503667499999997 0.8428789734375 0.1941320296875 0.8506295843749999 0.1701955984375 0.84886919375 0.1508312953125 0.8397004890625 0.1416625921875 0.8090892421874999 0.1610268953125 0.800629584375 0.1782885078125 0.798160146875 0.1923716375 0.8062530562499999 0.20503667499999997 0.8235146703125 0.20503667499999997
0 0.9075488999999999 0.5083129578125 0.8995293406249999 0.51882640625 0.9050305625 0.5333740828125 0.9250794625 0.5399022 0.9300916875 0.524352078125 0.9075488999999999 0.5083129578125
0 0.900702934375 0.8847677265625 0.8952750609375 0.8962836187500001 0.8857885078125 0.9159413203125 0.9183068453125 0.9322004890625 0.9440525671875 0.91863080625 0.9277933984375 0.8983129578125 0.900702934375 0.8847677265625
0 0 0.726793634375 0.004345965625 0.728117359375 0.0348349640625 0.7077995109375 0.0023166265625 0.6664792171875 0 0.6664792171875 0 0.726793634375
0 0.021949878125 0.049266503125 0.026033007812499998 0.0675550125 0.060580684375000006 0.0709535453125 0.055837407812499996 0.0370660140625 0.0300916875 0.0296088015625 0.021949878125 0.049266503125
0 0.050531784375 0.8246210265625 0.039480440625 0.8221026890625 0.010922982812499999 0.83012225 0.012414425 0.848166259375 0.039993887500000005 0.8552078234374999 0.052023228125 0.8396577015625001 0.050531784375 0.8246210265625
0 0.8034413203125 0.7801467 0.7889914421875 0.7885574578125001 0.7914119796875 0.8090220046875001 0.8088447437499999 0.79880195625 0.8106540343749999 0.7825427875 0.8034413203125 0.7801467
0 0.8152017109375 0.45562347187499996 0.805592909375 0.4577017109375 0.7971577015625 0.46163814218750004 0.81119193125 0.4826894859375 0.8252261609374999 0.47618581875 0.8242237156250001 0.4601467 0.8152017109375 0.45562347187499996
0 0.0973288515625 0.49850855781250003 0.1090158921875 0.4934963328125 0.1102872859375 0.48178484062500004 0.10192542812500001 0.46885085625 0.083123471875 0.4575550125 0.0835391203125 0.47469437656249996 0.0835391203125 0.488068459375 0.0839547671875 0.4959902203125 0.0973288515625 0.49850855781250003
0 0.9171088015625 0.11577017187500001 0.8822921765625 0.11366748125 0.8673288515625 0.11540342343750001 0.8586246937500001 0.133154034375 0.8746393640625 0.1589242046875 0.90109413125 0.16031784843750002 0.9177933984375001 0.14012225 0.9171088015625 0.11577017187500001