0 0.32597426406249996 0.87376470625 0.3266330875 0.8803294125000001 0.33439779375 0.9020941171875 0.3639507359375 0.8951058828124999 0.3795036765625 0.86943529375 0.416044853125 0.8570117640625 0.4323742640625 0.8368 0.4533625 0.8088 0.45491544062499994 0.771482353125 0.4347036765625 0.749717646875 0.3771742640625 0.7512705875 0.3818330875 0.7683764703125 0.380280146875 0.7948000000000001 0.36006838281250003 0.804917646875 0.3312919125 0.821247059375 0.32597426406249996 0.8404 0.32597426406249996 0.87376470625
0 0.5909860296875 0.688282353125 0.551315440625 0.6820705874999999 0.538115440625 0.7053882359375 0.5349860296875 0.7489411765625 0.548209559375 0.77303529375 0.5987507359375 0.769152940625 0.6119742640625 0.7326117640625001 0.5909860296875 0.688282353125
0 0.5435507359375 0.47371764687500006 0.5085625 0.4651764703125 0.5000919125000001 0.48235294062499995 0.4704683828125 0.5024705875000001 0.48524485312500004 0.550682353125 0.518680146875 0.5537882359374999 0.5451036765625 0.52423529375 0.5435507359375 0.47371764687500006
0 0.44823308749999996 0.177952940625 0.41277426406249995 0.1882117640625 0.4006566171875 0.2124705875 0.40717426406249996 0.22272941249999997 0.4323742640625 0.251647059375 0.4631507359375 0.23767058749999997 0.479009559375 0.1994117640625 0.44823308749999996 0.177952940625
0 0.6501625 0.338282353125 0.6359036765625 0.3397882359375 0.6344213234375 0.35364705937499996 0.6370330875 0.36152941250000004 0.649409559375 0.3604 0.6531507359375001 0.349152940625 0.6501625 0.338282353125
0 0.396844853125 0.168752940625 0.3883036765625 0.15976470625 0.38425661718750004 0.1682588234375 0.3847036765625 0.17145882343750002 0.39056250000000003 0.176847059375 0.398209559375 0.175952940625 0.396844853125 0.168752940625
0 0.6340213234375 0.7272000000000001 0.6283742640625001 0.7236705875 0.6243742640625001 0.7283764703125 0.626444853125 0.7355294125 0.63232720625 0.7374117640625 0.6340213234375 0.7272000000000001
0 1 0.80885771875 0.9930566171875 0.804917646875 0.972844853125 0.7948000000000001 0.9712919125000001 0.7683764703125 0.9759507359375 0.7512705875 0.9184213234374999 0.749717646875 0.8982095593749999 0.771482353125 0.8997624999999999 0.8088 0.9207507359375 0.8368 0.9370801468750001 0.8570117640625 0.9736213234375001 0.86943529375 0.9891742640625001 0.8951058828124999 1 0.8976657890625 1 0.80885771875
0 0.29188014687499997 0.804917646875 0.2716683828125 0.7948000000000001 0.27011544062500004 0.7683764703125 0.2747742640625 0.7512705875 0.21724485312500003 0.749717646875 0.19703308749999998 0.771482353125 0.1985860296875 0.8088 0.21957426406249997 0.8368 0.2359036765625 0.8570117640625 0.272444853125 0.86943529375 0.28799779375 0.8951058828124999 0.3175507359375 0.9020941171875 0.325315440625 0.8803294125000001 0.32597426406249996 0.87376470625 0.32597426406249996 0.8404 0.3206566171875 0.821247059375 0.29188014687499997 0.804917646875
0 0.8049154406250001 0.77303529375 0.8181389703124999 0.7489411765625 0.8150095593750001 0.7053882359375 0.8018095593749999 0.6820705874999999 0.7621389703125 0.688282353125 0.7411507359375 0.7326117640625001 0.7543742640625 0.769152940625 0.8049154406250001 0.77303529375
0 0.10373897031249998 0.77303529375 0.1169625 0.7489411765625 0.11383308750000001 0.7053882359375 0.1006330875 0.6820705874999999 0.060962499999999996 0.688282353125 0.0399742640625 0.7326117640625001 0.05319779375 0.769152940625 0.10373897031249998 0.77303529375
0 0.867880146875 0.550682353125 0.8826566171874999 0.5024705875000001 0.8530330875000001 0.48235294062499995 0.8445625 0.4651764703125 0.8095742640625 0.47371764687500006 0.8080213234375 0.52423529375 0.834444853125 0.5537882359374999 0.867880146875 0.550682353125
0 0.1667036765625 0.550682353125 0.181480146875 0.5024705875000001 0.15185661718750001 0.48235294062499995 0.1433860296875 0.4651764703125 0.10839779375 0.47371764687500006 0.106844853125 0.52423529375 0.1332683828125 0.5537882359374999 0.1667036765625 0.550682353125
0 0.9207507359375 0.251647059375 0.9459507359374999 0.22272941249999997 0.9524683828124999 0.2124705875 0.9403507359375001 0.1882117640625 0.9048919124999999 0.177952940625 0.874115440625 0.1994117640625 0.8899742640625 0.23767058749999997 0.9207507359375 0.251647059375
0 0.21957426406249997 0.251647059375 0.2447742640625 0.22272941249999997 0.2512919125 0.2124705875 0.2391742640625 0.1882117640625 0.203715440625 0.177952940625 0.1729389703125 0.1994117640625 0.18879779375 0.23767058749999997 0.21957426406249997 0.251647059375
0 0.7160919125 0.36152941250000004 0.7187036765625 0.35364705937499996 0.7172213234375 0.3397882359375 0.7029625 0.338282353125 0.6999742640625 0.349152940625 0.703715440625 0.3604 0.7160919125 0.36152941250000004
0 0 0.3527671203125 0.0025389703125 0.3604 0.014915440625000002 0.36152941250000004 0.01752720625 0.35364705937499996 0.016044853125 0.3397882359375 0.0017860296875 0.338282353125 0 0.3447795609375 0 0.3527671203125
0 0.9684213234374999 0.17145882343750002 0.9688683828125001 0.1682588234375 0.9648213234374999 0.15976470625 0.956280146875 0.168752940625 0.954915440625 0.175952940625 0.9625625 0.176847059375 0.9684213234374999 0.17145882343750002
0 0.267244853125 0.17145882343750002 0.2676919125 0.1682588234375 0.263644853125 0.15976470625 0.2551036765625 0.168752940625 0.25373897031250003 0.175952940625 0.2613860296875 0.176847059375 0.267244853125 0.17145882343750002
0 0.7287507359375 0.7283764703125 0.7247507359375 0.7236705875 0.7191036765625001 0.7272000000000001 0.72079779375 0.7374117640625 0.7266801468749999 0.7355294125 0.7287507359375 0.7283764703125
0 0.0275742640625 0.7283764703125 0.0235742640625 0.7236705875 0.01792720625 0.7272000000000001 0.019621323437499998 0.7374117640625 0.0255036765625 0.7355294125 0.0275742640625 0.7283764703125