0 0.6352909484375 0.4067241375 0.6326472703125 0.4357471265625 0.6485093390625 0.4506896546875 0.6511530171875 0.4506896546875 0.68017600625 0.4339655171875 0.676670259375 0.40143678125 0.6511530171875 0.392643678125 0.6352909484375 0.4067241375
0 0.7637392234375 0.7920689656250001 0.7698886500000001 0.8105172406250001 0.7866127875 0.81758620625 0.79804956875 0.81229885 0.800693246875 0.799080459375 0.79804956875 0.78413793125 0.78747485625 0.7753448281249999 0.7743139375 0.779770115625 0.7637392234375 0.7920689656250001
0 0.6000035921875 0.635632184375 0.5587392234374999 0.668505746875 0.5629346265625 0.7165517234375 0.6135093390625 0.7249425281249999 0.6413254312500001 0.6567241375 0.6000035921875 0.635632184375
0 0.27983117812499997 0.8308045984374999 0.2877622125 0.8712643671875 0.298336925 0.8800574718749999 0.3581645109375 0.8580459765624999 0.37488865 0.8131609203125001 0.34586566093750004 0.79471264375 0.30799209843750003 0.8061494250000001 0.27983117812499997 0.8308045984374999
0 0.5227047406249999 0.0204597703125 0.5129920984375 0.0565517234375 0.5411530171875001 0.09436781562499999 0.5490840515625 0.09264367812499999 0.577244971875 0.0521264375 0.573681753125 0.0169540234375 0.5490840515625 0.005517240625 0.5227047406249999 0.0204597703125
0 0.2209231328125 0.698793103125 0.2173599140625 0.7639080453125 0.2481645109375 0.79028735625 0.2560955453125 0.778850575 0.3194288796875 0.7445402296875 0.33264727031249997 0.675057471875 0.2754633625 0.6715517234374999 0.2209231328125 0.698793103125
0 0.6547737062500001 0.9161494250000001 0.652244971875 0.947356321875 0.667417384375 0.9405747124999999 0.667417384375 0.9204022984375 0.6547737062500001 0.9161494250000001
0 0.20408405156249998 0.204367815625 0.15948635 0.21528735625 0.145118534375 0.227931034375 0.1434518671875 0.23132183906249998 0.1839116375 0.2582758625 0.20408405156249998 0.204367815625
0 0.9116127875 0.78413793125 0.908969109375 0.799080459375 0.9116127875 0.81229885 0.92304956875 0.81758620625 0.9397737062499999 0.8105172406250001 0.9459231328125 0.7920689656250001 0.9353484203125 0.779770115625 0.9221875 0.7753448281249999 0.9116127875 0.78413793125
0 0 0.7635303984374999 0.0282794546875 0.778850575 0.036210489062500004 0.79028735625 0.0670150859375 0.7639080453125 0.0634518671875 0.698793103125 0.0089116375 0.6715517234374999 0 0.672098065625 0 0.7635303984374999
0 0.139256465625 0.227931034375 0.12488865 0.21528735625 0.0802909484375 0.204367815625 0.10046336250000001 0.2582758625 0.1409231328125 0.23132183906249998 0.139256465625 0.227931034375