0 0.338147590625 0.097831325 0.335918675 0.14337349375 0.3961596390625 0.1180722890625 0.3830271078125 0.1037349390625 0.338147590625 0.097831325
0 0.4645933734375 0.2337349390625 0.451581325 0.27867469843750003 0.5107379515625 0.292831325 0.5036295187500001 0.244397590625 0.4645933734375 0.2337349390625
0 0.6895933734375 0.8601807234375001 0.69362951875 0.779518071875 0.648268071875 0.72 0.5191716875 0.7331325296875 0.5474246984375 0.8157831328125 0.6291114453125 0.8601807234375001 0.6895933734375 0.8601807234375001
0 0.7712801203125 0.681686746875 0.72995481875 0.6353012046875001 0.6412198796874999 0.6725903609375 0.6734487953125 0.7180120484375 0.7329668671875 0.7240361453124999 0.7712801203125 0.681686746875
0 0.35278614531249997 0.99933735 0.42338855468750003 0.9700602406250001 0.43344879531249997 0.8914457828125 0.42537650625 0.80771084375 0.3689307234375 0.77445783125 0.2589909640625 0.7583132531250001 0.21766566250000002 0.8722891562499999 0.25597891562499997 0.972108434375 0.35278614531249997 0.99933735
0 0.29387048125000004 0 0.2741114453125 0.016144578125 0.3084487953125 0.0353012046875 0.33362951875 0.030240964062499997 0.3255572296875 0.006024096875 0.30362951875 0 0.29387048125000004 0
0 0.41579819218749997 0.221566265625 0.37121987968750003 0.22993975937500002 0.3904969875 0.28114457812500004 0.4290512046875 0.25771084375000003 0.41579819218749997 0.221566265625
0 0.1939307234375 0.2703614453125 0.18712349374999998 0.3313253015625 0.2274849390625 0.3391566265625 0.2223042171875 0.26566265 0.1939307234375 0.2703614453125
0 0.5130873499999999 0.1309036140625 0.5178463859375 0.1789156625 0.552183734375 0.1759036140625 0.5606174703125 0.14156626562500002 0.5130873499999999 0.1309036140625
0 0.700978915625 0.26024096406249997 0.635918675 0.2475903609375 0.5630271078125 0.35662650625 0.6594126499999999 0.40060240937499997 0.72929216875 0.3397590359375 0.700978915625 0.26024096406249997
0 1 0.6440285890624999 0.979231928125 0.6353012046875001 0.9379066265624999 0.681686746875 0.9762198796874999 0.7240361453124999 1 0.72162925 1 0.6440285890624999
0 0 0.9809743515625 0.031521084375 0.972108434375 0.0698343375 0.8722891562499999 0.0285090359375 0.7583132531250001 0 0.7624997859375 0 0.9809743515625
0 0.10037650625000001 0.3313253015625 0.0935692765625 0.2703614453125 0.0651957828125 0.26566265 0.060015060937499996 0.3391566265625 0.10037650625000001 0.3313253015625