0 0.730410628125 0.379044384375 0.733550725 0.403126509375 0.7461111109375 0.4167496984375 0.7597101453125 0.405227959375 0.7523913046875 0.3801071859375 0.730410628125 0.379044384375
0 0.52727053125 0.7036579109375001 0.5167874390625 0.6837545296875 0.4948067640625 0.685855978125 0.47490338125 0.7046965578125 0.47804347812500003 0.7267013890625 0.4958454109375 0.739261775 0.5220289859375 0.7287786828125 0.52727053125 0.7036579109375001
0 0.6696618359375 0.47853713750000004 0.6665217390625 0.518319746875 0.6916666671875 0.5277400359375 0.70736715 0.5245999390625 0.704227053125 0.47853713750000004 0.6696618359375 0.47853713750000004
0 0.1293478265625 0.686894625 0.13041062812499998 0.7172810984375 0.1660144921875 0.7267013890625 0.1890338171875 0.70889945625 0.1680917875 0.655493659375 0.1293478265625 0.686894625
0 0.8214975843750001 0.31728109843749996 0.8319806765625 0.3507835140625 0.8497826093749999 0.344503321875 0.853961353125 0.312039553125 0.8445410624999999 0.2994791671875 0.8214975843750001 0.31728109843749996
0 0.537681159375 0.23462409375 0.5251690828125 0.26491395 0.538768115625 0.286894625 0.5660144921875 0.26909269375 0.5639130437500001 0.2335129828125 0.537681159375 0.23462409375
0 0.0916666671875 0.5905661234374999 0.1031642515625 0.6146482484375 0.1230676328125 0.61571105 0.1251690828125 0.5863873796875 0.10736715 0.5738269921875 0.0916666671875 0.5905661234374999
0 0.7450741546875 0 0.733550725 0.012498490625 0.730410628125 0.036580615625 0.7523913046875 0.0355178140625 0.7597101453125 0.010397040625 0.7474385859375 0 0.7450741546875 0
0 0.52727053125 0.8762182968750001 0.5220289859375 0.8510975234375 0.4958454109375 0.8406144328125 0.47804347812500003 0.85317481875 0.47490338125 0.87517965 0.4948067640625 0.8940202296875001 0.5167874390625 0.896121678125 0.52727053125 0.8762182968750001
0 0.1890338171875 0.8709767515625 0.1660144921875 0.85317481875 0.13041062812499998 0.8625951093750001 0.1293478265625 0.8929815828125 0.1680917875 0.9243825484375 0.1890338171875 0.8709767515625
0 0.853961353125 0.103585446875 0.8497826093749999 0.071121678125 0.8319806765625 0.0648414859375 0.8214975843750001 0.0983439015625 0.8445410624999999 0.11614583281249999 0.853961353125 0.103585446875
0 0.5660144921875 0.14653230625 0.538768115625 0.128730375 0.5251690828125 0.15071105 0.537681159375 0.18100090625 0.5639130437500001 0.1821120171875 0.5660144921875 0.14653230625
0 0.11594075 1 0.1251690828125 0.9934888281250001 0.1230676328125 0.96416515625 0.1031642515625 0.965227959375 0.0916666671875 0.989310084375 0.10169328281250001 1 0.11594075 1