0 0.6131988640625 0.1146969703125 0.6238958328125 0.1154242421875 0.6288958328125 0.10254545468750001 0.62462310625 0.086848484375 0.6160473484375 0.0896969703125 0.612471590625 0.10112121249999999 0.6131988640625 0.1146969703125
0 0.6316837125 0.1087272734375 0.6458655296875 0.13 0.677774621875 0.1347272734375 0.7049564390625 0.11936363593749999 0.7155928031250001 0.09096969687499999 0.664774621875 0.0555151515625 0.6316837125 0.1087272734375
0 0.6198655296875 0.37466666718749997 0.636410984375 0.4101212125 0.677774621875 0.41130302968750004 0.7096837125000001 0.3983030296875 0.7297746218750001 0.3853030296875 0.7297746218750001 0.3203030296875 0.6659564390625 0.3073030296875 0.6210473484375 0.312030303125 0.6198655296875 0.37466666718749997
0 0.34522916718749996 0.9394848484375 0.3908958328125 0.9382727265625 0.4032291671875 0.9024545453125 0.4081685609375 0.8839393937500001 0.358804925 0.86293939375 0.325471590625 0.8826969703125 0.34522916718749996 0.9394848484375
0 0.55174431875 0.5727272734375 0.607471590625 0.5706060609375 0.612471590625 0.5091515156249999 0.562471590625 0.5105757578125 0.5410170453125 0.539151515625 0.55174431875 0.5727272734375
0 0.53162310625 0.38642424218750004 0.56262310625 0.398787878125 0.5674412875 0.36293939375 0.5575625 0.36293939375 0.53162310625 0.3604848484375 0.53162310625 0.38642424218750004
0 0.7834715906249999 0.9283939390624999 0.8155928031249999 0.925909090625 0.8168049249999999 0.9 0.8094109843749999 0.8789999999999999 0.7748352265625 0.8691212125 0.7674412875 0.8975151515625001 0.7834715906249999 0.9283939390624999
0 0.31262310625 0.2858787875 0.34904734843749996 0.293030303125 0.36762310625 0.2708787875 0.35762310625 0.24872727343749998 0.31547159062499996 0.25730302968749996 0.31262310625 0.2858787875
0 0.3090473484375 0.22015151562500002 0.32262310625 0.22587878749999998 0.32762310625 0.20657575781249998 0.313320075 0.2044545453125 0.3090473484375 0.22015151562500002
0 0.43692613593749996 0.1144242421875 0.44192613593749996 0.1236969703125 0.4569261359375 0.12227272656249999 0.4569261359375 0.10584848437500001 0.44622916718749994 0.1036969703125 0.43692613593749996 0.1144242421875
0 0.4988655296875 0.6463333328124999 0.535320075 0.652030303125 0.562471590625 0.6434545453125 0.5595928031249999 0.6106060609374999 0.5338655296875 0.5713030296875 0.4902897734375 0.5906060609375 0.4988655296875 0.6463333328124999
0 0.39953219687499997 0.46418181875000003 0.43162310625 0.479 0.4242291671875 0.4444242421875 0.4081685609375 0.44072727343749996 0.39953219687499997 0.46418181875000003
0 1 0.088867140625 0.9792594703124999 0.0555151515625 0.9284412874999999 0.09096969687499999 0.9390776515624999 0.11936363593749999 0.9662594703125 0.1347272734375 0.9981685609375001 0.13 1 0.127252840625 1 0.088867140625
0 1 0.3096106453125 0.9780776515625 0.3073030296875 0.9142594703125001 0.3203030296875 0.9142594703125001 0.3853030296875 0.934350378125 0.3983030296875 0.9662594703125 0.41130302968750004 1 0.41033901562499997 1 0.3096106453125
0 0 0.9392752703125 0.0078958328125 0.9394848484375 0.027653409375 0.8826969703125 0 0.866306040625 0 0.9392752703125
0 0.8346231062499999 0.8789999999999999 0.8272291671875 0.9 0.8284412874999999 0.925909090625 0.8605625 0.9283939390624999 0.8765928031250001 0.8975151515625001 0.8691988640625 0.8691212125 0.8346231062499999 0.8789999999999999
0 0 0.28816772031250004 0.0040776515625 0.293030303125 0.040501893750000004 0.2858787875 0.037653409375 0.25730302968749996 0 0.24964241562499997 0 0.28816772031250004
0 0.03050189375 0.22587878749999998 0.0440776515625 0.22015151562500002 0.039804925000000005 0.2044545453125 0.025501893749999997 0.20657575781249998 0.03050189375 0.22587878749999998