0 0.28082236875 0.7013684203125 0.2825592109375 0.713 0.2907171046875 0.7101052625000001 0.29713815781249997 0.705473684375 0.29945394687500004 0.6967368421875 0.2977171046875 0.6920526312499999 0.2942434203125 0.688 0.288401315625 0.6851052625 0.28198026249999997 0.6903157890625 0.28082236875 0.7013684203125
0 0.6125592109375 0.5 0.6085065796875 0.5098947375 0.615453946875 0.5192105265625 0.6207171046875 0.517473684375 0.6282960531249999 0.5093157890625 0.6236118421875 0.499421053125 0.6125592109375 0.5
0 0.5980328953125 0.5587894734375001 0.5887697375000001 0.56694736875 0.593348684375 0.5808947375 0.5997697375000001 0.5913684203125 0.6131381578124999 0.5873157890625 0.6166644734375 0.571 0.60792763125 0.560526315625 0.5980328953125 0.5587894734375001
0 0.4135065796875 0.25094736875 0.4077171046875 0.25789473749999997 0.41645394687500004 0.26605263125 0.4280855265625 0.26489473750000003 0.43682236874999997 0.248 0.4135065796875 0.25094736875
0 0.6940328953125 0.41621052656249996 0.68582236875 0.42368421093749997 0.693453946875 0.43600000000000005 0.7021381578125 0.43210526250000003 0.7031907890625 0.42263157968750004 0.6940328953125 0.41621052656249996
0 0.6115065796875 0.898473684375 0.6151907890625 0.9047894734374999 0.6262434203125 0.9037368421875 0.628348684375 0.89005263125 0.6267697375 0.8768947375 0.6146644734375 0.8774210531250001 0.608348684375 0.889526315625 0.6115065796875 0.898473684375
0 0.71782236875 0.9337368421875001 0.7167697375000001 0.9442631578125 0.728348684375 0.9542631578125 0.739401315625 0.9490000000000001 0.7399276312499999 0.9363684203125 0.7315065796875 0.9311052625 0.71782236875 0.9337368421875001
0 0.6956118421874999 0.653578946875 0.6956118421874999 0.66305263125 0.7040328953125 0.6688421046874999 0.7129802625 0.6662105265625 0.7182434203125 0.6588421046875 0.7050855265625 0.6493684203125001 0.6956118421874999 0.653578946875
0 0.6520855265625001 0.035526315625 0.6515592109375 0.05131578906249999 0.6626118421875 0.054473684375 0.6715592109374999 0.050789473437499996 0.6715592109374999 0.0376315796875 0.6647171046875 0.024473684375 0.6520855265625001 0.035526315625
0 0.0995065796875 0.688 0.0960328953125 0.6920526312499999 0.094296053125 0.6967368421875 0.09661184218749999 0.705473684375 0.1030328953125 0.7101052625000001 0.11119078906249999 0.713 0.11292763125000001 0.7013684203125 0.11176973750000001 0.6903157890625 0.105348684375 0.6851052625 0.0995065796875 0.688
0 0.9835592109375 0.517473684375 0.98882236875 0.5192105265625 0.9957697375000001 0.5098947375 0.9917171046875 0.5 0.9806644734375001 0.499421053125 0.9759802625 0.5093157890625 0.9835592109375 0.517473684375
0 1 0.55988539375 0.9963486843749999 0.560526315625 0.9876118421875001 0.571 0.9911381578125 0.5873157890625 1 0.590002253125 1 0.55988539375
0 0.9108223687500001 0.43600000000000005 0.9184539468749999 0.42368421093749997 0.9102434203125 0.41621052656249996 0.9010855265625001 0.42263157968750004 0.9021381578125001 0.43210526250000003 0.9108223687500001 0.43600000000000005
0 0.9775065796875 0.8768947375 0.97592763125 0.89005263125 0.9780328953125 0.9037368421875 0.9890855265624999 0.9047894734374999 0.9927697375 0.898473684375 0.9959276312500001 0.889526315625 0.9896118421875 0.8774210531250001 0.9775065796875 0.8768947375
0 0.864875 0.9490000000000001 0.8759276312500001 0.9542631578125 0.8875065796875001 0.9442631578125 0.8864539468749999 0.9337368421875001 0.8727697375 0.9311052625 0.8643486843750001 0.9363684203125 0.864875 0.9490000000000001
0 0.891296053125 0.6662105265625 0.9002434203125 0.6688421046874999 0.9086644734375 0.66305263125 0.9086644734375 0.653578946875 0.8991907890625 0.6493684203125001 0.8860328953125001 0.6588421046875 0.891296053125 0.6662105265625
0 0.9327171046875 0.050789473437499996 0.9416644734374999 0.054473684375 0.9527171046875 0.05131578906249999 0.9521907890625 0.035526315625 0.9395592109375001 0.024473684375 0.9327171046875 0.0376315796875 0.9327171046875 0.050789473437499996