0 0.2691891890625 0.48385376406249997 0.2783011578125 0.4921163125 0.28575289531250003 0.48883445937500003 0.28575289531250003 0.4821935328125 0.27911196875 0.4689116796875 0.2691891890625 0.48385376406249997
0 0.7838996140625001 0.265012065625 0.7797683390625 0.2699927609375 0.7789575296875 0.2791047296875 0.784749034375 0.28323600312499997 0.790540540625 0.2791047296875 0.790540540625 0.26918195 0.7838996140625001 0.265012065625
0 0.9248262546875001 0.3827340734375 0.9157142859375 0.3885255796875 0.9123938218750001 0.39848696875 0.9173745171875 0.4050892859375 0.9248262546875001 0.40261824375 0.9272972968750001 0.3935062734375 0.9248262546875001 0.3827340734375
0 0.5998841703125 0.4805333015625 0.5966023171875 0.49462596562499994 0.6115057921875 0.5004174703125 0.6139768343750001 0.4896452703125 0.608185328125 0.47887306875 0.5998841703125 0.4805333015625
0 0.57833976875 0.580803571875 0.5733590734375 0.5816529921875 0.5700772203125 0.5916143828125 0.5717374515625 0.5965564671875 0.5808494203125 0.593236003125 0.5833204640625 0.5874444984375 0.57833976875 0.580803571875
0 0.518687259375 0.5460159265625 0.5203474906250001 0.5551278953125001 0.5327799234375 0.556788128125 0.535250965625 0.549336390625 0.52694980625 0.5360545359375 0.518687259375 0.5460159265625
0 0.46810810781249995 0.434124034375 0.45980695000000005 0.430803571875 0.4473745171875 0.43659507656249996 0.44988417031249994 0.4465564671875 0.45980695000000005 0.44736727812500005 0.467297296875 0.4465564671875 0.46810810781249995 0.434124034375
0 0.0627799234375 0.5070583984375 0.05617760625 0.4970970078125 0.048687259375 0.5004174703125 0.047876448437500004 0.5103788609375 0.05119691093749999 0.518641409375 0.059459459375 0.518641409375 0.0627799234375 0.5103788609375 0.0627799234375 0.5070583984375
0 0.0760617765625 0.284085425 0.07027027031250001 0.27995415 0.06362934375 0.27829391875 0.057799228125000005 0.2890661203125 0.0619691125 0.29566843593750003 0.06776061718750001 0.2973286671875 0.07521235468750001 0.2915371625 0.0760617765625 0.284085425
0 0.8253667953124999 0.646286196875 0.8179150578125001 0.6454753859375 0.8154054046875 0.6529271234375 0.8170656375 0.6587186296875001 0.8220463328125 0.6603788609375 0.8270270265624999 0.6570583984375 0.8253667953124999 0.646286196875
0 0.64382239375 0.6927340734375 0.63637065625 0.687753378125 0.6322393828124999 0.6885641890625 0.6280694984374999 0.6943943046875 0.6313899609375 0.7018460421875 0.63637065625 0.7035062734374999 0.6421621625 0.695205115625 0.64382239375 0.6927340734375
0 0.4631274125 0.527753378125 0.45814671875 0.5418460421875 0.4647876453125 0.549336390625 0.47057915 0.5426954640625 0.46976833906250004 0.5277919890625 0.4631274125 0.527753378125
0 0.634710425 0.4672514484375 0.6297297296875 0.47721283750000004 0.6338996140625001 0.48632480625 0.6396911203125 0.4805333015625 0.6396911203125 0.46810086875 0.634710425 0.4672514484375
0 0.7615444015625 0.217753378125 0.7573745171875 0.2169425671875 0.7491119687500001 0.2219232625 0.7517374515624999 0.2269425671875 0.754903475 0.22771476875 0.76069498125 0.22937500000000002 0.7615444015625 0.217753378125
0 0.21945945937500003 0.33049469062500003 0.21115830156249998 0.33049469062500003 0.21034749062500002 0.3412668921875 0.21528957499999998 0.34377654375 0.221119690625 0.3412668921875 0.2227799234375 0.33547538593750004 0.21945945937500003 0.33049469062500003
0 0.3330115828125 0.415050675 0.32305019375 0.41586148593749994 0.3238996140625 0.42582287656249995 0.3280308875 0.42829391875 0.3346718140625 0.4266336875 0.33714285781250003 0.42003137031250004 0.3330115828125 0.415050675
0 0.7126254828125 0.560108590625 0.704324325 0.560108590625 0.704324325 0.5667109078125 0.7084942078124999 0.5708807921875 0.7142857140625 0.5716916015625 0.71675675625 0.5642398656250001 0.7126254828125 0.560108590625
0 0.9272972968750001 0.647946428125 0.9239768343750001 0.6529271234375 0.9281467187500001 0.65790781875 0.9372586875 0.65790781875 0.9339382234375 0.6471356171875 0.9272972968750001 0.647946428125
0 0.790540540625 0.04956805 0.790540540625 0.0396452703125 0.784749034375 0.035513996874999995 0.7789575296875 0.0396452703125 0.7797683390625 0.0487572390625 0.7838996140625001 0.053737934375 0.790540540625 0.04956805
0 0.0760617765625 0.034664574999999996 0.07521235468750001 0.027212837499999996 0.06776061718750001 0.0214213328125 0.0619691125 0.0230815640625 0.057799228125000005 0.029683879687499998 0.06362934375 0.04045608125 0.07027027031250001 0.03879585 0.0760617765625 0.034664574999999996
0 0.64382239375 0.9850892859375 0.6421621625 0.98261824375 0.63637065625 0.9743170843750001 0.6313899609375 0.9759773171875 0.6280694984374999 0.9834290546875 0.6322393828124999 0.9892591703125 0.63637065625 0.9900699812499999 0.64382239375 0.9850892859375
0 0.76069498125 0.08937500000000001 0.754903475 0.09103523125 0.7517374515624999 0.0918074328125 0.7491119687500001 0.09682673750000001 0.7573745171875 0.1018074328125 0.7615444015625 0.100996621875 0.76069498125 0.08937500000000001