0 0.4605131296875 0.8331428578125 0.4666139703125 0.8107899156249999 0.4404963234375 0.7942857140624999 0.42935346562500004 0.8372100843749999 0.4605131296875 0.8331428578125
0 0.6251517859375 0.23557983125 0.6048156515625001 0.178 0.5479080875 0.17122689062500002 0.5336896015625 0.21458823593749998 0.512008928125 0.242352940625 0.5363954828125 0.268100840625 0.5851685921875001 0.28571428593750003 0.6251517859375 0.23557983125
0 0.481521534375 0.1251596640625 0.4666139703125 0.093310925 0.43002573593750004 0.0980504203125 0.40631145 0.10889075625 0.3812526265625 0.1393781515625 0.4083954828125 0.1763025203125 0.4700761546875 0.1836974796875 0.481521534375 0.1251596640625
0 0.6142778359375 0.5302521015624999 0.57501733125 0.48626890781250004 0.5492358187499999 0.43025210156249993 0.47948792031250004 0.4510924375 0.4445299375 0.4470588234375 0.43259716406250004 0.49310924375000004 0.454412290625 0.5526554625 0.5336055671875 0.603865546875 0.614445903125 0.5956302515624999 0.6142778359375 0.5302521015624999
0 0.49663077656250004 0.731428571875 0.5086139703125 0.6712268906250001 0.44856355 0.6648739499999999 0.44086607187500004 0.72067226875 0.49663077656250004 0.731428571875
0 0.5987484249999999 0.7191596640625 0.6128156515625001 0.697647059375 0.6136559874999999 0.6752941171875 0.578882878125 0.685226890625 0.573101365625 0.712537815625 0.5987484249999999 0.7191596640625
0 0.8802610296875001 0.8107899156249999 0.8863618703125 0.8331428578125 0.9175215343750001 0.8372100843749999 0.9063786765625 0.7942857140624999 0.8802610296875001 0.8107899156249999
0 0.18782405468750002 0.8107899156249999 0.19392489531249998 0.8331428578125 0.225084559375 0.8372100843749999 0.21394170156249998 0.7942857140624999 0.18782405468750002 0.8107899156249999
0 0.8348660718750001 0.242352940625 0.8131853984375 0.21458823593749998 0.7989669125 0.17122689062500002 0.7420593484375 0.178 0.7217232140625 0.23557983125 0.7617064078125 0.28571428593750003 0.8104795171875001 0.268100840625 0.8348660718750001 0.242352940625
0 0.142429096875 0.242352940625 0.120748425 0.21458823593749998 0.10652993749999999 0.17122689062500002 0.0496223734375 0.178 0.029286239062500004 0.23557983125 0.0692694328125 0.28571428593750003 0.11804254218750002 0.268100840625 0.142429096875 0.242352940625
0 0.9656223734375 0.1393781515625 0.94056355 0.10889075625 0.9168492640625001 0.0980504203125 0.8802610296875001 0.093310925 0.865353465625 0.1251596640625 0.8767988453125 0.1836974796875 0.9384795171875 0.1763025203125 0.9656223734375 0.1393781515625
0 0.2731853984375 0.1393781515625 0.248126575 0.10889075625 0.22441229062499998 0.0980504203125 0.18782405468750002 0.093310925 0.1729164921875 0.1251596640625 0.1843618703125 0.1836974796875 0.24604254218750002 0.1763025203125 0.2731853984375 0.1393781515625
0 0.892462709375 0.5526554625 0.9142778359375001 0.49310924375000004 0.9023450625 0.4470588234375 0.8673870796875001 0.4510924375 0.79763918125 0.43025210156249993 0.77185766875 0.48626890781250004 0.7325971640625 0.5302521015624999 0.732429096875 0.5956302515624999 0.8132694328125 0.603865546875 0.892462709375 0.5526554625
0 0.2000257359375 0.5526554625 0.2218408609375 0.49310924375000004 0.20990808749999998 0.4470588234375 0.1749501046875 0.4510924375 0.10520220625000001 0.43025210156249993 0.07942069375000001 0.48626890781250004 0.040160189062500004 0.5302521015624999 0.039992121874999995 0.5956302515624999 0.1208324578125 0.603865546875 0.2000257359375 0.5526554625
0 0.8382610296875 0.6712268906250001 0.8502442234375 0.731428571875 0.9060089281250001 0.72067226875 0.8983114499999999 0.6648739499999999 0.8382610296875 0.6712268906250001
0 0.14582405468749998 0.6712268906250001 0.1578072484375 0.731428571875 0.213571953125 0.72067226875 0.20587447499999997 0.6648739499999999 0.14582405468749998 0.6712268906250001
0 0.7332190125 0.6752941171875 0.7340593484375 0.697647059375 0.748126575 0.7191596640625 0.773773634375 0.712537815625 0.767992121875 0.685226890625 0.7332190125 0.6752941171875
0 0.0407820375 0.6752941171875 0.0416223734375 0.697647059375 0.0556896015625 0.7191596640625 0.081336659375 0.712537815625 0.075555146875 0.685226890625 0.0407820375 0.6752941171875