0 0.9097780859375 0.45047806875 0.866588071875 0.475387915625 0.86327323125 0.5285501906250001 0.8690846046875 0.5418372921875 0.902316228125 0.588356015625 0.9513176140624999 0.5767332703125 0.9621081828125 0.5302145453125 0.9621081828125 0.4587721046875 0.9097780859375 0.45047806875
0 0.49281553437500003 0.3723920765625 0.42553398124999997 0.37072772187499997 0.39563106718749996 0.41143507343749997 0.39396671250000004 0.4214073328125 0.40891816875 0.48369582187500004 0.4604160890625 0.513598734375 0.5243828015625 0.5019759875 0.56257975 0.46957654375 0.5576005546875 0.41226725000000003 0.49281553437500003 0.3723920765625
0 0.260235784375 0.385679178125 0.1796671296875 0.3964836171875 0.1788349515625 0.4479815359375 0.177170596875 0.4787166265625 0.21040221875 0.5194101078125 0.2610679609375 0.520242284375 0.30925104062500003 0.4811992890625 0.3084188625 0.42222564218749997 0.260235784375 0.385679178125
0 0.1165464625 0.52523535 0.05174757343750001 0.5219066406249999 0.0326490984375 0.550145196875 0.0409570046875 0.5808802875 0.079167821875 0.5825446421875 0.11986130312500001 0.5609496359375 0.1165464625 0.52523535
0 0.11447988906249999 0.6050966546875001 0.1068654640625 0.6054988734375 0.10606102656250001 0.611906640625 0.1120665734375 0.6179121875 0.1160748953125 0.6159149625 0.118072121875 0.6099094140625 0.11447988906249999 0.6050966546875001
0 0.8816130328125 0 0.8690846046875 0.0175377078125 0.86327323125 0.030824809375 0.866588071875 0.08398708437499999 0.9097780859375 0.10889693125 0.9621081828125 0.1006028953125 0.9621081828125 0.029160454687499997 0.9553440703125 0 0.8816130328125 0
0 0.9513176140624999 0.8619759874999999 0.902316228125 0.8503532421875001 0.8690846046875 0.896871965625 0.86327323125 0.9101590671875 0.866588071875 0.9633213421875 0.9097780859375 0.9882311890625 0.9621081828125 0.979937153125 0.9621081828125 0.9084947124999999 0.9513176140624999 0.8619759874999999
0 0.5243828015625 0.0573990125 0.4604160890625 0.045776265625 0.40891816875 0.075679178125 0.39396671250000004 0.1379676671875 0.39563106718749996 0.1479399265625 0.42553398124999997 0.18864727812499998 0.49281553437500003 0.1869829234375 0.5576005546875 0.14710775 0.56257975 0.08979845625 0.5243828015625 0.0573990125
0 0.5598979125 1 0.56257975 0.969132715625 0.5243828015625 0.9367332703125 0.4604160890625 0.9251105234375 0.40891816875 0.9550134359375001 0.39811979062499997 1 0.5598979125 1
0 0.2610679609375 0.039132715624999995 0.21040221875 0.039964892187500003 0.177170596875 0.0806583734375 0.1788349515625 0.11139346406249999 0.1796671296875 0.16289138281249999 0.260235784375 0.173695821875 0.3084188625 0.13714935781249998 0.30925104062500003 0.0781757109375 0.2610679609375 0.039132715624999995
0 0.3086514625 1 0.30925104062500003 0.9575099687499999 0.2610679609375 0.9184669734375 0.21040221875 0.91929915 0.177170596875 0.9599926312499999 0.1788349515625 0.990727721875 0.1789847859375 1 0.3086514625 1
0 0.035143978125 0 0.0326490984375 0.009229803125 0.05174757343750001 0.037468359374999996 0.1165464625 0.03413965 0.119715153125 0 0.035143978125 0
0 0.0409570046875 0.8578289703124999 0.0326490984375 0.8885640609375001 0.05174757343750001 0.9168026171875001 0.1165464625 0.9134739078124999 0.11986130312500001 0.877759621875 0.079167821875 0.8561646156249999 0.0409570046875 0.8578289703124999
0 0.1120665734375 0.8207970703124999 0.10606102656250001 0.8268026171875 0.1068654640625 0.833210384375 0.11447988906249999 0.8336126046875 0.118072121875 0.82879984375 0.1160748953125 0.8227942968749999 0.1120665734375 0.8207970703124999