0 0.33214673906250003 0.35758893281250004 0.264755434375 0.37770750937500003 0.287206028125 0.4320553359375 0.3357040515625 0.42616600781249997 0.33214673906250003 0.35758893281250004
0 0.6364155140625 0.5086166015625 0.6030558296875 0.49747035625 0.5894985171875 0.5320553359375 0.6215933796875001 0.553043478125 0.6462969375000001 0.53822134375 0.6364155140625 0.5086166015625
0 0.8894985171875 0.1431620546875 0.8771665015625001 0.1468774703125 0.8674036562499999 0.17391304375 0.880842390625 0.198735178125 0.8944392296875 0.198735178125 0.9006052375 0.1727272734375 0.8894985171875 0.1431620546875
0 0.8956645249999999 0.041936759375 0.8821072140625 0.0481027671875 0.8623443671875 0.0740316203125 0.8919491109375001 0.0900790515625 0.9142020750000001 0.0764822140625 0.8956645249999999 0.041936759375
0 0.2327000984375 0.24687747031249999 0.22653409062500002 0.24687747031249999 0.21048665937500002 0.25675889375 0.2178779640625 0.26786561249999996 0.2327000984375 0.266640315625 0.2364155140625 0.2579841890625 0.2327000984375 0.24687747031249999
0 0.27222579062499996 0.24687747031249999 0.2623443671875 0.2505928859375 0.261119071875 0.27031620625 0.269735671875 0.2777470359375 0.28455780625 0.2728063234375 0.285783103125 0.2579841890625 0.27222579062499996 0.24687747031249999
0 0.48582262812500004 0.5396442687499999 0.44526926875 0.5387351781249999 0.45270009843750003 0.5609090906249999 0.4728186765625 0.5632806328125 0.48582262812500004 0.5396442687499999
0 0.3699728265625 0.5999209484375 0.3227000984375 0.5916205531250001 0.3250321140625 0.6306324109375 0.36285820156250004 0.6235573125 0.3699728265625 0.5999209484375
0 0.212739625 0.90252964375 0.185585475 0.8977865609375 0.169024209375 0.92968379375 0.21040760937499997 0.9391699609374999 0.212739625 0.90252964375
0 0.65957756875 0.8268774703125 0.6406447625 0.80675889375 0.615822628125 0.816245059375 0.63708745 0.8552173906249999 0.65957756875 0.8268774703125
0 0.604004446875 0.84106719375 0.600447134375 0.80675889375 0.56028903125 0.816245059375 0.5779965421875 0.843399209375 0.604004446875 0.84106719375
0 0.9006842890625 0.9639920953125 0.877047925 0.9226086953125 0.8380360671875 0.9604347828125 0.859340415625 0.984071146875 0.9006842890625 0.9639920953125
0 0.7541230234375 0.6897628453125 0.7387475296875 0.648379446875 0.699735671875 0.6389328062499999 0.706850296875 0.6672727265625 0.7364155140624999 0.70391304375 0.7541230234375 0.6897628453125
0 0.5839253953125 0.4143478265625 0.566178359375 0.37533596875 0.50708745 0.3635177859375 0.53309535625 0.4166798421875 0.5791823125 0.45924901250000005 0.5839253953125 0.4143478265625
0 0.45032855781250003 0.2713043484375 0.44918231249999996 0.21577075156249997 0.405427371875 0.2299209484375 0.4077989125 0.2583003953125 0.45032855781250003 0.2713043484375
0 0.43499258906250005 0.1590118578125 0.417245553125 0.0869169953125 0.3605261859375 0.07628458437499999 0.3191427859375 0.0904743078125 0.3167712453125 0.1424505921875 0.3451506921875 0.17557312187500002 0.3947949609375 0.17557312187500002 0.43499258906250005 0.1590118578125
0 0.9504076093749999 0.198735178125 0.96384634375 0.17391304375 0.9540834984375 0.1468774703125 0.9417514828125 0.1431620546875 0.9306447625000001 0.1727272734375 0.9368107703125 0.198735178125 0.9504076093749999 0.198735178125
0 0.9689056328125 0.0740316203125 0.9491427859374999 0.0481027671875 0.9355854750000001 0.041936759375 0.917047925 0.0764822140625 0.9393008890625 0.0900790515625 0.9689056328125 0.0740316203125
0 0.9542020750000001 0.9226086953125 0.9305657109375 0.9639920953125 0.9719095843750001 0.984071146875 0.9932139328125 0.9604347828125 0.9542020750000001 0.9226086953125