0 0.8052323953125 0.054088742187500004 0.8052323953125 0.09809314375 0.8345686640625001 0.1200953421875 0.8749060343749999 0.10542720781249999 0.8849903765624999 0.06050605 0.8547373468749999 0.0311697828125 0.8052323953125 0.054088742187500004
0 0.8474032828125001 0.694902821875 0.8574876234375 0.6756508953125 0.785980475 0.616978365625 0.72364090625 0.6288962234375 0.763978271875 0.6701503468750001 0.7658117875 0.6967363421874999 0.7896475046875 0.7086541984375 0.8474032828125001 0.694902821875
0 0.531121653125 0.5188852234375 0.5109529703125 0.47304730624999997 0.46969884687499996 0.4822148859375 0.4742826390625 0.5161349453125 0.488034009375 0.5463879703125001 0.513703246875 0.5463879703125001 0.531121653125 0.5188852234375
0 0.35693756875 0.39328932656250004 0.366105153125 0.44187752031249994 0.42202741093749996 0.43179317812500007 0.40644252031250006 0.3877887765625 0.35693756875 0.39328932656250004
0 0.34410295 0.6655665546875 0.383523559375 0.6197286390625 0.3807732875 0.6041437468749999 0.3386024015625 0.6087275390625 0.3120164109375 0.6261459453125 0.3211839953125 0.6545654546875 0.34410295 0.6655665546875
0 0.20567244062499998 0.6087275390625 0.22125733125 0.6041437468749999 0.2386757421875 0.560139346875 0.224007609375 0.537220390625 0.17908645 0.5225522578125 0.17450265781250002 0.5454712125000001 0.1836702421875 0.592225890625 0.20567244062499998 0.6087275390625
0 0.184587 0.2530253015625 0.19742161875 0.242024203125 0.19008755 0.20535386562500002 0.1323317765625 0.20902090156250003 0.11216308906250001 0.23285661875 0.1286647421875 0.25760909375 0.1525004609375 0.27502750468750004 0.184587 0.2530253015625
0 0.033321876562500005 0.8067473421875 0.0424894546875 0.8415841578125001 0.099328475 0.860836084375 0.1460831484375 0.8626695984375001 0.2010886484375 0.8470847078125001 0.230424915625 0.8067473421875 0.2285914015625 0.8049138265625 0.22767464375 0.7398239796875 0.1800032078125 0.6976530984375 0.12224743125 0.671983865625 0.06265813906249999 0.695819584375 0.036988906249999995 0.749908321875 0.033321876562500005 0.8067473421875
0 0.4550307125 0.980931425 0.4541139546875 1 0.488950771875 0.997433075 0.4742826390625 0.980931425 0.4550307125 0.980931425
0 0.24600980625000002 0.44921158906249997 0.22217409375 0.4336266984375 0.20292216875000002 0.4602126875 0.20200541093750002 0.47946461406249996 0.2285914015625 0.4849651640625 0.24600980625000002 0.44921158906249997
0 0.5412059953125 0.35661899531249996 0.5146200046875 0.32544921250000003 0.4852837375 0.3300330046875 0.493534559375 0.371287128125 0.5100362125 0.3813714703125 0.53387193125 0.3758709203125 0.5412059953125 0.35661899531249996
0 0.598045015625 0.523469015625 0.598045015625 0.5518885203125 0.629214796875 0.5463879703125001 0.6182136984375 0.5106343953125 0.598045015625 0.523469015625