0 0.4820375 0.3117 0.5039875 0.319 0.5247375 0.31779999999999997 0.5405875 0.30315 0.5478875000000001 0.2763 0.5332874999999999 0.24825 0.49913749999999996 0.2446 0.4820375 0.2519 0.4771375 0.2763 0.4820375 0.3117
0 0.7076875 0.76665 0.7089375 0.7618 0.7076875 0.7496 0.6930375 0.752 0.6918375 0.76545 0.6979375 0.7691 0.7076875 0.76665
0 0.5198375000000001 0.70565 0.5259375000000001 0.6898 0.5210874999999999 0.67885 0.5100875 0.6776 0.5039875 0.6898 0.5076375 0.7081000000000001 0.5198375000000001 0.70565
0 0.4451875 0.76535 0.4498875 0.7676999999999999 0.45873749999999996 0.76655 0.46223749999999997 0.7606499999999999 0.4610875 0.75065 0.4516375 0.75065 0.4439875 0.7518 0.4416375 0.7589 0.4451875 0.76535
0 0.5204875 0.8635999999999999 0.5287375 0.8523999999999999 0.5292875 0.8406499999999999 0.5210874999999999 0.8318 0.5122375 0.8359500000000001 0.5028374999999999 0.8471 0.5028374999999999 0.86065 0.5204875 0.8635999999999999
0 0.6987375 0.8676999999999999 0.6916375 0.85655 0.6804875 0.8618 0.6845875 0.8759499999999999 0.6939875 0.8789 0.6987375 0.8676999999999999
0 0.7434375 0.7783 0.7445875 0.7724 0.7398875 0.7624 0.7281375 0.7676999999999999 0.7275375000000001 0.7736 0.7322375 0.7824 0.7434375 0.7783
0 0.3972375 0.8106 0.40373749999999997 0.8076000000000001 0.4082375 0.8006 0.40673750000000003 0.7910999999999999 0.3992375 0.7881 0.3922375 0.7901 0.38973749999999996 0.7996000000000001 0.3892375 0.8070999999999999 0.3972375 0.8106
0 0.5765374999999999 0.11474999999999999 0.5815375 0.11525 0.5890375 0.11225 0.5925374999999999 0.10525 0.5870375 0.09775 0.5810375 0.09575 0.5735375 0.10024999999999999 0.5725374999999999 0.10425 0.5765374999999999 0.11474999999999999
0 0.6510374999999999 0.09125 0.6570375 0.09175 0.6610375000000001 0.08425 0.6600374999999999 0.07725 0.6550374999999999 0.07575 0.6490375 0.07725 0.6460375 0.08575 0.6510374999999999 0.09125
0 0.9213374999999999 0.752 0.9066875 0.7496 0.9054375 0.7618 0.9066875 0.76665 0.9164375 0.7691 0.9225375 0.76545 0.9213374999999999 0.752
0 0.9338875 0.8618 0.9227375 0.85655 0.9156375000000001 0.8676999999999999 0.9203875 0.8789 0.9297875 0.8759499999999999 0.9338875 0.8618
0 0.8862375 0.7676999999999999 0.8744875000000001 0.7624 0.8697874999999999 0.7724 0.8709374999999999 0.7783 0.8821375 0.7824 0.8868375000000001 0.7736 0.8862375 0.7676999999999999
0 0.9593375 0.07575 0.9543375 0.07725 0.9533375 0.08425 0.9573375000000001 0.09175 0.9633375 0.09125 0.9683375 0.08575 0.9653375000000001 0.07725 0.9593375 0.07575