0 0.71426900625 0.838918128125 0.7102923984375 0.811081871875 0.6814619890625 0.8269883046875 0.685438596875 0.8519005843749999 0.7053216375 0.8519005843749999 0.71426900625 0.838918128125
0 0.21368421093749998 0.8052923984374999 0.2146783625 0.8288011703124999 0.23257310000000003 0.847865496875 0.2629239765625 0.8411403515625 0.28076023437500003 0.8288011703124999 0.29315789531249997 0.8455847953125 0.32900584843749997 0.8242982453125001 0.36023391875 0.77394736875 0.3838596484375 0.7515497078125 0.37040935625000004 0.6876900578125 0.33894736875000003 0.6731286546875 0.29415204687499996 0.691081871875 0.2607017546875 0.7111988296875 0.20684210468750003 0.7616081875 0.24152046718750003 0.7862280703125 0.21368421093749998 0.8052923984374999
0 0.828421053125 0.3741812859375 0.8060233921875 0.3685672515625 0.8150292390624999 0.42342105312499995 0.8542105265625001 0.41669590625 0.861929825 0.3864619890625 0.828421053125 0.3741812859375
0 0.49573099374999996 0.2834795328125 0.5226315796875001 0.3148245609375 0.5326900578125 0.3271052625 0.5461403515625001 0.350614034375 0.5798245609375 0.342777778125 0.6078362578125 0.3361111109375 0.599883040625 0.3103216375 0.57298245625 0.2677485375 0.542865496875 0.2588011703125 0.538421053125 0.2341812859375 0.5069590640625 0.2621929828125 0.49573099374999996 0.2834795328125
0 0.5965497078124999 0.873596490625 0.6267836250000001 0.8646491234375 0.6593567250000001 0.8198538015624999 0.632456140625 0.81201754375 0.6040935671875001 0.7975146203125 0.568421053125 0.8016081875 0.5752631578125 0.8310233921875 0.587543859375 0.8388596484375 0.5965497078124999 0.873596490625
0 0.49029239843749994 0.441725146875 0.5321052625 0.4278070171875 0.5370760234375 0.401900584375 0.5261403515625 0.349152046875 0.4694152046875 0.3471637421875 0.42959064375 0.3830116953125 0.43555555625000003 0.4248245609375 0.49029239843749994 0.441725146875
0 0.332046784375 0.22172514687499997 0.3559064328125 0.1968713453125 0.32105263125 0.153070175 0.28023391875 0.16798245625 0.2692982453125 0.2058187140625 0.282222221875 0.23266081875000003 0.332046784375 0.22172514687499997
0 0.173742690625 0.3123099421875 0.214561403125 0.2834795328125 0.20859649062500002 0.2416666671875 0.15684210468749998 0.2436549703125 0.139883040625 0.2754678359375 0.14385964843750002 0.304356725 0.173742690625 0.3123099421875
0 0.108070175 0.278508771875 0.1100584796875 0.259561403125 0.093099415625 0.2227192984375 0.0413450296875 0.25160818749999997 0.0443274859375 0.3023684203125 0.0771929828125 0.32026315781250003 0.108070175 0.278508771875
0 0.14087719375000002 0.658742690625 0.1299415203125 0.6388596484375 0.0940935671875 0.6816666671875 0.09807017500000001 0.7104970765624999 0.1209941515625 0.7104970765624999 0.14087719375000002 0.658742690625
0 0.1130409359375 0.9056432750000001 0.1448538015625 0.8896783625 0.127953215625 0.8509064328125 0.0881286546875 0.838918128125 0.063216375 0.860847953125 0.08017543906249999 0.8947076015625001 0.1130409359375 0.9056432750000001
0 1 0.7103216375 0.9930409359375 0.6955847953125 0.9800584796875 0.7065204671875 0.9711111109375 0.7324269 0.978070175 0.7423684203125 0.9940350875 0.739385965625 0.9990058484375 0.7284502921875 1 0.7237719296875 1 0.7103216375
0 0 0.5838888890625 0.0234502921875 0.597046784375 0.05128655 0.5452923984375 0.0413450296875 0.5303216374999999 0.0054970765625 0.5442982453125 0 0.5749415203125 0 0.5838888890625
0 0.6504678359375 0.9331286546875001 0.6223976609374999 0.9483333328124999 0.6259064328124999 0.9705555562500001 0.6426900578125 0.9723684203125 0.6481286546875 0.9723684203125 0.659239765625 0.9623684203125 0.6504678359375 0.9331286546875001
0 0.6539502921875 1 0.659239765625 0.9823684203124999 0.6481286546875 0.9723684203125 0.6426900578125 0.9723684203125 0.6259064328124999 0.9741812859375001 0.6223976609374999 0.9964035093750001 0.6290373359375 1 0.6539502921875 1