0 0.1752659578125 0.6993617015625 0.170372340625 0.7079787234375 0.1789893609375 0.724042553125 0.1950531921875 0.724042553125 0.1950531921875 0.7018085109375 0.1752659578125 0.6993617015625
0 0.1690957453125 0.338882978125 0.1975 0.3438297875 0.1901063828125 0.30925531875 0.1604787234375 0.3166489359375 0.1690957453125 0.338882978125
0 0.235212765625 0.1211702125 0.1985638296875 0.1259042546875 0.170212765625 0.15069148906250002 0.1831914890625 0.19324468125 0.2151063828125 0.203882978125 0.25765957500000003 0.18143617031249998 0.242340425 0.145957446875 0.235212765625 0.1211702125
0 0.19978723437499998 0.5053191484374999 0.15601063906249998 0.5845212765625 0.2210638296875 0.636542553125 0.2848936171875 0.5856914890625 0.25648936093749997 0.52542553125 0.20329787187499998 0.513617021875 0.19978723437499998 0.5053191484374999
0 0.25648936093749997 0.7783510640625 0.296702128125 0.8008510640625 0.3534042546875 0.7878191484375 0.33808510625 0.732287234375 0.2836702125 0.7310638296875 0.25648936093749997 0.7783510640625
0 0.74941489375 0.7724468078125 0.7222340421875 0.7689361703125 0.6973936171874999 0.8138297874999999 0.7257446812499999 0.8575531921874999 0.7706914890625 0.8528191484375001 0.797872340625 0.8185638296875 0.7943085109375 0.7889893609375 0.74941489375 0.7724468078125
0 0.6012234046875 0.50058510625 0.5950531921875 0.485797871875 0.56292553125 0.47590425468750003 0.5456382984375 0.4906914890625 0.55925531875 0.51542553125 0.585159575 0.517872340625 0.5987234046875 0.51292553125 0.6012234046875 0.50058510625
0 0.3641489359375 0.338882978125 0.35308510625 0.362340425 0.36292553125000004 0.36601063906250003 0.374042553125 0.3548936171875 0.3777659578125 0.335159575 0.3641489359375 0.338882978125
0 0.1135638296875 0.1524468078125 0.0777659578125 0.1524468078125 0.03824468125 0.162340425 0.0715957453125 0.20058510625 0.1160106390625 0.20925531875 0.139468084375 0.1870212765625 0.1135638296875 0.1524468078125
0 0.10489361718750001 0.4685106390625 0.174042553125 0.46973404218750003 0.1950531921875 0.438882978125 0.18143617031249998 0.4166489359375 0.1493617015625 0.41170212812500007 0.1493617015625 0.364787234375 0.13207446875 0.3438297875 0.0814361703125 0.38329787187500003 0.07526595781249999 0.43393617031250004 0.10489361718750001 0.4685106390625
0 0.25925531875 0.6561702125 0.276542553125 0.6388829781250001 0.261702128125 0.6277659578125 0.24441489375 0.6450531921875 0.25925531875 0.6561702125
0 0.732872340625 0.45686170156249994 0.7446808515625001 0.4391489359375 0.7825 0.40127659531250004 0.7990425531249999 0.3646808515625 0.7848936171875 0.30675531875 0.768297871875 0.26654255312499997 0.7304787234375001 0.2216489359375 0.6867553187500001 0.2629787234375 0.6288297875 0.3185638296875 0.6158510640625 0.35755319218750004 0.604787234375 0.4361702125 0.6425531921875 0.4765957453125 0.6914893609375 0.47074468124999996 0.732872340625 0.45686170156249994