0 0.27469120625 0.3320553359375 0.273465909375 0.314782609375 0.26113389374999996 0.3024110671875 0.24137104687500002 0.30735177812500003 0.238880928125 0.33822134375 0.257418478125 0.3468774703125 0.27469120625 0.3320553359375
0 0.7512524703125 0.45675889375 0.7327149203125 0.43699604687500004 0.7055607703125 0.46415019687500003 0.7203829046875 0.48268774687500005 0.7475370546875 0.4777470359375 0.7512524703125 0.45675889375
0 0.843821640625 0.9160079046874999 0.8537030624999999 0.9049011859375 0.8388809281249999 0.8728063234375 0.8178927859374999 0.8728063234375 0.798169465625 0.8900790515624999 0.8129916015624999 0.9110671937499999 0.843821640625 0.9160079046874999
0 0.56975049375 0.7604347828125 0.5500271734375 0.7493280625 0.5178927859375 0.7604347828125 0.5376556328125 0.781422925 0.5635844859375 0.7764822140625001 0.56975049375 0.7604347828125
0 0.385797925 0.3579841890625 0.41050148281250004 0.3407114625 0.4129916015625 0.3197233203125 0.3920034578125 0.3061264828125 0.3500271734375 0.3036758890625 0.3352050390625 0.33822134375 0.3524777671875 0.3616996046875 0.385797925 0.3579841890625
0 0.34014575156250004 0.1431620546875 0.3672999015625 0.1407114625 0.37469120624999996 0.1036758890625 0.3672999015625 0.0456521734375 0.3352050390625 0.0481027671875 0.31544219375 0.0876284578125 0.3105014828125 0.12833992031250002 0.34014575156250004 0.1431620546875
0 0.357418478125 0.2357707515625 0.36975049375 0.1863636359375 0.3524777671875 0.15675889375000002 0.30311017812499996 0.1913043484375 0.298169465625 0.241936759375 0.32409832031249997 0.2592094859375 0.357418478125 0.2357707515625
0 0.36852519687499996 0.427114625 0.4067860671875 0.4172332015625 0.41666749062499997 0.38268774687499996 0.41666749062499997 0.35549407187500004 0.38457262812500004 0.36043478281249997 0.358643775 0.3950197625 0.343821640625 0.4135177859375 0.36852519687499996 0.427114625
0 0.7529520749999999 0.33632411093750003 0.693861165625 0.350513834375 0.7009362640625 0.3835968375 0.7612524703125 0.37533596875 0.7529520749999999 0.33632411093750003
0 0.2944540515625 0.48268774687500005 0.2932287546875 0.453043478125 0.2722406125 0.46415019687500003 0.26975049375000004 0.48268774687500005 0.287062746875 0.493794465625 0.2944540515625 0.48268774687500005
0 0.3722406125 0.7863636359374999 0.414216896875 0.7863636359374999 0.430264328125 0.7505928859375001 0.419157609375 0.7024110671875 0.3932287546875 0.68391304375 0.330264328125 0.693794465625 0.3067860671875 0.7160079046875001 0.338880928125 0.7592094859375 0.3722406125 0.7863636359374999
0 1 0.8728063234375 0.9899481218749999 0.8728063234375 0.9751259875 0.9049011859375 0.9850074109375001 0.9160079046874999 1 0.913605246875 1 0.8728063234375