0 0.156511628125 0.48467587187500005 0.1632558140625 0.485373546875 0.1666511625 0.47788517500000005 0.1612558140625 0.475885175 0.1510697671875 0.472489825 0.14837209375 0.47653633749999996 0.1524186046875 0.485373546875 0.156511628125 0.48467587187500005
0 0.7987906984375 0.49955959375000003 0.8387441859375 0.472489825 0.8394418609375001 0.43523401093749997 0.8556744187499999 0.4054200578125 0.8712558140625 0.36816424375 0.8672093015625 0.358675871875 0.8252093015625 0.36002470937500003 0.77302325625 0.36202470937500003 0.741162790625 0.3762572671875 0.7425581390625 0.403373546875 0.7506511625 0.43248982500000005 0.7621860468749999 0.461652615625 0.7648837203125 0.48872238437500004 0.7750697671875 0.5002572671875 0.7987906984375 0.49955959375000003
0 0.7140930234375 0.53821075625 0.7439069765624999 0.5232805234375 0.7445581390625 0.5137921515625 0.741162790625 0.509047965625 0.719488371875 0.509047965625 0.68967441875 0.519885175 0.6754418609374999 0.525327034375 0.6815813953125 0.5449549421875 0.7140930234375 0.53821075625
0 0.5047441859374999 0.5585363375 0.52437209375 0.5436061046875 0.5433488375 0.53751308125 0.541302325 0.506350290625 0.531162790625 0.4785828484375 0.5 0.4690944765625 0.4735813953125 0.49486191875 0.47083720937500007 0.526024709375 0.47967441875 0.556489825 0.5047441859374999 0.5585363375
0 0.237813953125 0.5808619187499999 0.2533953484375 0.5876526156249999 0.26148837187499996 0.5822572671875 0.25674418593750004 0.5747688953125001 0.252697675 0.5449549421875 0.24051162812500002 0.54021075625 0.22558139531250002 0.5571875000000001 0.220837209375 0.5734200578124999 0.22967441875 0.5863037796875 0.2350697671875 0.5761177328125 0.237813953125 0.5808619187499999
0 0.20051162812499998 0.465047965625 0.21339534843750002 0.46639680156249996 0.2154418609375 0.45755959375 0.21409302343749997 0.45351308125 0.20525581406249999 0.4474200578125 0.1937674421875 0.4480712203125 0.1924186046875 0.4589084296875 0.20051162812499998 0.465047965625
0 0.1510697671875 0.9618851749999999 0.1612558140625 0.958489825 0.1666511625 0.956489825 0.1632558140625 0.9490014531250001 0.156511628125 0.949699128125 0.1524186046875 0.9490014531250001 0.14837209375 0.9578386625 0.1510697671875 0.9618851749999999
0 0.1510697671875 0.0967688953125 0.1612558140625 0.093373546875 0.1666511625 0.091373546875 0.1632558140625 0.083885175 0.156511628125 0.0845828484375 0.1524186046875 0.083885175 0.14837209375 0.092722384375 0.1510697671875 0.0967688953125
0 0.8399095593749999 1 0.8394418609375001 0.9991409890625 0.8387441859375 0.9618851749999999 0.7987906984375 0.93481540625 0.7750697671875 0.9341177328124999 0.7648837203125 0.945652615625 0.7621860468749999 0.972722384375 0.7513968140625 1 0.8399095593749999 1
0 0.7621860468749999 0.10760610468750001 0.7506511625 0.1367688953125 0.7425581390625 0.165885175 0.741162790625 0.193001453125 0.77302325625 0.2072340109375 0.8252093015625 0.2092340109375 0.8672093015625 0.2105828484375 0.8712558140625 0.2010944765625 0.8556744187499999 0.1638386625 0.8394418609375001 0.134024709375 0.8387441859375 0.0967688953125 0.7987906984375 0.069699128125 0.7750697671875 0.069001453125 0.7648837203125 0.0805363375 0.7621860468749999 0.10760610468750001
0 0.68967441875 0.9144898250000001 0.719488371875 0.925327034375 0.741162790625 0.925327034375 0.7445581390625 0.9205828484374999 0.7439069765624999 0.9110944765625 0.7140930234375 0.89616424375 0.6815813953125 0.8894200578125 0.6754418609374999 0.909047965625 0.68967441875 0.9144898250000001
0 0.68967441875 0.049373546875 0.719488371875 0.06021075625 0.741162790625 0.06021075625 0.7445581390625 0.0554665703125 0.7439069765624999 0.0459781984375 0.7140930234375 0.031047965625 0.6815813953125 0.0243037796875 0.6754418609374999 0.0439316859375 0.68967441875 0.049373546875
0 0.4735813953125 0.93951308125 0.5 0.9652805234375 0.531162790625 0.9557921515625001 0.541302325 0.928024709375 0.5433488375 0.89686191875 0.52437209375 0.8907688953124999 0.5047441859374999 0.8758386625 0.47967441875 0.877885175 0.47083720937500007 0.9083502906250001 0.4735813953125 0.93951308125
0 0.4735813953125 0.0743968015625 0.5 0.10016424374999999 0.531162790625 0.09067587187500001 0.541302325 0.0629084296875 0.5433488375 0.0317456390625 0.52437209375 0.025652615625000003 0.5047441859374999 0.010722384375000001 0.47967441875 0.0127688953125 0.47083720937500007 0.0432340109375 0.4735813953125 0.0743968015625
0 0.220837209375 0.8609549421875 0.22558139531250002 0.8771875 0.24051162812500002 0.89416424375 0.252697675 0.8894200578125 0.25674418593750004 0.8596061046875001 0.26148837187499996 0.8521177328125 0.2533953484375 0.846722384375 0.237813953125 0.85351308125 0.2350697671875 0.8582572671875001 0.22967441875 0.8480712203125 0.220837209375 0.8609549421875
0 0.2220534171875 0 0.22558139531250002 0.0120712203125 0.24051162812500002 0.029047965624999998 0.252697675 0.0243037796875 0.25599631562499997 0 0.2220534171875 0
0 0.20525581406249999 0.9869549421875 0.21409302343749997 0.98086191875 0.2154418609375 0.9768154062500001 0.21339534843750002 0.9679781984375 0.20051162812499998 0.9693270343749999 0.1924186046875 0.9754665703125 0.1937674421875 0.9863037796875 0.20525581406249999 0.9869549421875
0 0.20525581406249999 0.1218386625 0.21409302343749997 0.11574563906249999 0.2154418609375 0.111699128125 0.21339534843750002 0.10286191874999999 0.20051162812499998 0.10421075625000001 0.1924186046875 0.11035029062499999 0.1937674421875 0.1211875 0.20525581406249999 0.1218386625