0 0.3185380109375 0.8269883046875 0.28970760156250003 0.811081871875 0.28573099375 0.838918128125 0.2946783625 0.8519005843749999 0.314561403125 0.8519005843749999 0.3185380109375 0.8269883046875
0 0.7392982453125 0.7111988296875 0.7058479531249999 0.691081871875 0.66105263125 0.6731286546875 0.6295906437500001 0.6876900578125 0.6161403515625 0.7515497078125 0.63976608125 0.77394736875 0.6709941515625 0.8242982453125001 0.7068421046875 0.8455847953125 0.719239765625 0.8288011703124999 0.7370760234375 0.8411403515625 0.7674269 0.847865496875 0.7853216375 0.8288011703124999 0.7863157890625 0.8052923984374999 0.7584795328125 0.7862280703125 0.7931578953125 0.7616081875 0.7392982453125 0.7111988296875
0 0.1849707609375 0.42342105312499995 0.19397660781249998 0.3685672515625 0.171578946875 0.3741812859375 0.13807017500000002 0.3864619890625 0.14578947343749998 0.41669590625 0.1849707609375 0.42342105312499995
0 0.457134503125 0.2588011703125 0.42701754375 0.2677485375 0.400116959375 0.3103216375 0.3921637421875 0.3361111109375 0.4201754390625 0.342777778125 0.4538596484375 0.350614034375 0.46730994218750005 0.3271052625 0.4773684203125 0.3148245609375 0.50426900625 0.2834795328125 0.4930409359375 0.2621929828125 0.461578946875 0.2341812859375 0.457134503125 0.2588011703125
0 0.43157894687500004 0.8016081875 0.39590643281250004 0.7975146203125 0.367543859375 0.81201754375 0.340643275 0.8198538015624999 0.373216375 0.8646491234375 0.4034502921875 0.873596490625 0.41245614062499997 0.8388596484375 0.42473684218749996 0.8310233921875 0.43157894687500004 0.8016081875
0 0.5305847953125 0.3471637421875 0.4738596484375 0.349152046875 0.4629239765625 0.401900584375 0.4678947375 0.4278070171875 0.5097076015625001 0.441725146875 0.56444444375 0.4248245609375 0.57040935625 0.3830116953125 0.5305847953125 0.3471637421875
0 0.71976608125 0.16798245625 0.6789473687500001 0.153070175 0.6440935671875 0.1968713453125 0.667953215625 0.22172514687499997 0.717777778125 0.23266081875000003 0.7307017546875 0.2058187140625 0.71976608125 0.16798245625
0 0.8431578953125 0.2436549703125 0.791403509375 0.2416666671875 0.785438596875 0.2834795328125 0.826257309375 0.3123099421875 0.8561403515625001 0.304356725 0.8601169593750001 0.2754678359375 0.8431578953125 0.2436549703125
0 0.9586549703125 0.25160818749999997 0.906900584375 0.2227192984375 0.8899415203125001 0.259561403125 0.8919298250000001 0.278508771875 0.9228070171875 0.32026315781250003 0.9556725140625 0.3023684203125 0.9586549703125 0.25160818749999997
0 0.9059064328125 0.6816666671875 0.8700584796875 0.6388596484375 0.85912280625 0.658742690625 0.8790058484375001 0.7104970765624999 0.9019298250000001 0.7104970765624999 0.9059064328125 0.6816666671875
0 0.9118713453125 0.838918128125 0.872046784375 0.8509064328125 0.8551461984375001 0.8896783625 0.8869590640625 0.9056432750000001 0.9198245609375 0.8947076015625001 0.936783625 0.860847953125 0.9118713453125 0.838918128125
0 0 0.7237719296875 0.0009941515625 0.7284502921875 0.0059649125 0.739385965625 0.021929825 0.7423684203125 0.0288888890625 0.7324269 0.0199415203125 0.7065204671875 0.006959064062500001 0.6955847953125 0 0.7103216375 0 0.7237719296875
0 1 0.5749415203125 0.9945029234374999 0.5442982453125 0.9586549703125 0.5303216374999999 0.94871345 0.5452923984375 0.9765497078125 0.597046784375 1 0.5838888890625 1 0.5749415203125
0 0.3573099421875 0.9723684203125 0.3740935671875 0.9705555562500001 0.37760233906249996 0.9483333328124999 0.3495321640625 0.9331286546875001 0.34076023437499997 0.9623684203125 0.35187134531250003 0.9723684203125 0.3573099421875 0.9723684203125
0 0.3709626640625 1 0.37760233906249996 0.9964035093750001 0.3740935671875 0.9741812859375001 0.3573099421875 0.9723684203125 0.35187134531250003 0.9723684203125 0.34076023437499997 0.9823684203124999 0.3460497078125 1 0.3709626640625 1