0 0.5132795703124999 0.5986559140625001 0.48446236562499995 0.5820430109375 0.47451612968749995 0.60752688125 0.4988709671875 0.6152688171875 0.5132795703124999 0.5986559140625001
0 0.6825806453125 0.1125806453125 0.6995698921875 0.07967741874999999 0.6942473125 0.0552688171875 0.65392473125 0.0542473125 0.6220967734375 0.064838709375 0.64860215 0.10516129062499999 0.6825806453125 0.1125806453125
0 0.47139784999999995 0.23360215 0.42467741875 0.23677419375 0.40451612968750006 0.253763440625 0.4183333328125 0.2855913984375 0.4586559140625 0.287688171875 0.47139784999999995 0.23360215
0 0.2092473125 0.0955913984375 0.184838709375 0.0605913984375 0.1455913984375 0.056344085937499996 0.13177419375 0.09139785 0.2092473125 0.0955913984375
0 0.0935483875 0.398064515625 0.095698925 0.3704838703125 0.056451612500000005 0.372634409375 0.0627956984375 0.39381720468750003 0.0935483875 0.398064515625
0 0.7197311828124999 0.5243548390625 0.712311828125 0.5105913984375 0.6974193546875 0.5074193546875 0.6794086015625 0.5275806453125 0.6984946234375 0.5370967734375001 0.7197311828124999 0.5243548390625
0 0.7611290328125 0.586989246875 0.7420430109375 0.554086021875 0.73247311875 0.550913978125 0.706989246875 0.5604838703125 0.6847311828125 0.591236559375 0.711236559375 0.60182795625 0.7611290328125 0.586989246875
0 0.4607526875 0.68462365625 0.4183333328125 0.705860215625 0.3960215046875 0.7101075265625 0.39284946249999997 0.7334408609375 0.40451612968750006 0.75677419375 0.44806451562499994 0.7355913984375 0.47774193593750003 0.7610215046875 0.49048387031249996 0.737688171875 0.4607526875 0.68462365625
0 0.7420430109375 0.7822580640625 0.6974193546875 0.7844086015625 0.6794086015625 0.7833333328125 0.673010753125 0.8119892468750001 0.6879032265625 0.8258064515625 0.6825806453125 0.8554838703125001 0.73247311875 0.8502150531250001 0.7420430109375 0.7822580640625
0 0.3247311828125 0.5290322578125 0.2892473125 0.4768817203125 0.21881720468750002 0.47344086093750004 0.22408602187499999 0.5116666671875 0.2379032265625 0.5636559140624999 0.298387096875 0.590860215625 0.3247311828125 0.5290322578125
0 0.61639785 0.376989246875 0.5997311828125 0.366989246875 0.57317204375 0.38032258125 0.57537634375 0.42682795625000003 0.6208064515625 0.44236559062499997 0.6263440859375 0.420215053125 0.61639785 0.376989246875
0 0.80817204375 0.1652688171875 0.7638172046875 0.163064515625 0.7748924734375 0.18962365625 0.7959677421875 0.227311828125 0.8480645156250001 0.25392473125000004 0.9090322578125001 0.2384408609375 0.9179032265625 0.20295698906249998 0.9123655906250001 0.16967741875 0.892365590625 0.15526881718750002 0.8735483875 0.16967741875 0.8713440859375 0.20295698906249998 0.856935484375 0.20962365625 0.8347311828124999 0.174139784375 0.80817204375 0.1652688171875
0 0.2395161296875 0.750537634375 0.217311828125 0.7227956984375 0.1929569890625 0.7361290328125001 0.20069892500000003 0.7571505375 0.2229032265625 0.7604838703125 0.2395161296875 0.750537634375
0 0.730537634375 0.6906451609375 0.6961827953124999 0.6962365593750001 0.6895161296875 0.6929032265624999 0.66182795625 0.7327956984374999 0.6695698921875 0.7660215046875 0.6995161296875 0.7638172046875 0.7272043015625 0.7472043015625001 0.7538172046875 0.718387096875 0.730537634375 0.6906451609375
0 0.643010753125 0.9090322578125001 0.61639785 0.9046236562500001 0.6041935484375001 0.9234408609375 0.61860215 0.9356451609375 0.643010753125 0.9311827953125 0.643010753125 0.9090322578125001
0 0.6452094609375 0 0.6220967734375 0.035161290625 0.65392473125 0.0457526875 0.6942473125 0.0447311828125 0.6995698921875 0.02032258125 0.689076534375 0 0.6452094609375 0
0 0.184838709375 0.0394086015625 0.2092473125 0.0044086015625 0.13177419375 0.00860215 0.1455913984375 0.0436559140625 0.184838709375 0.0394086015625
0 0.6041935484375001 0.9722580640625 0.61639785 0.9910752687500001 0.643010753125 0.9866666671875001 0.643010753125 0.9645161296874999 0.61860215 0.9600537640625 0.6041935484375001 0.9722580640625