0 0.6353229406249999 0.348324053125 0.6095768374999999 0.3076781734375 0.5783964359375 0.3185244984375 0.5601113578125 0.288702671875 0.4828730515625 0.3042928734375 0.48356347499999996 0.32190979999999997 0.49236080156249995 0.3598385296875 0.489643653125 0.38084075781250004 0.5011581296875 0.4099721609375 0.56080178125 0.4740256125 0.6062360796874999 0.43059576875000005 0.6659242765625 0.43839086875 0.6376391984375 0.3815979953125 0.6353229406249999 0.348324053125
0 0.2432071265625 0.40364699374999996 0.2037416484375 0.3699944328125 0.175278396875 0.3564532296875 0.1346325171875 0.38422605781249997 0.0957683734375 0.3971881953125 0.0650334078125 0.4123329625 0.043207126562499996 0.42458240468749997 0.057394209375000005 0.48923719375 0.077728284375 0.50698775 0.1095768375 0.4976336296875 0.132516703125 0.49407015625 0.1532293984375 0.48293429843749996 0.20512249374999997 0.493624721875 0.2336302890625 0.48382516718749996 0.24788418750000002 0.44952672656250003 0.2432071265625 0.40364699374999996
0 0.8250111359375 0.4458741640625 0.752516703125 0.43979398593749996 0.7281291765625 0.4513084625 0.7193318484375 0.4716202671875 0.6854565703125 0.514983296875 0.68207126875 0.552243875 0.703073496875 0.596297328125 0.7315144765625 0.6145824046875 0.8073942093750001 0.6159409796875 0.8304454343750001 0.6084799546874999 0.8433184859375 0.5820657015624999 0.8751447656250001 0.547522271875 0.8954788421875 0.5190590203125 0.9002227171875001 0.4560523390625 0.8616035640625 0.463491090625 0.8250111359375 0.4458741640625
0 0.7983741640625001 0.407165925 0.7810467703125 0.3834242765625 0.7723830734375 0.38471603593750003 0.7675723828125001 0.401375278125 0.7807349671875 0.416141425 0.7983741640625001 0.407165925
0 0.8310022265624999 0.6297049 0.8160356343749999 0.6264977734375 0.8082850781250001 0.6315757234375 0.809086859375 0.646542315625 0.8200445437500001 0.6486804015625001 0.8307349671875001 0.6438697109375 0.8310022265624999 0.6297049
0 0.6348997765625 0.47199888593750006 0.6212694875 0.4659409796875 0.6133184859374999 0.4682126953125 0.6201336296875 0.481085746875 0.6348997765625 0.47199888593750006
0 0.7315144765625 0.3747383078125 0.7132293984375 0.3747383078125 0.7010244984375 0.38966035625 0.6846325171875 0.40253340781249997 0.702227171875 0.421464365625 0.7329621375 0.4134465484375 0.7315144765625 0.3747383078125
0 0.6062360796874999 0.044404231249999995 0.56080178125 0.0009743875000000001 0.5011581296875 0.06502783906250001 0.489643653125 0.0941592421875 0.49236080156249995 0.11516147031249999 0.48356347499999996 0.1530902 0.4828730515625 0.1707071265625 0.5601113578125 0.186297328125 0.5783964359375 0.1564755015625 0.6095768374999999 0.1673218265625 0.6353229406249999 0.126675946875 0.6376391984375 0.0934020046875 0.6659242765625 0.036609131249999996 0.6062360796874999 0.044404231249999995
0 0.054270167187499996 0 0.043207126562499996 0.050417595312499994 0.0650334078125 0.0626670375 0.0957683734375 0.0778118046875 0.1346325171875 0.0907739421875 0.175278396875 0.11854677031250001 0.2037416484375 0.10500556718750001 0.2432071265625 0.07135300624999999 0.24788418750000002 0.0254732734375 0.237297890625 0 0.054270167187499996 0
0 0.8935416953124999 1 0.8751447656250001 0.9742483296875 0.8433184859375 0.9397049000000001 0.8304454343750001 0.9132906453125 0.8073942093750001 0.9058296218749999 0.7315144765625 0.9071881953125001 0.703073496875 0.9254732734375001 0.68207126875 0.9695267265625 0.6848399109375001 1 0.8935416953124999 1
0 0.7723830734375 0.0902839640625 0.7810467703125 0.0915757234375 0.7983741640625001 0.06783407500000001 0.7807349671875 0.058858575 0.7675723828125001 0.073624721875 0.7723830734375 0.0902839640625
0 0.809086859375 0.8752282843750001 0.8082850781250001 0.8901948781250001 0.8160356343749999 0.895272828125 0.8310022265624999 0.8920657015625 0.8307349671875001 0.8779008906250001 0.8200445437500001 0.8730902 0.809086859375 0.8752282843750001
0 0.6169117640625 0 0.6133184859374999 0.0067873046875 0.6212694875 0.0090590203125 0.6348997765625 0.0030011140625 0.6300229671875 0 0.6169117640625 0
0 0.6846325171875 0.0724665921875 0.7010244984375 0.08533964375 0.7132293984375 0.1002616921875 0.7315144765625 0.1002616921875 0.7329621375 0.06155345156249999 0.702227171875 0.053535634374999995 0.6846325171875 0.0724665921875