0 0.8025628140625001 0.20154836718750002 0.762361809375 0.2160458546875 0.7545477390625 0.258483040625 0.7936432156250001 0.2674277640625 0.82723618125 0.24509107968750002 0.8237939703125001 0.20265389374999998 0.8025628140625001 0.20154836718750002
0 0.2514572859375 0.690518215625 0.19693467343749999 0.6808951000000001 0.1274371859375 0.7226036437500001 0.087889446875 0.7546639453124999 0.068643215625 0.7696388187500001 0.06437185937499999 0.79210113125 0.07826633125 0.8091865578125 0.05778894531249999 0.8795383171875001 0.10427135624999999 0.870744346875 0.130653265625 0.8953674625 0.1712814078125 0.8936589203124999 0.1873115578125 0.891523240625 0.2589447234375 0.871221734375 0.28675879375 0.8487594218750001 0.303869346875 0.82310615625 0.3049246234375 0.79210113125 0.3027889453125 0.760015703125 0.28675879375 0.7226036437500001 0.2514572859375 0.690518215625
0 0.561356784375 0.22946293906249998 0.544623115625 0.2160458546875 0.5334422109375 0.2160458546875 0.5323366828125 0.23391017656250002 0.544623115625 0.2473272609375 0.561356784375 0.22946293906249998
0 0.611608040625 0.1669252515625 0.6005527640625 0.1334076640625 0.5871608046875 0.1334076640625 0.59374371875 0.168030778125 0.611608040625 0.1669252515625
0 0.6988190953125 0.2171765078125 0.69424623125 0.2484327890625 0.6853266328125 0.2763473625 0.7077638187499999 0.27411118125 0.7344472359374999 0.2573775125 0.72896985 0.22385992500000002 0.7166834171875001 0.2138096734375 0.6988190953125 0.2171765078125
0 0.5859296484375001 0.046875 0.573643215625 0.0496639453125 0.58826633125 0.0641865578125 0.5983165828125 0.0664227390625 0.608366834375 0.053005653124999996 0.611608040625 0.0485584171875 0.6082914578125 0.046875 0.5859296484375001 0.046875
0 0.8886683421875 0.2495634421875 0.8596231156249999 0.2305684671875 0.8495728640625 0.25624685937499997 0.862864321875 0.292000628125 0.9064321609375 0.323256909375 0.9087688437500001 0.3009202265625 0.8886683421875 0.2495634421875
0 0.37376884375 0.2004177140625 0.3448241203125 0.19260364375 0.34025125625 0.204890075 0.3424874375 0.23614635625 0.359346734375 0.2517996234375 0.3783417078125 0.24061871875000002 0.37376884375 0.2004177140625
0 0.9153517593749999 0.4851664578125 0.8897738687500001 0.46172424687499997 0.8618592968750001 0.4818247484375 0.8729145734375001 0.5164478640625 0.9030653265625 0.5197895734375 0.9153517593749999 0.4851664578125
0 0.8417587937500001 0.31991520156250003 0.8194221109375001 0.3187845484375 0.8082914578124999 0.34009107968749996 0.833844221875 0.358985553125 0.865100503125 0.3511714828125 0.8708040203125 0.34112123125 0.8417587937500001 0.31991520156250003
0 0.5391457281250001 0.39584484999999997 0.5233919593749999 0.38245288906249997 0.51223618125 0.39137248750000003 0.5156783921875 0.40589510000000006 0.5245226125 0.42710113125 0.54125628125 0.43046796406250004 0.5434924624999999 0.4170508796875 0.5391457281250001 0.39584484999999997
0 0.47660804062500006 0.6984579140625 0.46422110625 0.7074026375 0.45427135625000004 0.720744346875 0.47547738749999996 0.7531815328125 0.488894471875 0.7431312812499999 0.49000000000000005 0.7207945984374999 0.47660804062500006 0.6984579140625
0 0 0.2863222359375 0.0098241203125 0.3024026375 0.0440452265625 0.309890075 0.030150753125000002 0.2639101765625 0 0.282000628125 0 0.2863222359375
0 0.09324120625 0.56863379375 0.087889446875 0.5472518843749999 0.0515326640625 0.5151664578124999 0.05045226093750001 0.541900125 0.0579396984375 0.56863379375 0.09324120625 0.56863379375
0 0.350904521875 0.57290515 0.339145728125 0.5557945984375 0.2931658296875 0.5557945984375 0.29103015 0.5697141953125 0.3070603015625 0.5942870609375001 0.32952261250000003 0.59215138125 0.350904521875 0.57290515
0 0.4524623109375 0.3302167078125 0.4407035171875 0.32913630625 0.42680904531249997 0.3398398234375 0.4246733671875 0.3590860546875 0.4524623109375 0.3302167078125
0 0.41077889375 0.3665483671875 0.39045226093749996 0.36014133125000003 0.3626633171875 0.3900910796875 0.37336683437499996 0.4167996234375 0.396884421875 0.41896042656250004 0.4214572859375 0.401849875 0.41077889375 0.3665483671875
0 0.4225376890625 0.15808102968749999 0.40969849218750004 0.1634076640625 0.408643215625 0.1869503765625 0.41718592968749996 0.19014133125 0.4225376890625 0.15808102968749999
0 0.2675125625 0.1794629390625 0.2728391953125 0.2104679640625 0.2546733671875 0.2297141953125 0.26002512499999997 0.253231784375 0.265376884375 0.2735332921875 0.277135678125 0.2735332921875 0.28675879375 0.2660458546875 0.2899497484375 0.2542870609375 0.29208542656250003 0.211523240625 0.2824623109375 0.2083322859375 0.288894471875 0.15808102968749999 0.2675125625 0.1794629390625
0 0.6915326640624999 0.046875 0.6727135671875 0.0554177140625 0.6641708546875 0.06398555312500001 0.6481407031249999 0.08215138125 0.6406532656249999 0.090719221875 0.6876884421875 0.1249152015625 0.6994472359375 0.0842870609375 0.7122864328125 0.068256909375 0.710150753125 0.0500910796875 0.7018090453125 0.046875 0.6915326640624999 0.046875
0 0.8801507531249999 0.1751664578125 0.8694472359375001 0.16662374375 0.8502010046875 0.1602167078125 0.849145728125 0.1677041453125 0.8544723624999999 0.176246859375 0.856633165625 0.2061714828125 0.8801507531249999 0.1751664578125
0 0.608366834375 0.040744346875 0.5983165828125 0.027327260937499997 0.58826633125 0.0295634421875 0.573643215625 0.0440860546875 0.5859296484375001 0.046875 0.6082914578125 0.046875 0.611608040625 0.0451915828125 0.608366834375 0.040744346875
0 0.644821978125 0 0.6406532656249999 0.003030778125 0.6481407031249999 0.011598618750000001 0.6641708546875 0.029764446875 0.6727135671875 0.0383322859375 0.6915326640624999 0.046875 0.7018090453125 0.046875 0.710150753125 0.0436589203125 0.7122864328125 0.025493090625 0.6994472359375 0.0094629390625 0.6967084265625 0 0.644821978125 0