0 0.40626755625 0.8244943812500001 0.3922226125 0.8306741578124999 0.354020365625 0.8480898874999999 0.3534585671875 0.8874157296874999 0.378739465625 0.9160674156249999 0.44166081406249996 0.9093258421874999 0.458514746875 0.8610112359375 0.40626755625 0.8244943812500001
0 0.46581811875 0.104662921875 0.41727879218749997 0.1160112359375 0.3897507015625 0.15 0.4164360953125 0.20337078593750002 0.4844136234375 0.20337078593750002 0.5054248593749999 0.1580898875 0.46581811875 0.104662921875
0 0.514694521875 0.5014606734375 0.48323384843749995 0.49640449374999995 0.476492275 0.5211235953125 0.5034585671875 0.5306741578125 0.514694521875 0.5014606734375
0 0.41727879218749997 0.387022471875 0.36952598281250004 0.3999438203125 0.3663237359375 0.458202246875 0.383290028125 0.5067415734375 0.4083462078125 0.5188764046875 0.439132725 0.5148314609375 0.47553721875 0.4921910109375 0.5110990171875 0.4452808984375 0.5030091296875 0.419382021875 0.47469452187499994 0.3886516859375 0.41727879218749997 0.387022471875
0 0.547334971875 0.369157303125 0.5218293546874999 0.3379213484375 0.48817766875 0.36752809062499997 0.5194136234375 0.3880898875 0.547334971875 0.369157303125
0 0.610200140625 0.7368539328125 0.5849192421875 0.7171910109375 0.576492275 0.7346067421875 0.5832338484374999 0.753707865625 0.604020365625 0.758202246875 0.610200140625 0.7368539328125
0 0.1854810390625 0.9160674156249999 0.2107619375 0.8874157296874999 0.21020014062499998 0.8480898874999999 0.17199789375000002 0.8306741578124999 0.15795295 0.8244943812500001 0.1057057578125 0.8610112359375 0.12255969062500001 0.9093258421874999 0.1854810390625 0.9160674156249999
0 1 0.1105529796875 0.9748068812499999 0.104662921875 0.935200140625 0.1580898875 0.9562113765625 0.20337078593750002 1 0.20337078593750002 1 0.1105529796875
0 0.14778440937499998 0.20337078593750002 0.174469803125 0.15 0.1469417140625 0.1160112359375 0.0984023875 0.104662921875 0.0587956453125 0.1580898875 0.07980688124999999 0.20337078593750002 0.14778440937499998 0.20337078593750002
0 0.9573911515625 0.49640449374999995 0.925930478125 0.5014606734375 0.9371664328125 0.5306741578125 0.964132725 0.5211235953125 0.9573911515625 0.49640449374999995
0 0.0809866578125 0.49640449374999995 0.0495259828125 0.5014606734375 0.060761937499999995 0.5306741578125 0.0877282296875 0.5211235953125 0.0809866578125 0.49640449374999995
0 1 0.3876849375 0.965930478125 0.3886516859375 0.9376158703125 0.419382021875 0.9295259828125 0.4452808984375 0.9650877812499999 0.4921910109375 1 0.5139033953125 1 0.3876849375
0 0.053121489062500006 0.4452808984375 0.0886832859375 0.4921910109375 0.12508778125 0.5148314609375 0.1558742984375 0.5188764046875 0.18093047812500002 0.5067415734375 0.1978967703125 0.458202246875 0.194694521875 0.3999438203125 0.1469417140625 0.387022471875 0.0895259828125 0.3886516859375 0.061211376562499996 0.419382021875 0.053121489062500006 0.4452808984375
0 0.9187956453125 0.3379213484375 0.8932900281249999 0.369157303125 0.9212113765625001 0.3880898875 0.9524473312499999 0.36752809062499997 0.9187956453125 0.3379213484375
0 0.0423911515625 0.3379213484375 0.016885534375 0.369157303125 0.04480688125 0.3880898875 0.0760428375 0.36752809062499997 0.0423911515625 0.3379213484375
0 0.8641327249999999 0.7346067421875 0.8557057578125 0.7171910109375 0.830424859375 0.7368539328125 0.836604634375 0.758202246875 0.8573911515624999 0.753707865625 0.8641327249999999 0.7346067421875