0 0.6306516296875 0.62884476875 0.6827568921875 0.62292998125 0.713558896875 0.561325971875 0.71593985 0.4677420109375 0.6282706765625 0.459446271875 0.572606515625 0.53290491875 0.59511278125 0.5980427625 0.6306516296875 0.62884476875
0 0.925588971875 0.350473840625 0.924411028125 0.292428728125 0.8628070171875001 0.2971655703125 0.8426817046874999 0.3587695796875 0.8782205515625 0.37298010625 0.925588971875 0.350473840625
0 0.39964912343750003 0.606338503125 0.402030075 0.5767395046875 0.38899749375 0.555411184375 0.370050125 0.5672407578125 0.36293233125 0.587391134375 0.385438596875 0.6087194546875 0.39964912343750003 0.606338503125
0 0.129573934375 0.5731806078125 0.1662907265625 0.5637069234375 0.174586465625 0.555411184375 0.17102756875 0.5091956453125001 0.1141604015625 0.510398653125 0.105889725 0.530523965625 0.10942355937499999 0.55897008125 0.129573934375 0.5731806078125
0 0.1533333328125 0.5801229640625001 0.14310776875 0.5830803578125 0.14711779375 0.593456296875 0.1556641609375 0.5906994046875 0.1533333328125 0.5801229640625001
0 0.157969925 0.6065640671875 0.1586466171875 0.6002733390625 0.1536842109375 0.5966392546875 0.14606516249999998 0.5992958953125 0.14375939843750002 0.6045841171874999 0.1507017546875 0.6082182015625001 0.157969925 0.6065640671875
0 0.1602756890625 0.6161380015625 0.159949875 0.6091956453125 0.15433583906249998 0.6085440156249999 0.14706766875 0.610523965625 0.14706766875 0.614483865625 0.15203007500000001 0.6177921359375 0.1602756890625 0.6161380015625
0 0.5860713609375 0 0.572606515625 0.03897008125 0.6282706765625 0.112428728125 0.71593985 0.10413298906249999 0.713558896875 0.010549028125 0.7082843828125001 0 0.5860713609375 0
0 0.6282706765625 0.9645590531250001 0.71593985 0.9562633140625 0.713558896875 0.8626793546875 0.6827568921875 0.8010753453125 0.6306516296875 0.7951605578125001 0.59511278125 0.8259625625 0.572606515625 0.8911004078125 0.6282706765625 0.9645590531250001
0 0.8628070171875001 0.2747094296875 0.924411028125 0.27944627187500004 0.925588971875 0.221401159375 0.8782205515625 0.19889489375 0.8426817046874999 0.21310542031250002 0.8628070171875001 0.2747094296875
0 0.3684131546875 0 0.370050125 0.0046342421875 0.38899749375 0.016463815625 0.39905763906249997 0 0.3684131546875 0
0 0.370050125 0.8567645671875 0.38899749375 0.8685941421875001 0.402030075 0.8472658203125001 0.39964912343750003 0.8176668234375001 0.385438596875 0.8152858703125 0.36293233125 0.8366141921875 0.370050125 0.8567645671875
0 0.127722596875 0 0.10942355937499999 0.01290491875 0.105889725 0.041351034375 0.1141604015625 0.061476346875 0.17102756875 0.0626793546875 0.174586465625 0.016463815625 0.1662907265625 0.0081680765625 0.134634028125 0 0.127722596875 0
0 0.1141604015625 0.9136066734374999 0.17102756875 0.9148096796875 0.174586465625 0.8685941421875001 0.1662907265625 0.8602984015624999 0.129573934375 0.85082471875 0.10942355937499999 0.8650352437500001 0.105889725 0.8934813593750001 0.1141604015625 0.9136066734374999
0 0.14310776875 0.8409249687499999 0.1533333328125 0.8438823624999999 0.1556641609375 0.8333059203125 0.14711779375 0.830549028125 0.14310776875 0.8409249687499999
0 0.14606516249999998 0.8247094296874999 0.1536842109375 0.827366071875 0.1586466171875 0.8237319859375001 0.157969925 0.817441259375 0.1507017546875 0.8157871234374999 0.14375939843750002 0.819421209375 0.14606516249999998 0.8247094296874999
0 0.14706766875 0.813481359375 0.15433583906249998 0.8154613093749999 0.159949875 0.8148096796875001 0.1602756890625 0.8078673249999999 0.15203007500000001 0.8062131890625001 0.14706766875 0.8095214593750001 0.14706766875 0.813481359375