0 0.46814740625000006 0.649773584375 0.5355436328125001 0.7313207546875 0.5970153296875 0.7254339625 0.6691285375 0.7029433968750001 0.6821096703125 0.6084150937499999 0.6691285375 0.53984905625 0.6005625 0.4901886796875 0.5544492921875 0.49728301874999997 0.4942983484375 0.5207547171875 0.471694575 0.5670188671874999 0.46814740625000006 0.649773584375
0 0.327505896875 0.6107547171875 0.383053065625 0.6154716984374999 0.38599646249999997 0.5701886796875 0.3410908015625 0.5705660375 0.327505896875 0.6107547171875
0 0.435053065625 0.4535471703125 0.45278891562499995 0.48901886718750004 0.49241155625 0.48792452812500003 0.472788915625 0.43584905625000003 0.435053065625 0.4535471703125
0 0.35127948125 0.182641509375 0.385430425 0.2112452828125 0.4232417453125 0.1816981125 0.3795813671875 0.1407547171875 0.35127948125 0.182641509375
0 0.3369398578125 0.09622641562499999 0.3852417453125 0.122641509375 0.4278832546875 0.078490565625 0.384487028125 0.0539622640625 0.3369398578125 0.09622641562499999
0 0.3917323109375 0.851207546875 0.44056249999999997 0.854075471875 0.46814740625000006 0.8322641515625 0.4675813671875 0.825924528125 0.4348266515625 0.7644528296875001 0.373920990625 0.772490565625 0.3687511796875 0.8081132078125 0.3917323109375 0.851207546875
0 0 0.7296370875 0.0175813671875 0.7313207546875 0.08497759375 0.649773584375 0.081430425 0.5670188671874999 0.0588266515625 0.5207547171875 0 0.497799775 0 0.7296370875
0 0.8892417453125001 0.49728301874999997 0.8431285374999999 0.4901886796875 0.7745625 0.53984905625 0.7615813671875 0.6084150937499999 0.7745625 0.7029433968750001 0.8466757078124999 0.7254339625 0.90814740625 0.7313207546875 0.9755436328125 0.649773584375 0.9719964624999999 0.5670188671874999 0.9493926890625 0.5207547171875 0.8892417453125001 0.49728301874999997
0 0.17007193437499998 0.6154716984374999 0.22561910312500003 0.6107547171875 0.2120341984375 0.5705660375 0.1671285375 0.5701886796875 0.17007193437499998 0.6154716984374999
0 0.100336084375 0.48901886718750004 0.118071934375 0.4535471703125 0.080336084375 0.43584905625000003 0.06071344375 0.48792452812500003 0.100336084375 0.48901886718750004
0 1 0.4494959609375 0.9709021218749999 0.43584905625000003 0.95127948125 0.48792452812500003 0.990902121875 0.48901886718750004 1 0.47082311250000003 1 0.4494959609375
0 0.167694575 0.2112452828125 0.20184551874999998 0.182641509375 0.17354363281250001 0.1407547171875 0.1298832546875 0.1816981125 0.167694575 0.2112452828125
0 0.1678832546875 0.122641509375 0.21618514218749998 0.09622641562499999 0.16863797187500001 0.0539622640625 0.1252417453125 0.078490565625 0.1678832546875 0.122641509375
0 0.1182983484375 0.7644528296875001 0.0855436328125 0.825924528125 0.08497759375 0.8322641515625 0.11256250000000001 0.854075471875 0.16139268906249998 0.851207546875 0.1843738203125 0.8081132078125 0.179204009375 0.772490565625 0.1182983484375 0.7644528296875001