0 0.49236080156249995 0.6401614703125 0.48356347499999996 0.6780902 0.4828730515625 0.6957071265625 0.5601113578125 0.711297328125 0.5783964359375 0.6814755015625 0.6095768374999999 0.6923218265625 0.6353229406249999 0.651675946875 0.6376391984375 0.6184020046875001 0.6659242765625 0.56160913125 0.6062360796874999 0.56940423125 0.56080178125 0.5259743875 0.5011581296875 0.5900278390625 0.489643653125 0.6191592421875 0.49236080156249995 0.6401614703125
0 0.077728284375 0.49301225000000004 0.057394209375000005 0.51076280625 0.043207126562499996 0.5754175953125 0.0650334078125 0.5876670374999999 0.0957683734375 0.6028118046875 0.1346325171875 0.6157739421875 0.175278396875 0.6435467703125 0.2037416484375 0.6300055671875 0.2432071265625 0.59635300625 0.24788418750000002 0.5504732734375 0.2336302890625 0.5161748328125 0.20512249374999997 0.5063752781249999 0.1532293984375 0.5170657015625 0.132516703125 0.5059298437499999 0.1095768375 0.5023663703125 0.077728284375 0.49301225000000004
0 0.8073942093750001 0.3840590203125 0.7315144765625 0.38541759531249997 0.703073496875 0.403702671875 0.68207126875 0.447756125 0.6854565703125 0.485016703125 0.7193318484375 0.5283797328125 0.7281291765625 0.5486915375 0.752516703125 0.5602060140625 0.8250111359375 0.5541258359375 0.8616035640625 0.536508909375 0.9002227171875001 0.5439476609375 0.8954788421875 0.48094097968750005 0.8751447656250001 0.452477728125 0.8433184859375 0.4179342984375 0.8304454343750001 0.3915200453125 0.8073942093750001 0.3840590203125
0 0.7675723828125001 0.598624721875 0.7723830734375 0.6152839640625001 0.7810467703125 0.6165757234375 0.7983741640625001 0.5928340750000001 0.7807349671875 0.583858575 0.7675723828125001 0.598624721875
0 0.8307349671875001 0.3561302890625 0.8200445437500001 0.3513195984375 0.809086859375 0.353457684375 0.8082850781250001 0.3684242765625 0.8160356343749999 0.3735022265625 0.8310022265624999 0.3702951 0.8307349671875001 0.3561302890625
0 0.6212694875 0.5340590203125 0.6348997765625 0.5280011140624999 0.6201336296875 0.518914253125 0.6133184859374999 0.5317873046875 0.6212694875 0.5340590203125
0 0.7329621375 0.5865534515624999 0.702227171875 0.578535634375 0.6846325171875 0.5974665921875 0.7010244984375 0.6103396437499999 0.7132293984375 0.6252616921875 0.7315144765625 0.6252616921875 0.7329621375 0.5865534515624999
0 0.4828730515625 0.8292928734375 0.48356347499999996 0.8469098 0.49236080156249995 0.8848385296875 0.489643653125 0.9058407578125 0.5011581296875 0.9349721609375001 0.56080178125 0.9990256125 0.6062360796874999 0.95559576875 0.6659242765625 0.96339086875 0.6376391984375 0.9065979953125 0.6353229406249999 0.873324053125 0.6095768374999999 0.8326781734375001 0.5783964359375 0.8435244984375 0.5601113578125 0.813702671875 0.4828730515625 0.8292928734375
0 0.237297890625 1 0.24788418750000002 0.9745267265625 0.2432071265625 0.9286469937499999 0.2037416484375 0.8949944328124999 0.175278396875 0.8814532296875001 0.1346325171875 0.9092260578125 0.0957683734375 0.9221881953125 0.0650334078125 0.9373329625 0.043207126562499996 0.9495824046875001 0.054270167187499996 1 0.237297890625 1
0 0.6848399109375001 0 0.68207126875 0.030473273437499997 0.703073496875 0.0745267265625 0.7315144765625 0.0928118046875 0.8073942093750001 0.094170378125 0.8304454343750001 0.08670935468749999 0.8433184859375 0.060295100000000004 0.8751447656250001 0.025751670312500002 0.8935416953124999 0 0.6848399109375001 0
0 0.7807349671875 0.941141425 0.7983741640625001 0.932165925 0.7810467703125 0.9084242765624999 0.7723830734375 0.9097160359375 0.7675723828125001 0.926375278125 0.7807349671875 0.941141425
0 0.8200445437500001 0.12690980000000002 0.8307349671875001 0.12209910937499999 0.8310022265624999 0.10793429843749999 0.8160356343749999 0.104727171875 0.8082850781250001 0.109805121875 0.809086859375 0.124771715625 0.8200445437500001 0.12690980000000002
0 0.6300229671875 1 0.6348997765625 0.9969988859375001 0.6212694875 0.9909409796875 0.6133184859374999 0.9932126953125 0.6169117640625 1 0.6300229671875 1
0 0.702227171875 0.946464365625 0.7329621375 0.9384465484375 0.7315144765625 0.8997383078125001 0.7132293984375 0.8997383078125001 0.7010244984375 0.91466035625 0.6846325171875 0.9275334078125 0.702227171875 0.946464365625