0 0.61522405625 0.279056603125 0.500821540625 0.28985325 0.47275026249999996 0.3718867921875 0.5526244765625 0.4668553453125 0.658389675 0.430167715625 0.6756643078125 0.3459748421875 0.61522405625 0.279056603125
0 0.33029743125 0.12796645625 0.2741758390625 0.13660377343750002 0.26553852187500004 0.25316561875 0.2763351671875 0.276897275 0.315182128125 0.30712788281250003 0.40153432968749997 0.298490565625 0.43174397343750004 0.25964360625 0.4058529875 0.20781970625 0.39289701250000003 0.14092243124999998 0.33029743125 0.12796645625
0 0.5914714359375 0.520817609375 0.5591024640625 0.5359329140625 0.5504651468749999 0.5553459125 0.5591024640625 0.5920545078125 0.5612617921874999 0.6093081765624999 0.576377096875 0.6503354296875 0.5979494234375 0.6654297687499999 0.6260207015625 0.6568134171875 0.6303393609375 0.6287421390625 0.6432953359375 0.6179454921875001 0.6691863203125 0.563983228125 0.6519116875 0.53809224375 0.5914714359375 0.520817609375
0 0.5461255234375 0.588700209375 0.5365657749999999 0.5904402515625 0.5270269921875 0.6069182390625001 0.5279074953125 0.6285953875 0.5365657749999999 0.6398742140625 0.5443854828125 0.6398742140625 0.5530647281250001 0.6372746328125001 0.5530647281250001 0.607777778125 0.5461255234375 0.588700209375
0 0.6415343296875 0.7335639406250001 0.610318396875 0.7422431859375 0.597299528125 0.76654088125 0.6155175578125001 0.8081761000000001 0.6424148328125 0.802955975 0.654553196875 0.7786792453125 0.6415343296875 0.7335639406250001
0 0.6857691296875 0.8367924531250001 0.6580123171875 0.8324528296875 0.632855084375 0.85415094375 0.5955594859375 0.8793081765625 0.5990395703125 0.9296226421875 0.6181171390625 0.9599790359375 0.6788299265625 0.9712578609375001 0.7005280390624999 0.96865828125 0.730884434375 0.90880503125 0.7300248953125 0.8576100625 0.6857691296875 0.8367924531250001
0 0.290968290625 0.8546960171875 0.266377096875 0.8441509437500001 0.2518278296875 0.8642348015625 0.2688928203125 0.8812997906250001 0.28797038750000004 0.8812997906250001 0.297509171875 0.870251571875 0.290968290625 0.8546960171875
0 0.28696409843750004 0.678490565625 0.274909590625 0.6629350109375001 0.2643645171875 0.6739622640625 0.2613666140625 0.6805031453125 0.27943789375 0.69907756875 0.28696409843750004 0.678490565625
0 1 0.288161265625 0.9035259437500001 0.279056603125 0.8430856921875 0.3459748421875 0.860360325 0.430167715625 0.9661255234375 0.4668553453125 1 0.42657939375 1 0.288161265625
0 0.0555594859375 0.25964360625 0.0857691296875 0.298490565625 0.17212133125 0.30712788281250003 0.21096829062500003 0.276897275 0.2217649375 0.25316561875 0.21312762031250002 0.13660377343750002 0.1570060265625 0.12796645625 0.09440644687500001 0.14092243124999998 0.081450471875 0.20781970625 0.0555594859375 0.25964360625
0 0.8754546640624999 0.6179454921875001 0.8884106390625 0.6287421390625 0.8927292984375 0.6568134171875 0.9208005765625 0.6654297687499999 0.942372903125 0.6503354296875 0.9574882078125 0.6093081765624999 0.9596475359375001 0.5920545078125 0.968284853125 0.5553459125 0.9596475359375001 0.5359329140625 0.9272785640625001 0.520817609375 0.8668383125 0.53809224375 0.8495636796875001 0.563983228125 0.8754546640624999 0.6179454921875001
0 0.9743645171875001 0.6398742140625 0.9821842249999999 0.6398742140625 0.9908425046874999 0.6285953875 0.9917230078125 0.6069182390625001 0.9821842249999999 0.5904402515625 0.9726244765625 0.588700209375 0.9656852718750001 0.607777778125 0.9656852718750001 0.6372746328125001 0.9743645171875001 0.6398742140625
0 0.9032324421875 0.8081761000000001 0.921450471875 0.76654088125 0.9084316031249999 0.7422431859375 0.8772156703125 0.7335639406250001 0.864196803125 0.7786792453125 0.8763351671875 0.802955975 0.9032324421875 0.8081761000000001
0 0.8182219609375 0.96865828125 0.8399200734375001 0.9712578609375001 0.9006328609375001 0.9599790359375 0.9197104296875 0.9296226421875 0.9231905140625001 0.8793081765625 0.885894915625 0.85415094375 0.8607376828125 0.8324528296875 0.8329808703125 0.8367924531250001 0.7887251046875 0.8576100625 0.787865565625 0.90880503125 0.8182219609375 0.96865828125
0 0.21841063906249997 0.8812997906250001 0.23547562968750002 0.8642348015625 0.22092636250000003 0.8441509437500001 0.1963351671875 0.8546960171875 0.1897942875 0.870251571875 0.199333071875 0.8812997906250001 0.21841063906249997 0.8812997906250001
0 0.22293894062500003 0.6739622640625 0.2123938671875 0.6629350109375001 0.20033936093750002 0.678490565625 0.207865565625 0.69907756875 0.2259368453125 0.6805031453125 0.22293894062500003 0.6739622640625