0 0.7262244890625 0.42993622499999995 0.7368112250000001 0.4269005109375 0.7363010203125 0.4092474484375 0.7257142859375 0.4082525515625 0.720663265625 0.42437500000000006 0.7262244890625 0.42993622499999995
0 0.7039795921875001 0.436492346875 0.709540815625 0.432461734375 0.7085204078125 0.42085459218750004 0.6979336734375 0.42437500000000006 0.6954081624999999 0.43345663281249996 0.7039795921875001 0.436492346875
0 0.8348469390625001 0.3863392859375 0.872321428125 0.37761479531250003 0.8915051015625 0.354961734375 0.8949744890625 0.3174872453125 0.8871428578125 0.23383928593749997 0.8810459187499999 0.23121173437500003 0.8060969390625001 0.204196428125 0.7694897953125001 0.2076913265625 0.7416071421875 0.22338010156250002 0.7267857140625 0.272181121875 0.7363775515625 0.353227040625 0.7546683671875 0.39417091875 0.8348469390625001 0.3863392859375
0 0.6091836734375 0.5136352046875 0.614209184375 0.5055739796875 0.606147959375 0.4959821421875 0.5995918375 0.5065943875000001 0.6016071421875 0.5146556125 0.6091836734375 0.5136352046875
0 0.4921683671875 0.5035586734375 0.4750255109375 0.4970025515625 0.463443878125 0.49901785781249997 0.457882653125 0.5030484687500001 0.46242346875000007 0.5181760203125 0.4715051015625 0.525242346875 0.4835969390625 0.5237372453125 0.49369897968750004 0.517665815625 0.4921683671875 0.5035586734375
0 0.38551020468749997 0.5106505109375 0.3746428578125 0.5194005109375001 0.38551020468749997 0.5277933671875 0.3928571421875 0.521492346875 0.38551020468749997 0.5106505109375
0 0.3746428578125 0.546007653125 0.378852040625 0.5516198984375 0.38410714218750003 0.547053571875 0.3851530609375 0.544961734375 0.3816581625 0.5354974484375 0.37604591875 0.5390178578125 0.3746428578125 0.546007653125
0 0.42158163281250005 0.535165815625 0.42089285781249997 0.5425127546875 0.435586734375 0.54320153125 0.44714285781249996 0.5309566328125 0.4467857140625 0.5222066328125 0.43173469375 0.5267474484375 0.42158163281250005 0.535165815625
0 0.05798469375 0.597563775 0.071913265625 0.6394005109374999 0.09109693906250001 0.6681505109375 0.12594387812500002 0.67860969375 0.158188775 0.6733801015624999 0.16604591875000002 0.6672831625 0.1886989796875 0.6550892859374999 0.24795918437500003 0.636772959375 0.2636224484375 0.6115178578125 0.238367346875 0.5784056125 0.20525510156250001 0.5470280609375 0.1634183671875 0.5304719390625 0.098061225 0.5182780609375001 0.06757653125 0.5322066328124999 0.05798469375 0.597563775
0 0.6164795921875 0.8599872453125 0.6328316328125 0.8631760203125 0.63895408125 0.850625 0.6357397953125 0.84304846875 0.6258163265625 0.839553571875 0.6182397953125001 0.8450892859374999 0.6164795921875 0.8599872453125
0 1 0.4493239796875 0.996709184375 0.448992346875 0.9844642859375 0.45110969375 0.9743112249999999 0.46302295937500004 0.975 0.47983418437500003 0.987959184375 0.4861352046875 0.9970663265624999 0.48542091875000004 1 0.484553571875 1 0.4493239796875
0 0.727827784375 0 0.7416071421875 0.0453698984375 0.7694897953125001 0.0610586734375 0.8060969390625001 0.06455357187500001 0.8810459187499999 0.037538265625 0.8871428578125 0.0349107140625 0.8904114109375 0 0.727827784375 0
0 0.6328316328125 0.864757653125 0.6164795921875 0.867946428125 0.6182397953125001 0.8828443874999999 0.6258163265625 0.8883801015625 0.6357397953125 0.8848852046875001 0.63895408125 0.8773086734375 0.6328316328125 0.864757653125