0 0.758628953125 0.30735177812500003 0.7388661062499999 0.3024110671875 0.726534090625 0.314782609375 0.72530879375 0.3320553359375 0.742581521875 0.3468774703125 0.7611190718749999 0.33822134375 0.758628953125 0.30735177812500003
0 0.29443922968749997 0.46415019687500003 0.26728507968750004 0.43699604687500004 0.2487475296875 0.45675889375 0.2524629453125 0.4777470359375 0.2796170953125 0.48268774687500005 0.29443922968749997 0.46415019687500003
0 0.1821072140625 0.8728063234375 0.16111907187500002 0.8728063234375 0.1462969375 0.9049011859375 0.156178359375 0.9160079046874999 0.1870083984375 0.9110671937499999 0.20183053437499998 0.8900790515624999 0.1821072140625 0.8728063234375
0 0.48210721406249996 0.7604347828125 0.44997282656250004 0.7493280625 0.43024950625 0.7604347828125 0.4364155140625 0.7764822140625001 0.4623443671875 0.781422925 0.48210721406249996 0.7604347828125
0 0.6499728265625 0.3036758890625 0.6079965421875 0.3061264828125 0.5870083984375001 0.3197233203125 0.5894985171875 0.3407114625 0.614202075 0.3579841890625 0.6475222328125 0.3616996046875 0.6647949609375 0.33822134375 0.6499728265625 0.3036758890625
0 0.6647949609375 0.0481027671875 0.6327000984375 0.0456521734375 0.62530879375 0.1036758890625 0.6327000984375 0.1407114625 0.6598542484375 0.1431620546875 0.6894985171875 0.12833992031250002 0.68455780625 0.0876284578125 0.6647949609375 0.0481027671875
0 0.6968898218749999 0.1913043484375 0.6475222328125 0.15675889375000002 0.63024950625 0.1863636359375 0.6425815218750001 0.2357707515625 0.6759016796874999 0.2592094859375 0.701830534375 0.241936759375 0.6968898218749999 0.1913043484375
0 0.615427371875 0.36043478281249997 0.583332509375 0.35549407187500004 0.583332509375 0.38268774687499996 0.5932139328125 0.4172332015625 0.6314748031249999 0.427114625 0.656178359375 0.4135177859375 0.641356225 0.3950197625 0.615427371875 0.36043478281249997
0 0.306138834375 0.350513834375 0.247047925 0.33632411093750003 0.2387475296875 0.37533596875 0.2990637359375 0.3835968375 0.306138834375 0.350513834375
0 0.7277593875 0.46415019687500003 0.7067712453125 0.453043478125 0.7055459484375 0.48268774687500005 0.712937253125 0.493794465625 0.7302495062500001 0.48268774687500005 0.7277593875 0.46415019687500003
0 0.669735671875 0.693794465625 0.6067712453125 0.68391304375 0.580842390625 0.7024110671875 0.569735671875 0.7505928859375001 0.585783103125 0.7863636359374999 0.6277593875 0.7863636359374999 0.661119071875 0.7592094859375 0.6932139328125 0.7160079046875001 0.669735671875 0.693794465625
0 0 0.913605246875 0.0149925890625 0.9160079046874999 0.0248740125 0.9049011859375 0.010051878125 0.8728063234375 0 0.8728063234375 0 0.913605246875