0 0.7960579703125 0.713761775 0.790782609375 0.690457428125 0.756869565625 0.6893849640624999 0.7420579703125 0.7158777171875 0.7685217390625 0.727529890625 0.7960579703125 0.713761775
0 0.6382608703125 0.6713849640625 0.6191884062499999 0.6872690218749999 0.638231884375 0.6936168484375 0.6498840578125 0.6893849640624999 0.6382608703125 0.6713849640625
0 0.9602608703125 0.41929800781250004 0.9401159421875 0.39810960156249997 0.91681159375 0.43095018124999995 0.9390724640625001 0.44787771718749997 0.95918840625 0.435182065625 0.9602608703125 0.41929800781250004
0 0.49843478281250003 0.113182065625 0.47936231874999996 0.07610960156249999 0.4454782609375 0.079269021875 0.44336231875000004 0.1205733703125 0.47828985468749996 0.12906612343749999 0.49843478281250003 0.113182065625
0 0.7099420296875001 0.1890081515625 0.678492753125 0.2001385875 0.7058840578125001 0.2133269921875 0.72208695625 0.203182065625 0.7099420296875001 0.1890081515625
0 0.81710145 0.63495018125 0.7979710140625 0.605095109375 0.8217391296875001 0.5737907609375 0.8536231890625 0.578718296875 0.8245217390624999 0.5246893109374999 0.8032463765625 0.48005162968750004 0.7616521734374999 0.475993659375 0.714 0.501355978125 0.68463768125 0.5306023546875 0.669855071875 0.59639945625 0.7368115937499999 0.611182065625 0.762318840625 0.6384284421875 0.81710145 0.63495018125
0 0.0781159421875 0.67477626875 0.0933333328125 0.7061965578125 0.11057970937499999 0.7264864125 0.1237391296875 0.7335878625000001 0.1399710140625 0.749819746875 0.1663478265625 0.75184873125 0.1998260875 0.7619936593750001 0.245449275 0.7325733703124999 0.26371014531250003 0.7122835140625 0.280956521875 0.6757907609375 0.2890724640625 0.657529890625 0.295130434375 0.6372400359375 0.3042608703125 0.5885733703125 0.2910724640625 0.5703125 0.26269565156249997 0.5571240937499999 0.224144928125 0.53784873125 0.19881159375 0.5317907609375 0.139420290625 0.48190670312500006 0.0802898546875 0.524805253125 0.0565217390625 0.5955298906250001 0.0695652171875 0.64567481875 0.0781159421875 0.67477626875
0 0.48043478281249996 0.2519356890625 0.4677101453125 0.2265153984375 0.4285217390625 0.237095109375 0.42321739062499997 0.2657038046875 0.4634782609375 0.268863225 0.48043478281249996 0.2519356890625
0 0.304579709375 0.19367481875 0.304579709375 0.18732699218749999 0.298231884375 0.17460235468750002 0.280231884375 0.1820226453125 0.27281159375 0.20002264531249997 0.29611594218750004 0.20848641250000002 0.304579709375 0.19367481875
0 0.5071014500000001 0.1129211953125 0.4959420296875 0.13929800781249999 0.528405796875 0.1595878625 0.5334782609375 0.1261096015625 0.5071014500000001 0.1129211953125
0 0.052173912499999996 0.104167571875 0.0617101453125 0.1359356890625 0.0744347828125 0.16454438437500002 0.0722898546875 0.18784873124999998 0.108318840625 0.1941965578125 0.1284347828125 0.1846603265625 0.13162318906249998 0.16242844218750002 0.111507246875 0.151819746875 0.11889855 0.12639945625 0.12739130468749998 0.1137038046875 0.1146666671875 0.097819746875 0.10936231874999999 0.09039945625 0.0786666671875 0.0819356890625 0.06278260937499999 0.086167571875 0.052173912499999996 0.104167571875
0 0.7383188406250001 0.25796467343749996 0.717043478125 0.28126902187499997 0.7433913046875 0.294457428125 0.754550725 0.27216757187499996 0.7383188406250001 0.25796467343749996
0 0.819420290625 0.788863225 0.804550725 0.7656458328125 0.7802898546875 0.777269021875 0.7812463765625 0.7942545296875 0.8098260875 0.8006023546875 0.819420290625 0.788863225
0 0.9644927531249999 0.1544864125 0.9803768109375 0.1396458328125 0.972956521875 0.11529800781249999 0.954956521875 0.113182065625 0.9433043484375 0.12906612343749999 0.9496521734375 0.1481096015625 0.9644927531249999 0.1544864125
0 0.9486086953124999 0.11210960156250001 0.9570724640625 0.106805253125 0.9644927531249999 0.0983414859375 0.9613043484375 0.08457337031249999 0.9507246374999999 0.07396467343749999 0.9348405796874999 0.07396467343749999 0.9231884062500001 0.0930371375 0.9380000000000001 0.10787771718750001 0.9486086953124999 0.11210960156250001
0 0.790782609375 0.23605162968750001 0.8172463765625 0.2455588765625 0.8479710140625001 0.21909510937499999 0.8744637687499999 0.20109510937500003 0.875507246875 0.1862545296875 0.86281159375 0.16929800781249998 0.836318840625 0.17248641250000002 0.804550725 0.1841385875 0.7897101453125 0.2063704703125 0.790782609375 0.23605162968750001
0 0.5259710140625 0.5093269921875 0.5333913046875 0.501906703125 0.5270144921875 0.47329800781250003 0.5047826093750001 0.4690661234375 0.4846666671875 0.47860235468749995 0.482550725 0.5008342390625 0.5037101453124999 0.5167472828124999 0.5259710140625 0.5093269921875
0 0.6011594203125 0.7900226453125 0.599043478125 0.76141395 0.5852753625 0.7656458328125 0.572579709375 0.7772980078125 0.58 0.793182065625 0.6011594203125 0.7900226453125
0 0.4454782609375 0.061355978125 0.47936231874999996 0.06451539843750001 0.49843478281250003 0.027442934375 0.47828985468749996 0.0115588765625 0.44336231875000004 0.0200516296875 0.4454782609375 0.061355978125
0 0.49806521718749996 0 0.4959420296875 0.0013269921875 0.5071014500000001 0.0277038046875 0.5334782609375 0.014515398437499999 0.5312789578125 0 0.49806521718749996 0
0 0.0637958671875 0 0.0617101453125 0.0046893109375 0.052173912499999996 0.036457428125 0.06278260937499999 0.054457428125 0.0786666671875 0.0586893109375 0.10936231874999999 0.050225543750000004 0.1146666671875 0.042805253125 0.12739130468749998 0.0269211953125 0.11889855 0.01422554375 0.114762275 0 0.0637958671875 0
0 0.9471573062499999 0 0.9433043484375 0.0115588765625 0.954956521875 0.027442934375 0.972956521875 0.0253269921875 0.9803768109375 0.0009791671874999999 0.9793287953125001 0 0.9471573062499999 0
0 0.9348405796874999 0.06666032656250001 0.9507246374999999 0.06666032656250001 0.9613043484375 0.05605162968750001 0.9644927531249999 0.0422835140625 0.9570724640625 0.033819746875 0.9486086953124999 0.0285153984375 0.9380000000000001 0.0327472828125 0.9231884062500001 0.0475878625 0.9348405796874999 0.06666032656250001