0 0.524612084375 0.133411928125 0.5495219312499999 0.09022191406249999 0.5412278953125 0.037891817187499996 0.4697854546875 0.037891817187499996 0.4232667296875 0.0486823859375 0.41164398437500005 0.097683771875 0.4581627078125 0.13091539531250002 0.471449809375 0.13672676875 0.524612084375 0.133411928125
0 0.5885649265625 0.6043689328124999 0.629272278125 0.57446601875 0.6276079234374999 0.507184465625 0.58773275 0.44239944531250003 0.53042345625 0.43742025 0.4980240125 0.47561719843750005 0.48640126562499997 0.5395839109375 0.516304178125 0.59108183125 0.5785926671875 0.6060332875000001 0.5885649265625 0.6043689328124999
0 0.6035163828125001 0.8203328703125001 0.614320821875 0.7397642156249999 0.5777743578125001 0.6915811374999999 0.5188007109375 0.690748959375 0.479757715625 0.7389320390624999 0.48058989218750003 0.78959778125 0.5212833734375 0.822829403125 0.5520184640625 0.8211650484374999 0.6035163828125001 0.8203328703125001
0 0.4390503640625 0.880138696875 0.4174553578125 0.920832178125 0.4191197125 0.9590429953124999 0.44985480312500004 0.9673509015624999 0.478093359375 0.9482524265625001 0.47476465 0.8834535375 0.4390503640625 0.880138696875
0 0.3900905859375 0.8819278781250001 0.3840850375 0.8839251046875001 0.3820878125 0.8879334265625 0.388093359375 0.8939389734375001 0.39450112656249997 0.8931345359374999 0.39490334531250004 0.8855201109375 0.3900905859375 0.8819278781250001
0 1 0.0446559296875 0.9708395453125 0.037891817187499996 0.8993971046875 0.037891817187499996 0.89110306875 0.09022191406249999 0.9160129156249999 0.133411928125 0.9691751906249999 0.13672676875 0.9824622921874999 0.13091539531250002 1 0.1183869671875 1 0.0446559296875
0 0.1496467578125 0.097683771875 0.13802401250000002 0.0486823859375 0.0915052875 0.037891817187499996 0.020062846875000002 0.037891817187499996 0.0117688109375 0.09022191406249999 0.0366786578125 0.133411928125 0.0898409328125 0.13672676875 0.103128034375 0.13091539531250002 0.1496467578125 0.097683771875
0 0.9243208218750001 0.59108183125 0.954223734375 0.5395839109375 0.9426009875 0.47561719843750005 0.9102015437500001 0.43742025 0.85289225 0.44239944531250003 0.8130170765625 0.507184465625 0.8113527218750001 0.57446601875 0.8520600734375 0.6043689328124999 0.8620323328125 0.6060332875000001 0.9243208218750001 0.59108183125
0 0 0.601880209375 0.0449865640625 0.59108183125 0.0748894765625 0.5395839109375 0.0632667296875 0.47561719843750005 0.030867284374999998 0.43742025 0 0.4401020875 0 0.601880209375
0 0.9600351078125 0.78959778125 0.960867284375 0.7389320390624999 0.9218242890624999 0.690748959375 0.8628506421875001 0.6915811374999999 0.8263041781249999 0.7397642156249999 0.8371086171875 0.8203328703125001 0.8886065359374999 0.8211650484374999 0.9193416265625001 0.822829403125 0.9600351078125 0.78959778125
0 0 0.8210152140625 0.009272278125 0.8211650484374999 0.04000736875 0.822829403125 0.08070085 0.78959778125 0.0815330265625 0.7389320390624999 0.04249003125 0.690748959375 0 0.6913485374999999 0 0.8210152140625
0 1 0.880284846875 0.96586035 0.8834535375 0.9625316406250001 0.9482524265625001 0.990770196875 0.9673509015624999 1 0.964856021875 1 0.880284846875
0 0.143835384375 0.920832178125 0.122240378125 0.880138696875 0.0865260921875 0.8834535375 0.0831973828125 0.9482524265625001 0.1114359390625 0.9673509015624999 0.1421710296875 0.9590429953124999 0.143835384375 0.920832178125
0 0.177205703125 0.8839251046875001 0.17120015625 0.8819278781250001 0.1663873953125 0.8855201109375 0.166789615625 0.8931345359374999 0.1731973828125 0.8939389734375001 0.1792029296875 0.8879334265625 0.177205703125 0.8839251046875001