0 0.45162068906249997 0.0236206890625 0.43334482812499997 0.01258620625 0.4023103453125 0.021206896875 0.40989655156250004 0.0639655171875 0.44610344843750005 0.06120689687500001 0.45162068906249997 0.0236206890625
0 0.3864482765625 0.2351034484375 0.4017586203125 0.2553793109375 0.41500000000000004 0.235931034375 0.3996896546875 0.2247586203125 0.3864482765625 0.2351034484375
0 0.681068965625 0.4698965515625 0.673206896875 0.4492413796875 0.6467586203125 0.46706896562500005 0.6517586203125 0.498517240625 0.673206896875 0.497068965625 0.681068965625 0.4698965515625
0 0.453068965625 0.9683793109375 0.46179310312500005 0.9126896546875001 0.41627586250000004 0.8851034484375001 0.4026896546875 0.8933448281249999 0.38431034531249997 0.9383448281250001 0.40317241406250004 0.9814482765625 0.453068965625 0.9683793109375
0 0.2544482765625 0.23427586250000001 0.23500000000000001 0.24296551718749998 0.2358275859375 0.2702758625 0.2457586203125 0.2727586203125 0.265206896875 0.2545517234375 0.2544482765625 0.23427586250000001
0 0.5954137937499999 0.1752758625 0.6061034484375 0.19389655156250002 0.6143793109375 0.1797586203125 0.6012758625 0.1663103453125 0.5954137937499999 0.1752758625
0 0.307 0.8608965515625 0.2831724140625 0.8591034484375 0.270655171875 0.8811724140624999 0.2813793109375 0.9198965515624999 0.31655172343750004 0.9097586203124999 0.307 0.8608965515625
0 0.5967241375000001 0.5217241375 0.545344828125 0.506206896875 0.5318275859375 0.525206896875 0.5318275859375 0.5672068968749999 0.58941379375 0.5814482765625 0.5967241375000001 0.5217241375
0 0.4327241375 0.7042068968749999 0.416655171875 0.6952413796875 0.3910344828125 0.711344828125 0.40234482812500005 0.7333793109375 0.43034482812499997 0.7333793109375 0.4327241375 0.7042068968749999
0 0.6915517234374999 0.63 0.6781724140625001 0.5922758625 0.6476896546875001 0.5936551718749999 0.6443103453125001 0.6478275859375 0.6741034484374999 0.6478275859375 0.6915517234374999 0.63
0 0.653206896875 0.94541379375 0.6267241375 0.9339655171875 0.611 0.9582758625000001 0.6288965515625 0.9861724140625 0.655344828125 0.9783103453124999 0.653206896875 0.94541379375
0 0 0.034661634375 0.0038965515625000004 0.06120689687500001 0.0401034484375 0.0639655171875 0.0476896546875 0.021206896875 0.016655171875 0.01258620625 0 0.022642159375000002 0 0.034661634375
0 0.0482413796875 0.2553793109375 0.0635517234375 0.2351034484375 0.050310345312500004 0.2247586203125 0.034999999999999996 0.235931034375 0.0482413796875 0.2553793109375
0 0.873344828125 0.497068965625 0.894793103125 0.498517240625 0.8997931031249999 0.46706896562500005 0.873344828125 0.4492413796875 0.865482759375 0.4698965515625 0.873344828125 0.497068965625
0 0 0.9691831375 0.0468275859375 0.9814482765625 0.0656896546875 0.9383448281250001 0.0473103453125 0.8933448281249999 0.0337241375 0.8851034484375001 0 0.90554231875 0 0.9691831375
0 0.184793103125 0.2545517234375 0.2042413796875 0.2727586203125 0.2141724140625 0.2702758625 0.215 0.24296551718749998 0.1955517234375 0.23427586250000001 0.184793103125 0.2545517234375
0 0.9404482765625 0.19389655156250002 0.9511379312500001 0.1752758625 0.9452758625 0.1663103453125 0.9321724140625 0.1797586203125 0.9404482765625 0.19389655156250002
0 0.1334482765625 0.9097586203124999 0.1686206890625 0.9198965515624999 0.17934482812500002 0.8811724140624999 0.1668275859375 0.8591034484375 0.143 0.8608965515625 0.1334482765625 0.9097586203124999
0 1 0.5065713953125 0.9498275859374999 0.5217241375 0.9571379312499999 0.5814482765625 1 0.57084825625 1 0.5065713953125
0 0.019655171875 0.7333793109375 0.047655171875 0.7333793109375 0.058965517187500004 0.711344828125 0.033344828124999996 0.6952413796875 0.0172758625 0.7042068968749999 0.019655171875 0.7333793109375
0 0.8724482765625 0.6478275859375 0.9022413796875 0.6478275859375 0.89886206875 0.5936551718749999 0.8683793109375 0.5922758625 0.8550000000000001 0.63 0.8724482765625 0.6478275859375
0 0.8912068968750001 0.9783103453124999 0.917655171875 0.9861724140625 0.9355517234375 0.9582758625000001 0.9198275859375 0.9339655171875 0.8933448281249999 0.94541379375 0.8912068968750001 0.9783103453124999