0 0.5161462359375 0.7308108109375 0.5310883203125 0.72088803125 0.5178064671875 0.7142471046875001 0.511165540625 0.7142471046875001 0.5078836875 0.7216988421874999 0.5161462359375 0.7308108109375
0 0.7300072390625 0.2202316609375 0.734987934375 0.2161003859375 0.73081805 0.20945945937500002 0.7208952703125 0.20945945937500002 0.7167639968749999 0.21525096562499998 0.7208952703125 0.22104247031250002 0.7300072390625 0.2202316609375
0 0.6114744203125 0.08428571406249999 0.6172659265625 0.0751737453125 0.6064937265625 0.072702703125 0.59738175625 0.0751737453125 0.5949107140625001 0.0826254828125 0.60151303125 0.087606178125 0.6114744203125 0.08428571406249999
0 0.5194666984375 0.40011582968750004 0.52112693125 0.391814671875 0.5103547296875 0.386023165625 0.4995825296875 0.3884942078125 0.5053740343750001 0.4033976828125 0.5194666984375 0.40011582968750004
0 0.41834700781249995 0.42664092656249997 0.41919642812499996 0.42166023125 0.41255550156250004 0.41667953593749996 0.406763996875 0.4191505796875 0.4034435328125 0.4282625484375 0.40838561718750005 0.4299227796875 0.41834700781249995 0.42664092656249997
0 0.45398407343749997 0.48131274062499996 0.4639454640625 0.47305019374999996 0.450663609375 0.46474903437500004 0.443211871875 0.4672200765625 0.4448721046875 0.479652509375 0.45398407343749997 0.48131274062499996
0 0.5691964281249999 0.54019305 0.565875965625 0.5318918921875 0.5534435328125 0.532702703125 0.552632721875 0.54019305 0.5534435328125 0.5501158296875001 0.5634049234375 0.5526254828125 0.5691964281249999 0.54019305
0 0.4995825296875 0.9513127406249999 0.5029029921875 0.94382239375 0.4929416015625 0.9372200765625 0.4896211390625 0.9372200765625 0.481358590625 0.940540540625 0.481358590625 0.9488030890625 0.4896211390625 0.9521235515625 0.4995825296875 0.9513127406249999
0 0.72170608125 0.93637065625 0.72004585 0.9297297296875 0.715914575 0.9239382234375 0.7084628375 0.9247876453125 0.7026713328125 0.9322393828125 0.7043315640625 0.9380308875000001 0.7109338796875 0.9422007718750001 0.72170608125 0.93637065625
0 0.3545246140625 0.1820849421875 0.353713803125 0.17463320468750002 0.34294160156250003 0.1729729734375 0.3396211390625 0.1779536671875 0.3412813703125 0.1829343625 0.3470728765625 0.1845945953125 0.3545246140625 0.1820849421875
0 0.3114358109375 0.36776061718749997 0.312246621875 0.36362934375 0.3072659265625 0.35617760625 0.304794884375 0.3578378375 0.2964937265625 0.36362934375 0.2981539578125 0.3686100390625 0.30560569531250004 0.37193050156249996 0.3114358109375 0.36776061718749997
0 0.472246621875 0.5368725875 0.4722080109375 0.5302316609375 0.4573045359375 0.5294208499999999 0.450663609375 0.5352123546875001 0.45815395781249996 0.54185328125 0.472246621875 0.5368725875
0 0.5327485515625 0.365289575 0.53189913125 0.36030887968749997 0.5194666984375 0.36030887968749997 0.5136751937499999 0.3661003859375 0.5227871625 0.3702702703125 0.5327485515625 0.365289575
0 0.7830574328125001 0.2426254828125 0.7822466218749999 0.2384555984375 0.770625 0.23930501875000001 0.7722852312499999 0.24509652499999998 0.7730574328125 0.2482625484375 0.7780767375 0.25088803125000003 0.7830574328125001 0.2426254828125
0 0.6695053093750001 0.7888416984375 0.6695053093750001 0.780540540625 0.6645246140625 0.7772200765624999 0.6587331078124999 0.7788803093750001 0.65622345625 0.784710425 0.6587331078124999 0.789652509375 0.6695053093750001 0.7888416984375
0 0.5841385140625001 0.67694980625 0.584949325 0.6669884171875 0.5799686296875 0.6628571421875 0.5733663124999999 0.6653281859375 0.57170608125 0.6719691125 0.5741771234375 0.6761003859375 0.5841385140625001 0.67694980625
0 0.43989140937500004 0.29567567499999997 0.43989140937500004 0.2873745171875 0.435760134375 0.28324324375 0.42830839843749996 0.28571428593750003 0.4291192078125 0.2915057921875 0.4332890921875 0.29567567499999997 0.43989140937500004 0.29567567499999997
0 0.352053571875 0.072702703125 0.3528643828125 0.0660617765625 0.34209218125 0.06274131250000001 0.34209218125 0.07185328125 0.3470728765625 0.076023165625 0.352053571875 0.072702703125
0 0.9603547296875 0.20945945937500002 0.9504319499999999 0.20945945937500002 0.9462620656249999 0.2161003859375 0.9512427609375 0.2202316609375 0.9603547296875 0.22104247031250002 0.964486003125 0.21525096562499998 0.9603547296875 0.20945945937500002
0 0.9785786671875 0.9322393828125 0.9727871625000001 0.9247876453125 0.9653354249999999 0.9239382234375 0.96120415 0.9297297296875 0.95954391875 0.93637065625 0.9703161203124999 0.9422007718750001 0.9769184359375 0.9380308875000001 0.9785786671875 0.9322393828125
0 0.025682915625000004 0.36362934375 0.017381756249999998 0.3578378375 0.0149107140625 0.35617760625 0.00993001875 0.36362934375 0.0107408296875 0.36776061718749997 0.016570945312499998 0.37193050156249996 0.0240226828125 0.3686100390625 0.025682915625000004 0.36362934375
0 0.90896476875 0.24509652499999998 0.9106249999999999 0.23930501875000001 0.899003378125 0.2384555984375 0.8981925671875001 0.2426254828125 0.9031732625 0.25088803125000003 0.9081925671875 0.2482625484375 0.90896476875 0.24509652499999998