0 0.269072153125 0.6580308875 0.281697634375 0.6201930499999999 0.2810412640625 0.606911196875 0.25714165 0.60559845625 0.2259447390625 0.6022779921875 0.1801146234375 0.597606178125 0.1688404921875 0.6215057921875 0.182778715625 0.68057915 0.20868605156250003 0.7011583015625 0.22725748124999998 0.6838996140625 0.269072153125 0.6580308875
0 0.5684543921875 0.684555984375 0.57706443125 0.647413128125 0.5491879828124999 0.6175289578125 0.5286088328125 0.6208494203125 0.5246319984375 0.6699613906249999 0.5684543921875 0.684555984375
0 0.617296090625 0.8833204640625001 0.616408059375 0.82814671875 0.6181841218749999 0.8059073359375001 0.5844003375 0.8156756749999999 0.57636945 0.835250965625 0.5879524609375 0.8655212359375 0.617296090625 0.8833204640625001
0 0.7570258203125 0.7854054046875001 0.7579138515625 0.7462548265625 0.7249794890625 0.7347104250000001 0.701852075 0.7533976828125 0.71254705625 0.7791891890625 0.7312343140625 0.7907721999999999 0.7570258203125 0.7854054046875001
0 0.63331925625 0.1526640921875 0.6235509171875 0.1268725875 0.5977208015625 0.1010424703125 0.569265203125 0.109073359375 0.54254705625 0.1366409265625 0.5434350875 0.18115830156249998 0.57725748125 0.1713513515625 0.5994968625 0.17401544375 0.63331925625 0.1526640921875
0 0.58096404375 0.9626254828125 0.600346284375 0.9277606171875 0.5699215734374999 0.905096525 0.5433578671875 0.9128571421875 0.5323153953124999 0.9449420843749999 0.58096404375 0.9626254828125
0 0.4046319984375 0.2132046328125 0.3841300671875 0.191814671875 0.371697634375 0.1624710421875 0.3699215734375 0.13930501875 0.341427365625 0.1188416984375 0.29586751875 0.08185328124999999 0.26729609062500004 0.1138996140625 0.24451616718750002 0.1992278 0.32007601406249997 0.23722007656250002 0.3681455109375 0.23366795312500002 0.39748914062499996 0.224749034375 0.4046319984375 0.2132046328125
0 0.374361728125 0.9242471046875 0.3690335421875 0.901119690625 0.3547864375 0.8699613906250001 0.3334350875 0.8904247109375 0.32096404375 0.9055598453125 0.32362813749999997 0.927799228125 0.338763271875 0.9455984562499999 0.374361728125 0.9242471046875
0 0.2606937734375 0.47177606250000004 0.27930381249999997 0.45648648593749996 0.2606937734375 0.4233204640625 0.23019184374999999 0.43791505781250006 0.23351230625000002 0.45849420781249994 0.2606937734375 0.47177606250000004
0 0.5062922296875 0.1113513515625 0.514940878125 0.0900772203125 0.4950180984375 0.0668725875 0.4625084453125 0.080154440625 0.471118484375 0.10667953593749999 0.5062922296875 0.1113513515625
0 0.5651339281250001 0.47814671875 0.5717748546875 0.4496139 0.5505007234375 0.4217374515625 0.5246319984375 0.42305019374999997 0.5126628859375 0.44494208437499994 0.5186474421875 0.47749034687499997 0.54254705625 0.4874517375 0.5651339281250001 0.47814671875
0 0.70783663125 0.50401544375 0.71312620625 0.475482625 0.6793038124999999 0.4748262546875 0.6606937734375 0.48942085 0.654747828125 0.5232818531250001 0.6766397203125 0.5259459453125 0.70783663125 0.50401544375
0 0.7011957046874999 0.8286100390625 0.7089949328125 0.809266409375 0.6970258203124999 0.78069498125 0.672701496875 0.8 0.672701496875 0.827413128125 0.7011957046874999 0.8286100390625
0 0 0.67147955 0.0200760140625 0.6838996140625 0.0386474421875 0.7011583015625 0.064554778125 0.68057915 0.0784930015625 0.6215057921875 0.0672188703125 0.597606178125 0.0213887546875 0.6022779921875 0 0.60455451875 0 0.67147955
0 0 0.46524774375 0.013821187500000002 0.45849420781249994 0.01714165 0.43791505781250006 0 0.4297131046875 0 0.46524774375