0 0.7962201359375001 0.157064846875 0.8182337890625 0.13013651875 0.8043771328125 0.11627986406249999 0.788063140625 0.11627986406249999 0.7749914671875 0.14645051250000002 0.7962201359375001 0.157064846875
0 0.5566296921875 0.486655290625 0.5599061437499999 0.44180887343749997 0.520520478125 0.4549488046875 0.5172440265625 0.48774744062500003 0.5566296921875 0.486655290625
0 0.3476194546875 0.9249488046875 0.380930034375 0.8957337890625 0.363250853125 0.8753242328124999 0.32314846406250003 0.8746416375000001 0.313660409375 0.901160409375 0.3265614328125 0.9174744031250001 0.3476194546875 0.9249488046875
0 0.7090870312499999 0.9491467578125 0.7365955625 0.9275085328125 0.73345563125 0.9062798640624999 0.7090870312499999 0.902730375 0.6893941984375 0.9168941984375 0.6893941984375 0.9455972703125 0.7090870312499999 0.9491467578125
0 0.6804180890625 0.3160750859375 0.6795989765625 0.2834470984375 0.6657423203125 0.26143344687500003 0.6265955625 0.26877133125 0.633114334375 0.3185324234375 0.653523890625 0.331569965625 0.6804180890625 0.3160750859375
0 0.7758105796875 0.1823549484375 0.7823293515625 0.157883959375 0.7603157 0.1497269625 0.754616040625 0.16112627968749998 0.752158703125 0.1782593859375 0.7758105796875 0.1823549484375
0 0.3305887375 0.6609897609375001 0.35099829374999997 0.6446757671875 0.34444539218750003 0.6267576796875 0.33140785 0.6251194546875001 0.30693685937500004 0.634914675 0.3085750859375 0.6536518765625 0.3305887375 0.6609897609375001
0 0.5507593859375 0.37232081875 0.5523976109375 0.29488054531249996 0.516527303125 0.280204778125 0.4977559734375 0.311979521875 0.5075511953125 0.37395904375 0.5507593859375 0.37232081875
0 0.7138651874999999 0.59576791875 0.7162883953125 0.570477815625 0.6836945390625 0.5517406140625 0.64290955625 0.5794539249999999 0.6641040953124999 0.6079863484375 0.7138651874999999 0.59576791875
0 0.42843856718750006 0.7303071671875 0.43741467500000003 0.6862798640625 0.4365955625 0.6601706484375 0.392568259375 0.6683276453125 0.3689163828125 0.6993174062499999 0.3811348125 0.7392832765625 0.42843856718750006 0.7303071671875
0 0.32485494843749996 0.14552901093749998 0.31826791875 0.082116040625 0.242841296875 0.1018088734375 0.2537627984375 0.1641296921875 0.32485494843749996 0.14552901093749998
0 0.425435153125 0.29969283281250003 0.4188481234375 0.26143344687500003 0.38277303749999997 0.262525596875 0.39482081875 0.2975085328125 0.425435153125 0.29969283281250003
0 0.194752559375 0.75450511875 0.193660409375 0.7227986343749999 0.16304607499999998 0.7304436859375001 0.167414675 0.7435494874999999 0.194752559375 0.75450511875
0 0.11536689375 0.804982934375 0.126663821875 0.7829351531250001 0.10686860000000001 0.762525596875 0.067790103125 0.7681911265625 0.0598720140625 0.79477815625 0.07799488125000001 0.8157337890624999 0.11536689375 0.804982934375