0 0.5443627453125 0.62420168125 0.5698249296875 0.6305882359375 0.5915056015625 0.607647059375 0.6080602234375 0.57579831875 0.6309733890625 0.5554061625 0.6411694671875 0.4789635859375 0.6259033609375 0.4305602234375 0.6120098046875 0.41904761874999996 0.5825700281249999 0.42675070000000004 0.5698249296875 0.42420168125 0.549460784375 0.4203641453125 0.5265196078125001 0.422913165625 0.48573529375 0.43310924375 0.46408263281249995 0.4471148453125 0.4411694671875 0.47515406093749996 0.42332633125 0.4993557421875 0.3940266109375 0.5375910359375 0.409320728125 0.5554061625 0.45517507031250004 0.57579831875 0.45517507031250004 0.6191036421875 0.48192577031250006 0.62039215625 0.4921218484375 0.583445378125 0.5061274515624999 0.5770588234375 0.5265196078125001 0.5961904765625 0.5443627453125 0.62420168125
0 0.40167366875 0.27512605 0.3926820734375 0.25742296875 0.377556021875 0.26358543437500004 0.377556021875 0.2815126046875 0.391477590625 0.282773109375 0.40167366875 0.27512605
0 0.4977240890625 0.7590756296875 0.506687675 0.7561064421875 0.5083963578125 0.748851540625 0.4985924375 0.74201680625 0.4904691875 0.747563025 0.48962885156249997 0.7552380953125 0.4977240890625 0.7590756296875
0 0.62573529375 0.8900840343749999 0.6180602234375 0.8815406156250001 0.604810925 0.8794117640625 0.60439075625 0.8836694671875 0.6065196078125 0.8952380953124999 0.61548319375 0.8960504203124999 0.62573529375 0.8900840343749999
0 0.6492086828125 0.8985994390625001 0.657303921875 0.8896358546875 0.6564635859375 0.8811204484375 0.6475 0.8802521015625 0.641085434375 0.8853781515625 0.6415056015625 0.8964705875 0.6492086828125 0.8985994390625001
0 0.21091736718749998 0.4471148453125 0.18926470625 0.43310924375 0.1484803921875 0.422913165625 0.12553921562499998 0.4203641453125 0.1051750703125 0.42420168125 0.092429971875 0.42675070000000004 0.0629901953125 0.41904761874999996 0.0490966390625 0.4305602234375 0.0338305328125 0.4789635859375 0.0440266109375 0.5554061625 0.0669397765625 0.57579831875 0.08349439843749999 0.607647059375 0.1051750703125 0.6305882359375 0.1306372546875 0.62420168125 0.1484803921875 0.5961904765625 0.1688725484375 0.5770588234375 0.1828781515625 0.583445378125 0.19307422968750002 0.62039215625 0.21982492968749998 0.6191036421875 0.21982492968749998 0.57579831875 0.26567927187499996 0.5554061625 0.2809733890625 0.5375910359375 0.25167366874999997 0.4993557421875 0.23383053281250002 0.47515406093749996 0.21091736718749998 0.4471148453125
0 0.8551750703125001 0.4471148453125 0.833522409375 0.43310924375 0.7927380953125 0.422913165625 0.76979691875 0.4203641453125 0.7494327734375 0.42420168125 0.736687675 0.42675070000000004 0.7072478984375 0.41904761874999996 0.6933543421875 0.4305602234375 0.6780882359375 0.4789635859375 0.6882843140625 0.5554061625 0.7111974796875 0.57579831875 0.7277521015625 0.607647059375 0.7494327734375 0.6305882359375 0.7748949578125 0.62420168125 0.7927380953125 0.5961904765625 0.8131302515625001 0.5770588234375 0.8271358546875 0.583445378125 0.8373319328125 0.62039215625 0.8640826328125 0.6191036421875 0.8640826328125 0.57579831875 0.9099369749999999 0.5554061625 0.9252310921875001 0.5375910359375 0.8959313718749999 0.4993557421875 0.8780882359375 0.47515406093749996 0.8551750703125001 0.4471148453125
0 0.283522409375 0.282773109375 0.297443978125 0.2815126046875 0.297443978125 0.26358543437500004 0.2823179265625 0.25742296875 0.27332633125 0.27512605 0.283522409375 0.282773109375
0 0.9277801125 0.282773109375 0.94170168125 0.2815126046875 0.94170168125 0.26358543437500004 0.9265756296875001 0.25742296875 0.917584034375 0.27512605 0.9277801125 0.282773109375
0 0.16831232499999998 0.7561064421875 0.1772759109375 0.7590756296875 0.1853711484375 0.7552380953125 0.1845308125 0.747563025 0.1764075625 0.74201680625 0.16660364218749998 0.748851540625 0.16831232499999998 0.7561064421875
0 0.8125700281249999 0.7561064421875 0.8215336140625 0.7590756296875 0.8296288515624999 0.7552380953125 0.8287885156250001 0.747563025 0.820665265625 0.74201680625 0.8108613453125001 0.748851540625 0.8125700281249999 0.7561064421875
0 0.0569397765625 0.8815406156250001 0.04926470625 0.8900840343749999 0.05951680625 0.8960504203124999 0.0684803921875 0.8952380953124999 0.07060924375 0.8836694671875 0.070189075 0.8794117640625 0.0569397765625 0.8815406156250001
0 0.7011974796875 0.8815406156250001 0.693522409375 0.8900840343749999 0.703774509375 0.8960504203124999 0.7127380953125 0.8952380953124999 0.714866946875 0.8836694671875 0.714446778125 0.8794117640625 0.7011974796875 0.8815406156250001
0 0.017696078125 0.8896358546875 0.025791317187500003 0.8985994390625001 0.0334943984375 0.8964705875 0.033914565625 0.8853781515625 0.027500000000000004 0.8802521015625 0.0185364140625 0.8811204484375 0.017696078125 0.8896358546875
0 0.66195378125 0.8896358546875 0.6700490203125 0.8985994390625001 0.6777521015625 0.8964705875 0.67817226875 0.8853781515625 0.671757703125 0.8802521015625 0.6627941171875 0.8811204484375 0.66195378125 0.8896358546875
0 0 0.89723116875 0.0049509796875 0.8985994390625001 0.01304621875 0.8896358546875 0.0122058828125 0.8811204484375 0.0032422968750000004 0.8802521015625 0 0.8828431078125 0 0.89723116875