0 0.6725345625 0.86858006875 0.6447004609375 0.86858006875 0.6340553 0.88719758125 0.64069124375 0.9030961984375001 0.6745622124999999 0.9010685484375 0.6858064515625 0.881206796875 0.6725345625 0.86858006875
0 0.4393548390625 0.19719758125 0.40304147500000004 0.1897321421875 0.3711520734375 0.188672234375 0.3859907828125 0.2473819125 0.40304147500000004 0.2442021890625 0.42023041406250006 0.2409763828125 0.433041475 0.23567684375 0.4393548390625 0.19719758125
0 0.8889400921874999 0.2292713140625 0.8141935484375 0.228165321875 0.8012903218749999 0.24848790312500002 0.8163594468750001 0.2783496546875 0.8184792625 0.2943865203125 0.89 0.2612989625 0.8889400921874999 0.2292713140625
0 0.3156221203125 0.4641100234375 0.36354838749999996 0.4534648625 0.3604608296875 0.41715149843750005 0.3156221203125 0.41503168125 0.3156221203125 0.4641100234375
0 0.1415668203125 0.6424049546874999 0.1415668203125 0.7065063359375 0.1884792625 0.7043404375 0.2013824890625 0.67871831875 0.19069124375 0.6413450453125 0.1415668203125 0.6424049546874999
0 0.20350230468750002 0.74705933125 0.22377880156250002 0.7918980421875 0.24834101406250003 0.8228657828125 0.2974654375 0.7993634796875 0.27930875624999996 0.7449395156249999 0.20350230468750002 0.74705933125
0 0.11829493124999998 0.07475518437499999 0.1214746546875 0.097888825 0.1501382484375 0.1058150921875 0.158894009375 0.080331221875 0.1350230421875 0.05807315625 0.11829493124999998 0.07475518437499999
0 0.7904608296875 0.569317396875 0.7899539171875001 0.58821140625 0.805668203125 0.5951238484375 0.816682028125 0.5803773046875 0.8070046078124999 0.5660915906249999 0.7904608296875 0.569317396875
0 0.76 0.590515553125 0.7613824890625 0.605262096875 0.7752073734375 0.61263536875 0.783963134375 0.603418778125 0.7766359453125 0.5826814515625001 0.76 0.590515553125
0 0.76322580625 0.5467367515625 0.7628110593749999 0.5605616359375001 0.774331796875 0.5688565671875 0.7890322578125 0.5683957375 0.7904608296875 0.551805875 0.7775115203125 0.5458150921875 0.76322580625 0.5467367515625
0 0.844838709375 0.54858006875 0.8374193546875001 0.547658409375 0.8300460828125 0.5614832953125 0.8383410140625 0.5720823734375 0.8517511515624999 0.5702390546875 0.8544700453124999 0.5573358296875 0.844838709375 0.54858006875
0 0.120905771875 0 0.11829493124999998 0.018994815625 0.1350230421875 0.03567684375 0.158894009375 0.013418778125 0.154283578125 0 0.120905771875 0