0 0.572623496875 0.275292096875 0.5096681703125 0.29061855625 0.5454070015625 0.3212371140625 0.574341709375 0.3229553265625 0.572623496875 0.275292096875
0 0.79159256875 0.6504811 0.790664734375 0.609072165625 0.749221434375 0.6210309281249999 0.752004940625 0.6537113406249999 0.780080540625 0.6642955328125 0.79159256875 0.6504811
0 0.5556819156249999 0.4721649484375 0.54623174375 0.43017182187499997 0.493173325 0.44673539531250006 0.5164379296875 0.488728521875 0.5479155921875 0.486529209375 0.5556819156249999 0.4721649484375
0 0.5200461765625 0.5751546390625 0.492864046875 0.5705154640625001 0.47162693281249995 0.5891065296875 0.48623174375 0.6142955328124999 0.517400128125 0.6050171828125 0.5200461765625 0.5751546390625
0 0.7444791671875 0.1121993125 0.7173314000000001 0.0914776625 0.6897025343750001 0.1250859109375 0.70719394375 0.15962199375 0.73987435625 0.15869415781250001 0.7444791671875 0.1121993125
0 0.68647229375 0.092852234375 0.6653039093750001 0.0435738828125 0.6151320874999999 0.06938144375000001 0.6247884453125 0.1121993125 0.6542386171875 0.1195532640625 0.68647229375 0.092852234375
0 0.5517987546875001 0.062199312500000006 0.5246509875 0.0746048109375 0.5398399921875 0.09718213125 0.5591870703125 0.0893470796875 0.5517987546875001 0.062199312500000006
0 0.6144448031249999 0.188350515625 0.6038262453125001 0.15426116875 0.5559568296874999 0.1685567015625 0.5573314 0.2095189 0.605681915625 0.2076632296875 0.6144448031249999 0.188350515625
0 0.613482603125 0.88975945 0.6390152484375 0.8472164953125001 0.5845478953125001 0.787628865625 0.5215582046875 0.8352920968750001 0.5164722937499999 0.867628865625 0.5590152484375001 0.9016838484375 0.613482603125 0.88975945
0 0.364960265625 0.7314432984375 0.32413552343749996 0.7620962203125 0.3496681703125 0.787628865625 0.3615582046875 0.76890034375 0.364960265625 0.7314432984375
0 0.8347884453125 0.6210309281249999 0.7933451453125 0.609072165625 0.7924173109375 0.6504811 0.8039293390625 0.6642955328125 0.832004940625 0.6537113406249999 0.8347884453125 0.6210309281249999
0 0.8943073453125001 0.1250859109375 0.8666784796875 0.0914776625 0.8395307125 0.1121993125 0.8441355234374999 0.15869415781250001 0.8768159359375 0.15962199375 0.8943073453125001 0.1250859109375
0 0.9688777921874999 0.06938144375000001 0.9187059703125 0.0435738828125 0.8975375859374999 0.092852234375 0.9297712625000001 0.1195532640625 0.959221434375 0.1121993125 0.9688777921874999 0.06938144375000001
0 1 0.16017905 0.9801836343750001 0.15426116875 0.9695650765625 0.188350515625 0.9783279640625 0.2076632296875 1 0.20849499218749998 1 0.16017905
0 1 0.7880359734375 0.999461984375 0.787628865625 0.9449946312499999 0.8472164953125001 0.9705272765625 0.88975945 1 0.8962118374999999 1 0.7880359734375
0 0.0914894765625 0.7620962203125 0.050664734375 0.7314432984375 0.054066795312500006 0.76890034375 0.0659568296875 0.787628865625 0.0914894765625 0.7620962203125