0 0.48707969375 0.5700873359374999 0.5591757640624999 0.55 0.557996725 0.468427946875 0.484721615625 0.4518777296875 0.4268176859375 0.5062445421875 0.4421888640625 0.55 0.48707969375 0.5700873359374999
0 0.7022325328125001 0.3762445421875 0.6537609171875001 0.3478602625 0.6265556765625 0.3513973796875 0.6502237984375 0.3868558953125 0.6608351531250001 0.3892139734375 0.7022325328125001 0.3762445421875
0 0.405551309375 0.274585153125 0.35707969375 0.338427946875 0.4480840609375 0.3620524015625 0.43983078593749997 0.3029257640625 0.405551309375 0.274585153125
0 0.6348526203125 0.0972925765625 0.6041102625 0.15519650625 0.6372106984375 0.2060262015625 0.6998744546875 0.16462882031249998 0.6998744546875 0.102008734375 0.6348526203125 0.0972925765625
0 0.8912718343750001 0.1540174671875 0.87445960625 0.1007423578125 0.81974345 0.0985589515625 0.8073417031250001 0.16131004375 0.848215065625 0.185414846875 0.8912718343750001 0.1540174671875
0 0.6525382093750001 0.3118777296875 0.62882641875 0.3240174671875 0.6276037125 0.3452838421875 0.6580840609374999 0.34043668125000004 0.6525382093750001 0.3118777296875
0 0.4687827515625 0.8186026203125 0.5013591703125 0.904759825 0.611708515625 0.9120960703125001 0.682101528125 0.9005240171875 0.68105349375 0.8784716156249999 0.6590010921875 0.8038864625000001 0.6159006546875 0.7492139734375 0.5192194328124999 0.7618340609375001 0.4687827515625 0.8186026203125
0 0.43860807812499997 0.892794759375 0.4268176859375 0.901048034375 0.40673035 0.9081659390624999 0.43860807812499997 0.9329694328125001 0.44100982499999997 0.9164192140624999 0.43860807812499997 0.892794759375
0 0.29454694375 0.6823580781249999 0.2933679046875 0.6303493453125 0.26367358125 0.64218340625 0.2518831875 0.6799999999999999 0.279044759375 0.6930131 0.29454694375 0.6823580781249999
0 0.3583460703125 0.661091703125 0.396075328125 0.703668121875 0.4185207421875 0.703668121875 0.43860807812499997 0.698908296875 0.45991812187500003 0.6823580781249999 0.446905021875 0.6079039296875 0.405551309375 0.5736244546875 0.3654639734375 0.5736244546875 0.3535425765625 0.6244541484374999 0.3583460703125 0.661091703125
0 0.8063810046875 0.6114410484375 0.795594978125 0.6468995640624999 0.8275163750000001 0.64218340625 0.8405294765625 0.6055458515625001 0.8063810046875 0.6114410484375
0 0.9648089515624999 0.0985589515625 0.9100927953125 0.1007423578125 0.8932805671875 0.1540174671875 0.9363373359375 0.185414846875 0.9772106984375 0.16131004375 0.9648089515624999 0.0985589515625
0 0.9889574234375 0.6468995640624999 0.9781713968749999 0.6114410484375 0.944022925 0.6055458515625001 0.9570360265625 0.64218340625 0.9889574234375 0.6468995640624999