0 0.375384615625 0.7257142859375 0.37674825156249997 0.7363010203125 0.40094405625 0.7368112250000001 0.4051048953125 0.7262244890625 0.3974825171875 0.720663265625 0.375384615625 0.7257142859375
0 0.3974825171875 0.6979336734375 0.39265734218750004 0.7085204078125 0.40856643281249994 0.709540815625 0.41409090937500004 0.7039795921875001 0.40993007031250006 0.6954081624999999 0.3974825171875 0.6979336734375
0 0.1004895109375 0.7694897953125001 0.0956993 0.8060969390625001 0.1327272734375 0.8810459187499999 0.136328671875 0.8871428578125 0.2509790203125 0.8949744890625 0.3023426578125 0.8915051015625 0.3333916078125 0.872321428125 0.34534965 0.8348469390625001 0.356083915625 0.7546683671875 0.299965034375 0.7363775515625 0.18888111875 0.7267857140625 0.12199300625000001 0.7416071421875 0.1004895109375 0.7694897953125001
0 0.510174825 0.5995918375 0.4956293703125 0.606147959375 0.5087762234375 0.614209184375 0.519825175 0.6091836734375 0.5212237765625 0.6016071421875 0.510174825 0.5995918375
0 0.52534965 0.49369897968750004 0.533671328125 0.4835969390625 0.535734265625 0.4715051015625 0.5260489515625 0.46242346875000007 0.5053146859375001 0.457882653125 0.49979020937499996 0.463443878125 0.497027971875 0.4750255109375 0.5060139859375 0.4921683671875 0.52534965 0.49369897968750004
0 0.53059440625 0.3928571421875 0.53923076875 0.38551020468749997 0.5277272734375 0.3746428578125 0.515734265625 0.38551020468749997 0.53059440625 0.3928571421875
0 0.5718881125 0.378852040625 0.5641958046875 0.3746428578125 0.554615384375 0.37604591875 0.549790209375 0.3816581625 0.5627622375 0.3851530609375 0.5656293703124999 0.38410714218750003 0.5718881125 0.378852040625
0 0.55940559375 0.42089285781249997 0.5493356640625 0.42158163281250005 0.537797203125 0.43173469375 0.5315734265625001 0.4467857140625 0.5435664328125 0.44714285781249996 0.56034965 0.435586734375 0.55940559375 0.42089285781249997
0 0.5429020984374999 0.1634183671875 0.56559440625 0.20525510156250001 0.6086013984374999 0.238367346875 0.6539860140625 0.2636224484375 0.6886013984375 0.24795918437500003 0.7137062937499999 0.1886989796875 0.7304195796874999 0.16604591875000002 0.7387762234374999 0.158188775 0.74594405625 0.12594387812500002 0.7316083921875001 0.09109693906250001 0.692202796875 0.071913265625 0.6348601406250001 0.05798469375 0.5452797203124999 0.06757653125 0.5261888109374999 0.098061225 0.5429020984374999 0.1634183671875
0 0.998916084375 0.6328316328125 0.9945454546875 0.6164795921875 0.9741258734375 0.6182397953125001 0.9665384609375 0.6258163265625 0.971328671875 0.6357397953125 0.9817132859375001 0.63895408125 0.998916084375 0.6328316328125
0 0.479965034375 1 0.481153846875 0.9970663265624999 0.48213286718750004 0.987959184375 0.47349650312499997 0.975 0.4504545453125 0.9743112249999999 0.4341258734375 0.9844642859375 0.43122377656250005 0.996709184375 0.43167832187500005 1 0.479965034375 1