0 0.0896969703125 0.31910798125 0.10112121249999999 0.3246478875 0.1146969703125 0.3235211265625 0.1154242421875 0.30694835625 0.10254545468750001 0.299201878125 0.086848484375 0.305821596875 0.0896969703125 0.31910798125
0 0.09096969687499999 0.1648826296875 0.0555151515625 0.2436150234375 0.1087272734375 0.2948826296875 0.13 0.2729107984375 0.1347272734375 0.22347417812499998 0.11936363593749999 0.181361503125 0.09096969687499999 0.1648826296875
0 0.41130302968750004 0.22347417812499998 0.3983030296875 0.174037559375 0.3853030296875 0.14291079843750001 0.3203030296875 0.14291079843750001 0.3073030296875 0.2417840375 0.312030303125 0.311361503125 0.37466666718749997 0.3131924875 0.4101212125 0.2875586859375 0.41130302968750004 0.22347417812499998
0 0.86293939375 0.7176525828125 0.8826969703125 0.769295775 0.9394848484375 0.7386854453125 0.9382727265625 0.667934271875 0.9024545453125 0.648826290625 0.8839393937500001 0.6411737093750001 0.86293939375 0.7176525828125
0 0.5727272734375 0.41873239375000004 0.5706060609375 0.332394365625 0.5091515156249999 0.3246478875 0.5105757578125 0.40211267656249994 0.539151515625 0.43535211250000005 0.5727272734375 0.41873239375000004
0 0.38642424218750004 0.449906103125 0.398787878125 0.401877934375 0.36293939375 0.3944131453125 0.36293939375 0.409718309375 0.3604848484375 0.449906103125 0.38642424218750004 0.449906103125
0 0.8691212125 0.0730985921875 0.8975151515625001 0.08455399062499999 0.9283939390624999 0.059718309375 0.925909090625 0.009953051562499999 0.9 0.0080751171875 0.8789999999999999 0.0195305171875 0.8691212125 0.0730985921875
0 0.2858787875 0.789201878125 0.293030303125 0.732769953125 0.2708787875 0.7039906109375 0.24872727343749998 0.7194835687500001 0.25730302968749996 0.7847887328125001 0.2858787875 0.789201878125
0 0.20657575781249998 0.765962440625 0.2044545453125 0.788122065625 0.22015151562500002 0.794741784375 0.22587878749999998 0.7737089203124999 0.20657575781249998 0.765962440625
0 0.1144242421875 0.59661971875 0.1236969703125 0.5888732390625 0.12227272656249999 0.565633803125 0.10584848437500001 0.565633803125 0.1036969703125 0.5822065734375 0.1144242421875 0.59661971875
0 0.5713030296875 0.446431925 0.5906060609375 0.5139436625 0.6463333328124999 0.5006572765625 0.652030303125 0.444178403125 0.6434545453125 0.40211267656249994 0.6106060609374999 0.4065727703125 0.5713030296875 0.446431925
0 0.4444242421875 0.6162910796875 0.44072727343749996 0.6411737093750001 0.46418181875000003 0.654553990625 0.479 0.60483568125 0.4444242421875 0.6162910796875