0 0.31910798125 0.9103030296875 0.3246478875 0.8988787874999999 0.3235211265625 0.8853030296875 0.30694835625 0.8845757578125 0.299201878125 0.8974545453125 0.305821596875 0.913151515625 0.31910798125 0.9103030296875
0 0.1648826296875 0.909030303125 0.2436150234375 0.9444848484374999 0.2948826296875 0.8912727265625 0.2729107984375 0.8699999999999999 0.22347417812499998 0.8652727265625 0.181361503125 0.8806363640624999 0.1648826296875 0.909030303125
0 0.22347417812499998 0.5886969703125 0.174037559375 0.6016969703124999 0.14291079843750001 0.6146969703125 0.14291079843750001 0.6796969703125 0.2417840375 0.6926969703125 0.311361503125 0.687969696875 0.3131924875 0.6253333328124999 0.2875586859375 0.5898787875 0.22347417812499998 0.5886969703125
0 0.7176525828125 0.13706060625 0.769295775 0.11730302968749999 0.7386854453125 0.0605151515625 0.667934271875 0.061727273437499994 0.648826290625 0.0975454546875 0.6411737093750001 0.11606060625 0.7176525828125 0.13706060625
0 0.41873239375000004 0.4272727265625 0.332394365625 0.4293939390625 0.3246478875 0.490848484375 0.40211267656249994 0.4894242421875 0.43535211250000005 0.46084848437500003 0.41873239375000004 0.4272727265625
0 0.449906103125 0.6135757578125001 0.401877934375 0.601212121875 0.3944131453125 0.63706060625 0.409718309375 0.63706060625 0.449906103125 0.6395151515624999 0.449906103125 0.6135757578125001
0 0.0730985921875 0.13087878749999998 0.08455399062499999 0.10248484843750001 0.059718309375 0.07160606093750001 0.009953051562499999 0.074090909375 0.0080751171875 0.1 0.0195305171875 0.121 0.0730985921875 0.13087878749999998
0 0.789201878125 0.7141212125 0.732769953125 0.706969696875 0.7039906109375 0.7291212125000001 0.7194835687500001 0.7512727265625 0.7847887328125001 0.7426969703124999 0.789201878125 0.7141212125
0 0.765962440625 0.7934242421875 0.788122065625 0.7955454546875 0.794741784375 0.779848484375 0.7737089203124999 0.7741212125 0.765962440625 0.7934242421875
0 0.59661971875 0.8855757578125001 0.5888732390625 0.8763030296875 0.565633803125 0.8777272734375 0.565633803125 0.8941515156250001 0.5822065734375 0.8963030296875001 0.59661971875 0.8855757578125001
0 0.446431925 0.4286969703125 0.5139436625 0.4093939390625 0.5006572765625 0.3536666671875 0.444178403125 0.347969696875 0.40211267656249994 0.3565454546875 0.4065727703125 0.38939393906249997 0.446431925 0.4286969703125
0 0.6162910796875 0.5555757578125 0.6411737093750001 0.5592727265625 0.654553990625 0.53581818125 0.60483568125 0.521 0.6162910796875 0.5555757578125