0 0.595777778125 0.5434517765625 0.61964444375 0.5685786796875 0.6425333328125 0.5350761421875 0.64804444375 0.494263959375 0.61044444375 0.503654821875 0.595777778125 0.5434517765625
0 0.9734666671875001 0.419238578125 0.9872444437500001 0.43182741093750004 0.9953777781250001 0.411928934375 0.9862222218750001 0.395177665625 0.97155555625 0.4067005078125 0.9734666671875001 0.419238578125
0 0.7667111109375 0.3235025375 0.7118666671875 0.32116751250000003 0.7201333328125 0.35659898437500004 0.75844444375 0.3708121828125 0.7667111109375 0.3235025375
0 0.514177778125 0.301065990625 0.431377778125 0.3116751265625 0.45831111093750004 0.37197969531249997 0.5172888890625 0.3684263953125 0.514177778125 0.301065990625
0 0.8554666671875 0.240152284375 0.8715111109375 0.2523857875 0.882222221875 0.2349238578125 0.8784000000000001 0.21050761406250001 0.856222221875 0.21137055781249997 0.8554666671875 0.240152284375
0 0.7817333328125 0.021928934375 0.8092444437499999 0.0797461921875 0.8389333328124999 0.1325380703125 0.8862666671874999 0.12497461875 0.896177778125 0.060862943749999995 0.89835555625 0.02441624375 0.87084444375 0.0068527921875 0.8125333328125001 0.00558375625 0.7817333328125 0.021928934375
0 0.630977778125 0.14380710624999998 0.639777778125 0.168984771875 0.6607111109375 0.15390862968750002 0.657377778125 0.1325380703125 0.6342666671875 0.13 0.630977778125 0.14380710624999998
0 0.3592 0.0759898484375 0.32839999999999997 0.082233503125 0.3108 0.11116751250000001 0.3118666671875 0.1563959390625 0.356977778125 0.2343147203125 0.44724444375 0.21796954375 0.4549333328125 0.1563959390625 0.4439111109375 0.1086294421875 0.4065333328125 0.0784771578125 0.3592 0.0759898484375
0 0.15124444374999998 0.2996446703125 0.1589333328125 0.3474111671875 0.20515555624999998 0.3411167515625 0.2106666671875 0.28710659843749997 0.16884444375000002 0.2808121828125 0.15124444374999998 0.2996446703125
0 0.10831111093750001 0.5158375640624999 0.0852 0.5535025375 0.1072 0.583705584375 0.14684444375 0.53969543125 0.10831111093750001 0.5158375640624999
0 0.4637333328125 0.6767005078125 0.4857333328125 0.7219289343749999 0.47475555625 0.7658883249999999 0.47031111093750005 0.802335025 0.471422221875 0.8312690359375001 0.5077333328125 0.9531472078125001 0.5858666671874999 0.9631979703125 0.6816 0.9581725890625 0.719022221875 0.9028934015625 0.745422221875 0.813654821875 0.6980888890625 0.6929949234375 0.6552 0.6440101515625 0.6144888890625 0.62263959375 0.6056888890625001 0.68796954375 0.5990666671875 0.711878171875 0.57484444375 0.68796954375 0.547377778125 0.6767005078125 0.5121333328125 0.6603553296875 0.48022222187499997 0.6452791875 0.4637333328125 0.6767005078125
0 0.5600444437500001 0.6198984765625 0.5710222218750001 0.6460913703125 0.6031111109375 0.630406090625 0.6049777781250001 0.598984771875 0.5692 0.6031472078125 0.5600444437500001 0.6198984765625