0 0.541627409375 0.7533333328125 0.574475375 0.73443365625 0.5596145609375001 0.6942394828125 0.5377301921875 0.693042071875 0.541627409375 0.7533333328125
0 0.8255460390625 0.6162135921874999 0.8474518203124999 0.597313915625 0.8364882234375 0.5665695796875 0.80912205625 0.5665695796875 0.8255460390625 0.6162135921874999
0 0.8410064234375 0.45857605156250003 0.8535974296875001 0.4657928796875 0.8640042828125001 0.45466019375 0.8592291218750001 0.44220064687500005 0.8405781578125 0.44284789687500004 0.8410064234375 0.45857605156250003
0 0.680107065625 0.32809061562499997 0.6877087796875 0.31880258906250003 0.6855460390625 0.307313915625 0.680107065625 0.3062459546875 0.673875803125 0.31456310625 0.680107065625 0.32809061562499997
0 0.36768736562500004 0.000453075 0.36224839375 0.012297734375 0.35051391875000004 0.056925565624999994 0.34569593125 0.0792233015625 0.3592505359375 0.08242718437499999 0.3770235546875 0.0564724921875 0.3830406859375 0.0159223296875 0.38516059999999996 0.0040776703125 0.37912205625 0.000453075 0.36768736562500004 0.000453075
0 0.38877944375 0.08559870625 0.395096359375 0.09061488749999999 0.40895075 0.066925565625 0.4128693796875 0.0405178 0.40957173437499994 0.0259546921875 0.391477515625 0.0560194171875 0.38877944375 0.08559870625
0 0.1458672375 0.0991262140625 0.14946466875 0.1159223296875 0.1648394 0.11734627812500001 0.1796145609375 0.0886407765625 0.17809421875 0.0731715203125 0.1741755890625 0.0718122984375 0.1576017125 0.080453075 0.1458672375 0.0991262140625
0 0.0317773015625 0.867313915625 0.037516059375 0.8695792875 0.0480513921875 0.86 0.047152034375 0.8463430421875 0.0341970015625 0.84453074375 0.0317773015625 0.867313915625
0 0.656616703125 0.55556634375 0.6678158453124999 0.55556634375 0.6710706640625 0.537540453125 0.664561028125 0.5310032359375 0.6551606 0.5441100328124999 0.656616703125 0.55556634375
0 0.2854603859375 0.2733009703125 0.2938115625 0.27427184531250004 0.30087794375 0.261974109375 0.2944539609375 0.2535598703125 0.2820342609375 0.2567961171875 0.2854603859375 0.2733009703125
0 0.6402997859374999 0.7512297734375 0.6599143468750001 0.7618446609375 0.672483940625 0.749546925 0.6713704500000001 0.7361165046875 0.6410278375 0.7316504859374999 0.6402997859374999 0.7512297734375
0 0.240685225 0.842944984375 0.25843683125 0.847411003125 0.2669379015625 0.8278317156250001 0.2569593140625 0.8166666671874999 0.23809421875 0.81553398125 0.240685225 0.842944984375
0 0.694925053125 0.8609061484374999 0.737944325 0.847896440625 0.7262098499999999 0.8112621359375 0.6792933624999999 0.817184465625 0.694925053125 0.8609061484374999