0 0 0.8674213843749999 0.018144796875 0.8481761000000001 0.024389140625 0.8210691828125001 0.0208144796875 0.7827672953125 0.008371040625 0.7704402515625 0 0.7704402515625 0 0.8674213843749999
0 0.0048416296875 0.5889308171875001 0.0101809953125 0.6284276734375001 0.040361990625 0.6086792453125 0.0679185515625 0.5309433968749999 0.067013575 0.4753459125 0.007511312500000001 0.5309433968749999 0.0048416296875 0.5889308171875001
0 0.19936651562500002 0.6148427671875 0.23221719531249999 0.6099371062500001 0.2339819 0.569182390625 0.2135746609375 0.5506918234375 0.1735746609375 0.5877358484374999 0.19936651562500002 0.6148427671875
0 0.387647059375 0.7976100625 0.40099547500000005 0.8074842765625 0.4152036203125 0.7913836484375001 0.40009049843750005 0.7630188671875 0.384977375 0.77289308125 0.387647059375 0.7976100625
0 0.922352940625 0.5840251578125 0.9685520359374999 0.581509434375 0.9792307687499999 0.5457232703125 0.9596832578125 0.51119496875 0.917013575 0.5333962265625 0.922352940625 0.5840251578125
0 0.7653393671875001 0.430817609375 0.8010859734375 0.4118867921875 0.7993665156249999 0.3705031453125 0.7636651578125 0.37641509375000004 0.7653393671875001 0.430817609375
0 0.06343891406249999 0.692641509375 0.0883257921875 0.71119496875 0.1132126703125 0.6976100625 0.12298642500000001 0.6518867921875 0.1291855203125 0.6136477984375001 0.075022625 0.6235220125 0.06343891406249999 0.692641509375
0 0.30524886875 0.6246540875 0.3129411765625 0.62937106875 0.31547511250000004 0.5880503140625 0.2959276015625 0.5974842765624999 0.30524886875 0.6246540875
0 0.24574660625 0.7664779875 0.2720814484375 0.7605660375000001 0.2720814484375 0.7121383640625 0.2432126703125 0.7109433968750001 0.24574660625 0.7664779875
0 0.583348415625 0.49106918281249995 0.619095021875 0.48874213906249997 0.621628959375 0.432012578125 0.600361990625 0.435534590625 0.583348415625 0.49106918281249995
0 0.40719457031250006 0.5272327046874999 0.424977375 0.52471698125 0.42941176406250003 0.5086792453125 0.41787330312500004 0.492641509375 0.395656109375 0.503773584375 0.40719457031250006 0.5272327046874999
0 0.040769231249999996 0.3953459125 0.0696832578125 0.4130817609375 0.0875565609375 0.447358490625 0.1266968328125 0.43905660312499994 0.14877828125 0.3776100625 0.12072398124999999 0.3433333328125 0.056923076562499994 0.330314465625 0.04674208125 0.3551572328125 0.040769231249999996 0.3953459125
0 0.3699095015625 0.0012578609375000001 0.3663348421875 0.0222641515625 0.3823076921875 0.051886792187499996 0.41253393593750004 0.0593081765625 0.441855203125 0.0321383640625 0.4462895921875 0.011194968750000001 0.4320814484375 0.0074842765625 0.3991855203125 0.0037735843749999998 0.3699095015625 0.0012578609375000001