0 0.8237939703125001 0.827777778125 0.82723618125 0.7808611109375 0.7936432156250001 0.7561666671875 0.7545477390625 0.76605555625 0.762361809375 0.8129722218750001 0.8025628140625001 0.829 0.8237939703125001 0.827777778125
0 0.06437185937499999 0.1761111109375 0.068643215625 0.20094444375 0.087889446875 0.21749999999999997 0.1274371859375 0.25294444375 0.19693467343749999 0.29905555625 0.2514572859375 0.28841666718750003 0.28675879375 0.25294444375 0.3027889453125 0.2115833328125 0.3049246234375 0.1761111109375 0.303869346875 0.1418333328125 0.28675879375 0.11347222187499999 0.2589447234375 0.0886388890625 0.1873115578125 0.06619444375 0.1712814078125 0.0638333328125 0.130653265625 0.06194444375 0.10427135624999999 0.0891666671875 0.05778894531249999 0.07944444375000001 0.07826633125 0.15722222187499998 0.06437185937499999 0.1761111109375
0 0.5334422109375 0.8129722218750001 0.544623115625 0.8129722218750001 0.561356784375 0.7981388890625001 0.544623115625 0.7783888890624999 0.5323366828125 0.793222221875 0.5334422109375 0.8129722218750001
0 0.59374371875 0.8660555562500001 0.5871608046875 0.9043333328125 0.6005527640625 0.9043333328125 0.611608040625 0.867277778125 0.59374371875 0.8660555562500001
0 0.69424623125 0.7771666671874999 0.6988190953125 0.811722221875 0.7166834171875001 0.81544444375 0.72896985 0.8043333328125 0.7344472359374999 0.767277778125 0.7077638187499999 0.748777778125 0.6853266328125 0.7463055562500001 0.69424623125 0.7771666671874999
0 0.6082914578125 1 0.611608040625 0.9981388890625 0.608366834375 0.9932222218750001 0.5983165828125 0.9783888890625001 0.58826633125 0.9808611109375001 0.573643215625 0.9969166671874999 0.5859296484375001 1 0.6082914578125 1
0 0.9087688437500001 0.7191388890625 0.9064321609375 0.6944444437499999 0.862864321875 0.729 0.8495728640625 0.768527778125 0.8596231156249999 0.7969166671875 0.8886683421875 0.7759166671875 0.9087688437500001 0.7191388890625
0 0.3783417078125 0.7858055562499999 0.359346734375 0.77344444375 0.3424874375 0.79075 0.34025125625 0.82530555625 0.3448241203125 0.8388888890624999 0.37376884375 0.83025 0.3783417078125 0.7858055562499999
0 0.8618592968750001 0.5191388890625 0.8897738687500001 0.5413611109375001 0.9153517593749999 0.51544444375 0.9030653265625 0.4771666671875 0.8729145734375001 0.48086111093749995 0.8618592968750001 0.5191388890625
0 0.8708040203125 0.67469444375 0.865100503125 0.6635833328125 0.833844221875 0.65494444375 0.8082914578124999 0.6758333328125 0.8194221109375001 0.6993888890625 0.8417587937500001 0.6981388890625 0.8708040203125 0.67469444375
0 0.5233919593749999 0.629 0.5391457281250001 0.61419444375 0.5434924624999999 0.59075 0.54125628125 0.5759166671875 0.5245226125 0.5796388890624999 0.5156783921875 0.6030833328125 0.51223618125 0.6191388890625 0.5233919593749999 0.629
0 0.49000000000000005 0.25494444375 0.488894471875 0.23025 0.47547738749999996 0.21913888906249998 0.45427135625000004 0.255 0.46422110625 0.26975 0.47660804062500006 0.2796388890625 0.49000000000000005 0.25494444375
0 0 0.74005555625 0.030150753125000002 0.76005555625 0.0440452265625 0.709222221875 0.0098241203125 0.7175 0 0.7352777781250001 0 0.74005555625
0 0.0515326640625 0.482277778125 0.087889446875 0.44680555625 0.09324120625 0.42316666718749996 0.0579396984375 0.42316666718749996 0.05045226093750001 0.45272222187500005 0.0515326640625 0.482277778125
0 0.32952261250000003 0.3971666671875 0.3070603015625 0.39480555625 0.29103015 0.42197222187500005 0.2931658296875 0.4373611109375 0.339145728125 0.4373611109375 0.350904521875 0.41844444375 0.32952261250000003 0.3971666671875
0 0.4246733671875 0.6548333328125 0.42680904531249997 0.6761111109375 0.4407035171875 0.68794444375 0.4524623109375 0.68675 0.4246733671875 0.6548333328125
0 0.4214572859375 0.60755555625 0.396884421875 0.5886388890625 0.37336683437499996 0.591027778125 0.3626633171875 0.62055555625 0.39045226093749996 0.6536666671875 0.41077889375 0.6465833328125 0.4214572859375 0.60755555625
0 0.41718592968749996 0.8416111109375001 0.408643215625 0.8451388890624999 0.40969849218750004 0.8711666671874999 0.4225376890625 0.87705555625 0.41718592968749996 0.8416111109375001
0 0.2824623109375 0.8215 0.29208542656250003 0.817972221875 0.2899497484375 0.77069444375 0.28675879375 0.75769444375 0.277135678125 0.7494166671875 0.265376884375 0.7494166671875 0.26002512499999997 0.7718611109375 0.2546733671875 0.7978611109375 0.2728391953125 0.8191388890625 0.2675125625 0.8534166671875001 0.288894471875 0.87705555625 0.2824623109375 0.8215
0 0.7018090453125 1 0.710150753125 0.99644444375 0.7122864328125 0.9763611109375001 0.6994472359375 0.9586388890625 0.6876884421875 0.9137222218750001 0.6406532656249999 0.9515277781249999 0.6481407031249999 0.961 0.6641708546875 0.9810833328124999 0.6727135671875 0.99055555625 0.6915326640624999 1 0.7018090453125 1
0 0.856633165625 0.8238888890625 0.8544723624999999 0.856972221875 0.849145728125 0.8664166671875 0.8502010046875 0.8746944437499999 0.8694472359375001 0.8676111109375 0.8801507531249999 0.8581666671875 0.856633165625 0.8238888890625