0 0.1861428578125 0.33822134375 0.20847619062499997 0.3468774703125 0.22928571406249998 0.3320553359375 0.2278095234375 0.314782609375 0.21295238125 0.3024110671875 0.1891428578125 0.30735177812500003 0.1861428578125 0.33822134375
0 0.7662380953125 0.48268774687500005 0.79895238125 0.4777470359375 0.803428571875 0.45675889375 0.7810952375 0.43699604687500004 0.7483809531250001 0.46415019687500003 0.7662380953125 0.48268774687500005
0 0.85995238125 0.8900790515624999 0.8778095234375 0.9110671937499999 0.91495238125 0.9160079046874999 0.9268571421875 0.9049011859375 0.909 0.8728063234375 0.8837142859375 0.8728063234375 0.85995238125 0.8900790515624999
0 0.5460952375 0.781422925 0.5773333328125 0.7764822140625001 0.5847619046875 0.7604347828125 0.561 0.7493280625 0.5222857140625 0.7604347828125 0.5460952375 0.781422925
0 0.3021904765625 0.33822134375 0.323 0.3616996046875 0.3631428578125 0.3579841890625 0.3929047625 0.3407114625 0.3959047625 0.3197233203125 0.370619046875 0.3061264828125 0.32004761875 0.3036758890625 0.3021904765625 0.33822134375
0 0.278380953125 0.0876284578125 0.272428571875 0.12833992031250002 0.3081428578125 0.1431620546875 0.3408571421875 0.1407114625 0.3497619046875 0.1036758890625 0.3408571421875 0.0456521734375 0.3021904765625 0.0481027671875 0.278380953125 0.0876284578125
0 0.257571428125 0.241936759375 0.2888095234375 0.2592094859375 0.32895238125000004 0.2357707515625 0.3438095234375 0.1863636359375 0.323 0.15675889375000002 0.263523809375 0.1913043484375 0.257571428125 0.241936759375
0 0.330428571875 0.3950197625 0.312571428125 0.4135177859375 0.3423333328125 0.427114625 0.388428571875 0.4172332015625 0.40033333281249994 0.38268774687499996 0.40033333281249994 0.35549407187500004 0.3616666671875 0.36043478281249997 0.330428571875 0.3950197625
0 0.7428095234375001 0.3835968375 0.815476190625 0.37533596875 0.8054761906250001 0.33632411093750003 0.7342857140625 0.350513834375 0.7428095234375001 0.3835968375
0 0.2233333328125 0.48268774687500005 0.24419047656249998 0.493794465625 0.2530952375 0.48268774687500005 0.25161904687500003 0.453043478125 0.22633333281249998 0.46415019687500003 0.2233333328125 0.48268774687500005
0 0.26795238125 0.7160079046875001 0.30661904687499997 0.7592094859375 0.3468095234375 0.7863636359374999 0.397380953125 0.7863636359374999 0.4167142859375 0.7505928859375001 0.4033333328125 0.7024110671875 0.3720952375 0.68391304375 0.2962380953125 0.693794465625 0.26795238125 0.7160079046875001