0 0.9229209624999999 0.8416203703124999 0.9334364265625 0.8463425921875001 0.951890034375 0.7895833328124999 0.92817869375 0.7895833328124999 0.921168384375 0.80023148125 0.9229209624999999 0.8416203703124999
0 0.6544329890625 0.5 0.663230240625 0.51180555625 0.68426116875 0.4964351859375 0.6746048109375 0.465740740625 0.6605841921875 0.460972221875 0.6544329890625 0.5
0 0.37807560156250003 0.38416666718750003 0.361408934375 0.35226851875 0.345601375 0.37944444375 0.321030928125 0.37944444375 0.345601375 0.42078703749999996 0.3649140890625 0.45981481406249997 0.36841924375 0.4893518515625 0.3789347078125 0.5331018515625 0.4079037796875 0.5472685187499999 0.412268040625 0.5579166671875 0.41756013750000004 0.5709259265625 0.43773195937500003 0.6229166671875 0.4631615125 0.6016666671875 0.49037800625 0.59694444375 0.52281786875 0.5638425921875 0.5272164953125 0.5461111109375001 0.5149484531249999 0.522453703125 0.505292096875 0.521296296875 0.43333333281249997 0.4917129625 0.41841924375 0.47282407343750005 0.3991065296875 0.451527778125 0.36577319531249997 0.41726851875 0.37807560156250003 0.38416666718750003
0 0.07910652968750001 0.2753703703125 0.06635738906250001 0.3328240734375 0.0765635734375 0.3645370375 0.12491408906250001 0.3791203703125 0.1338144328125 0.324259259375 0.10773195937499999 0.26680555625 0.07910652968750001 0.2753703703125
0 0.7997250859375 0.2288888890625 0.8054639171875 0.2589351859375 0.8245360828124999 0.26319444375 0.8506529203125 0.2546296296875 0.8391752578125 0.211759259375 0.8054639171875 0.20750000000000002 0.7997250859375 0.2288888890625
0 0.9159450171874999 0.395509259375 0.9375601375 0.41351851875 0.9452233671875 0.3826388890625 0.9420274921875 0.3706481484375 0.921030928125 0.3706481484375 0.9159450171874999 0.395509259375
0 0.38718213125 0.856296296875 0.4109965640625 0.8674074078125 0.42381443281250003 0.839027778125 0.4109965640625 0.8242129625000001 0.3862542953125 0.8316203703125 0.38718213125 0.856296296875
0 0.642852234375 0.8674074078125 0.6162542953125 0.9217129625 0.6373539515625 0.983472221875 0.6767353953125 0.982222221875 0.7042268046875 0.9550462968750001 0.6923367703125 0.8686574078125 0.642852234375 0.8674074078125
0 0.719828178125 0.6859259265625 0.7454639171874999 0.7007407406249999 0.753711340625 0.6846759265625 0.751890034375 0.6698611109375 0.7344673546875 0.656296296875 0.719828178125 0.6859259265625
0 0.4925429546875 0.7908796296875 0.5136426109375 0.7970370375 0.5117869421875 0.763703703125 0.5044673546875 0.762453703125 0.48890034375 0.7748148140625 0.4925429546875 0.7908796296875
0 0.536529209375 0.81680555625 0.585120275 0.80569444375 0.597010309375 0.7476388890625 0.5731958765625 0.7316203703124999 0.5282817875 0.75875 0.536529209375 0.81680555625
0 0.0031958765625000004 0.6279166671875 0.0031958765625000004 0.6674074078125 0.012371134374999999 0.7254166671875 0.04353951875 0.757546296875 0.0966666671875 0.7501388890625 0.18109965625 0.66851851875 0.13608247499999998 0.6316203703125 0.1305841921875 0.5871759265625001 0.10859106562500001 0.519259259375 0.08384879687499999 0.439027778125 0.040790378125 0.40689814843749994 0.01694158125 0.4303703703125 0.00962199375 0.49828703750000003 0.00230240625 0.5686574078125 0.0031958765625000004 0.6279166671875
0 0.306529209375 0.70319444375 0.32027491406249997 0.70569444375 0.34134020625 0.6859259265625 0.3230240546875 0.662453703125 0.305601375 0.6698611109375 0.306529209375 0.70319444375