0 0.4092932859375 0.4337640453125 0.4226855125 0.4183988765625 0.433109540625 0.390028090625 0.41378091875 0.3853089890625 0.3766077734375 0.411320225 0.4092932859375 0.4337640453125
0 0.3780918734375 0.0826966296875 0.41823321562500004 0.0744382015625 0.3736395765625 0.030702246875 0.333462896875 0.0519662921875 0.3780918734375 0.0826966296875
0 0.7780565375 0.281292134375 0.8018727921875 0.313202246875 0.8241696109375001 0.2883707859375 0.8256537109375 0.25174157343750003 0.7929328625000001 0.24699438125 0.7780565375 0.281292134375
0 0.27547703125 0.2552808984375 0.302261484375 0.25764045 0.32159010625 0.23283707812499999 0.32159010625 0.20800561874999998 0.315618375 0.2008988765625 0.2844169609375 0.196179775 0.27102473437499996 0.21744382031249998 0.27547703125 0.2552808984375
0 0.232367490625 0.46924157343750006 0.256148409375 0.4550561796875 0.2680565375 0.4479494375 0.24127208437499997 0.44441011250000007 0.21452296875000001 0.44205056249999997 0.24797893750000002 0.455925340625 0.232367490625 0.46924157343750006
0 0.1461130734375 0.3533988765625 0.178833921875 0.36640449375 0.175865725 0.3392134828125 0.1535689046875 0.3332865171875 0.1461130734375 0.3533988765625
0 0.125300353125 0.4089606734375 0.149081271875 0.4018539328125 0.1475971734375 0.375842696875 0.110424028125 0.37820224687500004 0.1074558296875 0.392387640625 0.125300353125 0.4089606734375
0 0.050954064062500005 0.512977528125 0.0792226140625 0.514157303125 0.07473498281249999 0.49879213437500003 0.0792226140625 0.48696629218750004 0.049469964062499996 0.4881460671875 0.050954064062500005 0.49997190937499997 0.050954064062500005 0.512977528125
0 0.456890459375 0.640617978125 0.47028268593749994 0.68081460625 0.5178445234375 0.6914606734375 0.5743462890625 0.6914606734375 0.6055830390625 0.6914606734375 0.6353356890625 0.68081460625 0.656148409375 0.6477247187499999 0.6650530031249999 0.5791573031249999 0.627879859375 0.5354213484375 0.5624734984375 0.52477528125 0.534204946875 0.5354213484375 0.5356890453125 0.5531460671875 0.4777031796875 0.5992415734375001 0.456890459375 0.640617978125
0 0.6353356890625 0.54014045 0.6739929328125001 0.559073034375 0.726042403125 0.5661516859375 0.8241696109375001 0.547247190625 0.8107773859374999 0.49879213437500003 0.75427561875 0.48221910156250003 0.72303886875 0.4680617984375 0.681413428125 0.43140449375 0.6725088343750001 0.42550561875000004 0.6040989406249999 0.4680617984375 0.6353356890625 0.54014045
0 0.83159010625 0.0519662921875 0.8286219078125001 0.048426965625 0.8137455828125001 0.0366011234375 0.7929328625000001 0.050786517187500005 0.83159010625 0.0519662921875
0 0.6828975265625 0.2529213484375 0.6576325093750001 0.23162921406249998 0.642756184375 0.2541011234375 0.6828975265625 0.2529213484375
0 0.7383745578124999 0.12401685468750001 0.7306360421875 0.131432584375 0.7337455828125 0.142528090625 0.752367490625 0.1437640453125 0.764805653125 0.145 0.7694346296875 0.1264887640625 0.7508127203125 0.1227808984375 0.7383745578124999 0.12401685468750001
0 0.44798586562500003 0.2301966296875 0.4634982328125 0.23390449375000003 0.48215547656249996 0.23266853906249998 0.48215547656249996 0.21165730312500003 0.45572438125000003 0.2042696625 0.4433215546875 0.21165730312500003 0.44798586562500003 0.2301966296875
0 0.23519434687500002 0.125252809375 0.260070671875 0.11412921406250001 0.2585159015625 0.10674157343749999 0.241413428125 0.0919101125 0.20568904531249999 0.10674157343749999 0.23519434687500002 0.125252809375
0 0.446289753125 0.8278089890624999 0.45572438125000003 0.8808146062500001 0.558233215625 0.8857584265625 0.62035335625 0.8499438203125 0.6374558296874999 0.8092134828124999 0.6048409890625 0.76845505625 0.47438162500000003 0.7696910109374999 0.446289753125 0.8278089890624999
0 0.8004947 0.8598314609375001 0.8004947 0.8808146062500001 0.8207067140625 0.8882022468749999 0.8564310953125001 0.8869662921874999 0.8734982328124999 0.8659831453125 0.8657243812500001 0.8400561796874999 0.8502120140624999 0.825252809375 0.8129328625 0.8326685390625 0.8004947 0.8598314609375001
0 0 0.6342415734375 0.0007067140625 0.6375842703125 0.0100353359375 0.641292134375 0.025547703124999998 0.6375842703125 0.034876325 0.617837078125 0.0239929328125 0.6067415734375 0.0131448765625 0.6042696624999999 0.005371025 0.6042696624999999 0 0.6085393265625 0 0.6342415734375
0 0.494558303125 0.2919101125 0.488339221875 0.3042696625 0.5038869265625 0.3166011234375 0.5271731453124999 0.3104494375 0.5225088343750001 0.2832865171875 0.5085512375000001 0.2832865171875 0.494558303125 0.2919101125
0 0.0395406359375 0.2042696625 0.04109540625 0.21412921406250002 0.059717314062500006 0.217837078125 0.08144876250000001 0.21044943749999998 0.08611307343749999 0.1906741578125 0.08611307343749999 0.1820505625 0.073710246875 0.188202246875 0.059717314062500006 0.1894382015625 0.0395406359375 0.2042696625