0 0.2920212765625 0.170372340625 0.275957446875 0.1789893609375 0.275957446875 0.1950531921875 0.29819148906250004 0.1950531921875 0.3006382984375 0.1752659578125 0.2920212765625 0.170372340625
0 0.69074468125 0.1901063828125 0.6833510640625 0.1604787234375 0.661117021875 0.1690957453125 0.6561702125 0.1975 0.69074468125 0.1901063828125
0 0.854042553125 0.242340425 0.8788297875 0.235212765625 0.8740957453125 0.1985638296875 0.8493085109375 0.170212765625 0.80675531875 0.1831914890625 0.796117021875 0.2151063828125 0.8185638296875 0.25765957500000003 0.854042553125 0.242340425
0 0.4946808515625 0.19978723437499998 0.41547872343750003 0.15601063906249998 0.363457446875 0.2210638296875 0.4143085109375 0.2848936171875 0.47457446875000003 0.25648936093749997 0.486382978125 0.20329787187499998 0.4946808515625 0.19978723437499998
0 0.1991489359375 0.296702128125 0.21218085156250002 0.3534042546875 0.267712765625 0.33808510625 0.2689361703125 0.2836702125 0.2216489359375 0.25648936093749997 0.1991489359375 0.296702128125
0 0.2110106390625 0.7943085109375 0.22755319218749998 0.74941489375 0.2310638296875 0.7222340421875 0.18617021250000002 0.6973936171874999 0.14244680781250002 0.7257446812499999 0.1471808515625 0.7706914890625 0.18143617031249998 0.797872340625 0.2110106390625 0.7943085109375
0 0.48707446875000004 0.5987234046875 0.49941489375000003 0.6012234046875 0.514202128125 0.5950531921875 0.5240957453124999 0.56292553125 0.5093085109375 0.5456382984375 0.48457446875 0.55925531875 0.482127659375 0.585159575 0.48707446875000004 0.5987234046875
0 0.637659575 0.35308510625 0.6339893609375 0.36292553125000004 0.6451063828125 0.374042553125 0.664840425 0.3777659578125 0.661117021875 0.3641489359375 0.637659575 0.35308510625
0 0.8475531921874999 0.1135638296875 0.8475531921874999 0.0777659578125 0.837659575 0.03824468125 0.7994148937500001 0.0715957453125 0.79074468125 0.1160106390625 0.8129787234375 0.139468084375 0.8475531921874999 0.1135638296875
0 0.6561702125 0.13207446875 0.616702128125 0.0814361703125 0.5660638296875 0.07526595781249999 0.5314893609375 0.10489361718750001 0.5302659578125 0.174042553125 0.561117021875 0.1950531921875 0.5833510640624999 0.18143617031249998 0.5882978718749999 0.1493617015625 0.6352127656250001 0.1493617015625 0.6561702125 0.13207446875
0 0.3722340421875 0.261702128125 0.3549468078125 0.24441489375 0.3438297875 0.25925531875 0.361117021875 0.276542553125 0.3722340421875 0.261702128125
0 0.7783510640625 0.7304787234375001 0.7370212765625 0.6867553187500001 0.6814361703125 0.6288297875 0.6424468078125 0.6158510640625 0.5638297875 0.604787234375 0.5234042546875 0.6425531921875 0.52925531875 0.6914893609375 0.5431382984375001 0.732872340625 0.5608510640625 0.7446808515625001 0.5987234046875 0.7825 0.6353191484375 0.7990425531249999 0.69324468125 0.7848936171875 0.7334574468749999 0.768297871875 0.7783510640625 0.7304787234375001