0 0.429523809375 0.76172661875 0.440773809375 0.7888489203125 0.4611904765625 0.7876259 0.47142857187500004 0.7653956828124999 0.46529761875000003 0.7357553953125 0.44482142812500003 0.728417265625 0.4305357140625 0.739496403125 0.429523809375 0.76172661875
0 0.7719047625 0.30136690625 0.76404761875 0.3273381296875 0.768928571875 0.3557553953125 0.7855952375 0.37935251875 0.8002380953125 0.38057553906249997 0.805119046875 0.35100719375 0.7963095234375 0.3143884890625 0.7836309531250001 0.30136690625 0.7719047625 0.30136690625
0 0.2799404765625 0.0673381296875 0.26232142812500003 0.081510790625 0.2642857140625 0.11223021562499999 0.2819047625 0.1228776984375 0.3083333328125 0.128776978125 0.3357142859375 0.13 0.345476190625 0.0897841734375 0.31124999999999997 0.07208633125 0.2799404765625 0.0673381296875
0 0.8085119046875 0.651870503125 0.8289285718749999 0.6222302156249999 0.8227976187499999 0.59381295 0.7808928578125001 0.5876259 0.7543452375 0.607410071875 0.7666071421875 0.6419424453125 0.8085119046875 0.651870503125
0 0.383571428125 0.7 0.4132142859375 0.7197122296875 0.4417857140625 0.716043165625 0.4581547625 0.698776978125 0.4499404765625 0.6579856109375 0.3968452375 0.6357553953124999 0.38154761875 0.6629496406250001 0.383571428125 0.7
0 0.4397619046875 0.5653956828125 0.4397619046875 0.5357553953124999 0.4172619046875 0.51482014375 0.38660714218750003 0.5197122296875001 0.3754166671875 0.545683453125 0.3845833328125 0.571582734375 0.399880953125 0.60244604375 0.4305357140625 0.630863309375 0.452023809375 0.637050359375 0.4703571421875 0.6172661875000001 0.46529761875000003 0.5802158265624999 0.4530357140625 0.575323740625 0.4397619046875 0.5653956828125
0 0.3355357140625 0.6184892093750001 0.34375 0.60863309375 0.33863095312499997 0.59136690625 0.31 0.5802158265624999 0.30898809531250004 0.60244604375 0.3141071421875 0.6123021578125 0.3355357140625 0.6184892093750001
0 0.540119046875 0.6500719421875 0.5214880953125001 0.6548201437500001 0.4970833328125 0.6476978421874999 0.4902380953125 0.6571942453124999 0.4902380953125 0.6772661875 0.4902380953125 0.6890647484375 0.5 0.694964028125 0.5313095234375 0.703237409375 0.549880953125 0.6902877703125 0.5479166671875 0.6642446046875 0.540119046875 0.6500719421875
0 0.2604166671875 0.7008633093750001 0.247678571875 0.7162589921875 0.23690476249999998 0.7363309359375 0.24279761875 0.7399280578125 0.253571428125 0.7658992812500001 0.26821428593749996 0.7694244609374999 0.27214285781249997 0.7635251796875 0.270178571875 0.7399280578125 0.271130953125 0.7162589921875 0.2604166671875 0.7008633093750001
0 0.626130953125 0.8120143890625 0.6496428578125 0.7919424453125 0.6339880953125 0.7859712234375 0.61345238125 0.7859712234375 0.594880953125 0.7978417265625 0.6026785718750001 0.8226618703125 0.626130953125 0.8120143890625
0 0.4011904765625 0.7588489203125001 0.38166666718750003 0.7387050359375 0.3660119046875 0.7138848921875 0.36404761875 0.7493525187500001 0.38166666718750003 0.7671223015625 0.4011904765625 0.7588489203125001
0 0.3014880953125 0.9302158265625 0.31416666718749997 0.940863309375 0.3258928578125 0.920719425 0.31124999999999997 0.9124460437499999 0.3014880953125 0.9302158265625
0 0.149880953125 0.8829496406249999 0.1763095234375 0.87935251875 0.1831547625 0.8462589921875001 0.16845238125 0.849856115625 0.149880953125 0.8829496406249999
0 0.38946428593750004 0.24582733750000002 0.413928571875 0.2789208640625 0.43154761875 0.2671223015625 0.46285714218749996 0.2717985609375 0.4530357140625 0.229280575 0.43839285781250004 0.2127338125 0.4110119046875 0.211510790625 0.38946428593750004 0.24582733750000002
0 0.0628571421875 0.3427338125 0.06970238125 0.35100719375 0.08630952343750001 0.38532374062499997 0.1068452375 0.39827338125 0.13029761875 0.40064748124999994 0.1371428578125 0.37345323750000003 0.1293452375 0.34158273437500003 0.1019642859375 0.3451079140625 0.0628571421875 0.3427338125
0 0.4530357140625 0.069136690625 0.4836904765625 0.037050359375 0.46529761875000003 0.0036690640625 0.4285119046875 0.007410071875 0.4152380953125 0.033309353125 0.42136904687500004 0.051870503125 0.4530357140625 0.069136690625