0 0.71426900625 0.8591358031249999 0.7102923984375 0.8297530859375 0.6814619890625 0.8465432093749999 0.685438596875 0.8728395062500001 0.7053216375 0.8728395062500001 0.71426900625 0.8591358031249999
0 0.33894736875000003 0.684135803125 0.29415204687499996 0.7030864203125 0.2607017546875 0.7243209875 0.20684210468750003 0.7775308640625 0.24152046718750003 0.80351851875 0.21368421093749998 0.8236419749999999 0.2146783625 0.848456790625 0.23257310000000003 0.8685802468749999 0.2629239765625 0.86148148125 0.28076023437500003 0.848456790625 0.29315789531249997 0.8661728390625001 0.32900584843749997 0.843703703125 0.36023391875 0.79055555625 0.3838596484375 0.7669135796875 0.37040935625000004 0.6995061734375 0.33894736875000003 0.684135803125
0 0.828421053125 0.368580246875 0.8060233921875 0.3626543203125 0.8150292390624999 0.42055555624999996 0.8542105265625001 0.413456790625 0.861929825 0.381543209375 0.828421053125 0.368580246875
0 0.5069590640625 0.2503703703125 0.49573099374999996 0.27283950625000003 0.5226315796875001 0.3059259265625 0.5326900578125 0.3188888890625 0.5461403515625001 0.343703703125 0.5798245609375 0.3354320984375 0.6078362578125 0.3283950625 0.599883040625 0.30117283906250003 0.57298245625 0.25623456718750004 0.542865496875 0.2467901234375 0.538421053125 0.22080246875 0.5069590640625 0.2503703703125
0 0.6593567250000001 0.8390123453125 0.632456140625 0.830740740625 0.6040935671875001 0.8154320984375 0.568421053125 0.8197530859375 0.5752631578125 0.8508024687500001 0.587543859375 0.8590740734375 0.5965497078124999 0.8957407406250001 0.6267836250000001 0.8862962968750001 0.6593567250000001 0.8390123453125
0 0.5261403515625 0.34216049375 0.4694152046875 0.340061728125 0.42959064375 0.377901234375 0.43555555625000003 0.4220370375 0.49029239843749994 0.43987654374999996 0.5321052625 0.4251851859375 0.5370760234375 0.39783950625000003 0.5261403515625 0.34216049375
0 0.2692982453125 0.190864196875 0.282222221875 0.21919753125 0.332046784375 0.2076543203125 0.3559064328125 0.181419753125 0.32105263125 0.1351851859375 0.28023391875 0.15092592656249998 0.2692982453125 0.190864196875
0 0.139883040625 0.264382715625 0.14385964843750002 0.29487654375 0.173742690625 0.30327160468750003 0.214561403125 0.27283950625000003 0.20859649062500002 0.22870370312500002 0.15684210468749998 0.23080246875000002 0.139883040625 0.264382715625
0 0.0443274859375 0.292777778125 0.0771929828125 0.3116666671875 0.108070175 0.2675925921875 0.1100584796875 0.24759259218750002 0.093099415625 0.208703703125 0.0413450296875 0.23919753125 0.0443274859375 0.292777778125
0 0.14087719375000002 0.6689506171875 0.1299415203125 0.6479629625000001 0.0940935671875 0.6931481484375001 0.09807017500000001 0.723580246875 0.1209941515625 0.723580246875 0.14087719375000002 0.6689506171875
0 0.063216375 0.88228395 0.08017543906249999 0.918024690625 0.1130409359375 0.9295679015625 0.1448538015625 0.91271605 0.127953215625 0.8717901234375001 0.0881286546875 0.8591358031249999 0.063216375 0.88228395
0 1 0.7233950625000001 0.9930409359375 0.70783950625 0.9800584796875 0.719382715625 0.9711111109375 0.7467283953125 0.978070175 0.757222221875 0.9940350875 0.7540740734375 0.9990058484375 0.7425308640625 1 0.7375925921875 1 0.7233950625000001
0 0 0.589938271875 0.0234502921875 0.6038271609375 0.05128655 0.54919753125 0.0413450296875 0.5333950625 0.0054970765625 0.5481481484375 0 0.5804938265625 0 0.589938271875
0 0.6481286546875 1 0.659239765625 0.9894444437500001 0.6504678359375 0.958580246875 0.6223976609374999 0.9746296296875 0.6259064328124999 0.9980864203125 0.6426900578125 1 0.6481286546875 1