0 0.0183219171875 0.14740259687499999 0.023047945312500002 0.1525324671875 0.046095890625000004 0.1345454546875 0.048801370312499995 0.0728571421875 0.016952054687500002 0.0690259734375 0.0183219171875 0.14740259687499999
0 0.0311986296875 0.7922727265625 0.021027396875 0.828246753125 0.0244178078125 0.859090909375 0.04 0.8616233765624999 0.048801370312499995 0.8064285718749999 0.046780821875 0.7909740265625 0.0311986296875 0.7922727265625
0 0.4891780828125 0.9258441562499999 0.50068493125 0.9142857140625 0.49595890468750004 0.898896103125 0.4905479453125 0.8911688312500001 0.48445205468749997 0.9130519484375 0.4891780828125 0.9258441562499999
0 0.50681506875 0.8950649343749999 0.514246575 0.8950649343749999 0.514246575 0.8744805187500001 0.507465753125 0.86551948125 0.5034246578125 0.8757792203125 0.50681506875 0.8950649343749999
0 0.571849315625 0.862922078125 0.5901369859375001 0.8706493500000001 0.6003082187500001 0.85649350625 0.592157534375 0.82181818125 0.571849315625 0.8231168828125 0.571849315625 0.862922078125
0 0.7059931500000001 0.9348701296874999 0.711404109375 0.9220129874999999 0.7019178078125 0.8873376625 0.6734589046874999 0.8847402593749999 0.6666780828125 0.9027272734375 0.666027396875 0.9400000000000001 0.677534246875 0.9553896109375 0.7059931500000001 0.9348701296874999
0 0.81099315 0.151233765625 0.830650684375 0.151233765625 0.8360616437499999 0.12298701249999999 0.8170890406250001 0.10759740312499999 0.7920205484375 0.11012987031249999 0.81099315 0.151233765625
0 0.25780821875000004 0.4704545453125 0.28085616406249997 0.41136363593749997 0.27 0.35616883125 0.2090410953125 0.35616883125 0.2131164390625 0.4037012984375 0.2144520546875 0.4692207796875 0.23273972656250003 0.503896103125 0.25780821875000004 0.4704545453125
0 0.2219178078125 0.1878571421875 0.19818493125 0.16603896093749998 0.20363013749999997 0.226428571875 0.21852739687499997 0.226428571875 0.2219178078125 0.1878571421875
0 0.9248287671875 0.2681168828125 0.9465068499999999 0.2565584421875 0.9485273968750001 0.234740259375 0.9309246578125 0.21162337656250002 0.9044863015625 0.23090909062499998 0.9248287671875 0.2681168828125
0 0.61349315 0.713246753125 0.599965753125 0.68883116875 0.5823287671874999 0.7351298703125 0.5925 0.7711038968749999 0.61349315 0.764675325 0.6250342468750001 0.7376623375 0.61349315 0.713246753125
0 0.9055136984375001 0.776233765625 0.9407534249999999 0.796753246875 0.967157534375 0.7942207796874999 0.959726028125 0.764675325 0.9522602734375001 0.7287012984375 0.9285616437499999 0.7120129875 0.9285616437499999 0.7248051953125 0.908904109375 0.7531168828125 0.9055136984375001 0.776233765625
0 0.31030821875000003 0.44415584375000006 0.34756849375 0.450584415625 0.3753767125 0.3773376625 0.3801027390625 0.3079870125 0.39705479375 0.2501948046875 0.35705479375000004 0.22448051875 0.31640410937499996 0.2527272734375 0.30695205468750003 0.34136363593749997 0.31030821875000003 0.44415584375000006
0 0.52780821875 0.184675325 0.559657534375 0.178246753125 0.5636986296875001 0.1525324671875 0.547465753125 0.129415584375 0.5251027390624999 0.1487012984375 0.52780821875 0.184675325
0 0.5711643828125 0.51350649375 0.5881164390625 0.507077921875 0.592157534375 0.4813636359375 0.5914726031249999 0.450584415625 0.57455479375 0.47753246718750003 0.5711643828125 0.51350649375
0 0.2602054796875 0 0.2527397265625 0.0009740265624999999 0.2418835609375 0.0009740265624999999 0.23445205468750002 0.0022077921875 0.23106164375 0.00350649375 0.22835616406249998 0.011233765625 0.22835616406249998 0.012532467187499998 0.23239726093750002 0.0227922078125 0.2534246578125 0.024090909375 0.271027396875 0.016363635937500003 0.2630479453125 0 0.2602054796875 0