0 0.17620602968750002 0.172222221875 0.17276381875 0.21913888906249998 0.206356784375 0.24383333281250003 0.2454522609375 0.23394444375 0.23763819062499997 0.187027778125 0.19743718593749998 0.17099999999999999 0.17620602968750002 0.172222221875
0 0.71324120625 0.7470555562500001 0.6972110546875 0.7884166671874999 0.6950753765625 0.8238888890625 0.696130653125 0.8581666671875 0.71324120625 0.886527778125 0.7410552765625 0.9113611109375 0.8126884421874999 0.93380555625 0.8287185921875 0.9361666671875 0.8693467343749999 0.9380555562499999 0.89572864375 0.9108333328124999 0.9422110546875 0.9205555562500001 0.92173366875 0.8427777781250001 0.935628140625 0.8238888890625 0.931356784375 0.79905555625 0.912110553125 0.7825 0.8725628140625 0.7470555562500001 0.8030653265625001 0.70094444375 0.7485427140625001 0.7115833328125001 0.71324120625 0.7470555562500001
0 0.455376884375 0.2216111109375 0.46766331718750004 0.20677777812499998 0.4665577890625 0.187027778125 0.455376884375 0.187027778125 0.43864321562499997 0.2018611109375 0.455376884375 0.2216111109375
0 0.40625628125 0.13394444375 0.4128391953125 0.0956666671875 0.3994472359375 0.0956666671875 0.388391959375 0.132722221875 0.40625628125 0.13394444375
0 0.2833165828125 0.18455555625 0.27103014999999997 0.1956666671875 0.2655527640625 0.23272222187499997 0.29223618125 0.251222221875 0.3146733671875 0.25369444375 0.30575376875 0.2228333328125 0.3011809046875 0.188277778125 0.2833165828125 0.18455555625
0 0.3917085421875 0 0.388391959375 0.0018611109375 0.391633165625 0.006777778125 0.4016834171875 0.0216111109375 0.41173366875 0.0191388890625 0.42635678437499996 0.0030833328125 0.4140703515625 0 0.3917085421875 0
0 0.09123115625 0.2808611109375 0.0935678390625 0.30555555624999997 0.137135678125 0.271 0.15042713593749998 0.231472221875 0.140376884375 0.2030833328125 0.11133165781250001 0.22408333281249998 0.09123115625 0.2808611109375
0 0.6216582921875 0.21419444375 0.6406532656249999 0.22655555624999998 0.6575125625 0.20925 0.65974874375 0.17469444375 0.6551758796875 0.1611111109375 0.62623115625 0.16975 0.6216582921875 0.21419444375
0 0.0969346734375 0.5228333328125 0.1270854265625 0.5191388890625 0.138140703125 0.48086111093749995 0.11022613125 0.4586388890625 0.08464824062500001 0.48455555625 0.0969346734375 0.5228333328125
0 0.12919597968750002 0.32530555625 0.134899496875 0.3364166671875 0.166155778125 0.34505555625 0.1917085421875 0.3241666671875 0.1805778890625 0.3006111109375 0.15824120625 0.3018611109375 0.12919597968750002 0.32530555625
0 0.4565075375 0.40925 0.45874371875 0.42408333281250005 0.47547738749999996 0.4203611109375 0.4843216078125 0.3969166671875 0.48776381874999997 0.3808611109375 0.47660804062500006 0.371 0.460854271875 0.38580555625 0.4565075375 0.40925
0 0.51 0.74505555625 0.511105528125 0.7697499999999999 0.5245226125 0.7808611109375 0.54572864375 0.745 0.53577889375 0.7302500000000001 0.5233919593749999 0.7203611109375 0.51 0.74505555625
0 1 0.25994444375 0.9698492468750001 0.23994444375 0.9559547734375 0.290777778125 0.9901758796875001 0.28250000000000003 1 0.264722221875 1 0.25994444375
0 0.9420603015625 0.5768333328125 0.9495477390625 0.547277778125 0.9484673359375 0.5177222218749999 0.912110553125 0.55319444375 0.9067587937500001 0.5768333328125 0.9420603015625 0.5768333328125
0 0.6704773875 0.6028333328125 0.6929396984375 0.6051944437500001 0.70896985 0.578027778125 0.7068341703125001 0.5626388890625 0.660854271875 0.5626388890625 0.649095478125 0.58155555625 0.6704773875 0.6028333328125
0 0.5753266328125 0.3451666671875 0.5731909546875 0.3238888890625 0.5592964828125 0.31205555625 0.5475376890625 0.31325 0.5753266328125 0.3451666671875
0 0.5785427140625 0.39244444375 0.6031155781249999 0.41136111093750005 0.626633165625 0.40897222187500004 0.6373366828125 0.37944444375 0.6095477390624999 0.3463333328125 0.58922110625 0.3534166671875 0.5785427140625 0.39244444375
0 0.5828140703125 0.15838888906249998 0.591356784375 0.1548611109375 0.5903015078125 0.1288333328125 0.5774623109375 0.12294444375 0.5828140703125 0.15838888906249998
0 0.7111055281249999 0.12294444375 0.7175376890625 0.1785 0.7079145734375001 0.18202777812499998 0.7100502515625 0.22930555625000001 0.71324120625 0.24230555625 0.722864321875 0.2505833328125 0.734623115625 0.2505833328125 0.7399748749999999 0.22813888906250002 0.7453266328125 0.2021388890625 0.7271608046875 0.18086111093749999 0.7324874375 0.1465833328125 0.7111055281249999 0.12294444375
0 0.2981909546875 0 0.289849246875 0.00355555625 0.2877135671875 0.023638889062499998 0.3005527640625 0.0413611109375 0.31231155781250003 0.08627777812500001 0.359346734375 0.048472221875 0.351859296875 0.039 0.3358291453125 0.0189166671875 0.32728643281249997 0.00944444375 0.3084673359375 0 0.2981909546875 0
0 0.143366834375 0.1761111109375 0.1455276375 0.143027778125 0.150854271875 0.1335833328125 0.14979899531250002 0.12530555625 0.1305527640625 0.1323888890625 0.11984924687500001 0.1418333328125 0.143366834375 0.1761111109375