0 0.2475675671875 0.7420579703125 0.2339864859375 0.7685217390625 0.250033784375 0.7960579703125 0.2771959453125 0.790782609375 0.2784459453125 0.756869565625 0.2475675671875 0.7420579703125
0 0.299425675 0.6382608703125 0.2809121625 0.6191884062499999 0.2735135140625 0.638231884375 0.2784459453125 0.6498840578125 0.299425675 0.6382608703125
0 0.5599324328125 0.9390724640625001 0.5747297296875 0.95918840625 0.59324324375 0.9602608703125 0.6179391890625 0.9401159421875 0.5796621625 0.91681159375 0.5599324328125 0.9390724640625001
0 0.94141891875 0.44336231875000004 0.9315202703125 0.47828985468749996 0.950033784375 0.49843478281250003 0.99324324375 0.47936231874999996 0.9895608109375 0.4454782609375 0.94141891875 0.44336231875000004
0 0.8616554046875 0.7099420296875001 0.8486824328125 0.678492753125 0.8333108109375 0.7058840578125001 0.845135134375 0.72208695625 0.8616554046875 0.7099420296875001
0 0.46351351406249997 0.68463768125 0.38682432499999997 0.669855071875 0.3695945953125 0.7368115937499999 0.3378378375 0.762318840625 0.3418918921875 0.81710145 0.37668918906250004 0.7979710140625 0.413175675 0.8217391296875001 0.40743243281249997 0.8536231890625 0.47040540468750003 0.8245217390624999 0.5224324328125001 0.8032463765625 0.5271621625 0.7616521734374999 0.49760135156249996 0.714 0.46351351406249997 0.68463768125
0 0.25175675625 0.26371014531250003 0.294290540625 0.280956521875 0.315574325 0.2890724640625 0.33922297343749996 0.295130434375 0.3959459453125 0.3042608703125 0.41722972968749994 0.2910724640625 0.4326013515625 0.26269565156249997 0.4550675671875 0.224144928125 0.46212837812499996 0.19881159375 0.5202702703125001 0.139420290625 0.4702702703125 0.0802898546875 0.3878378375 0.0565217390625 0.3293918921875 0.0695652171875 0.2954729734375 0.0781159421875 0.2588513515625 0.0933333328125 0.235202703125 0.11057970937499999 0.226925675 0.1237391296875 0.20800675625 0.1399710140625 0.2056418921875 0.1663478265625 0.1938175671875 0.1998260875 0.22810810781250002 0.245449275 0.25175675625 0.26371014531250003
0 0.7722635140625 0.42321739062499997 0.76858108125 0.4634782609375 0.7883108109375 0.48043478281249996 0.8179391890625001 0.4677101453125 0.8056081078125 0.4285217390625 0.7722635140625 0.42321739062499997
0 0.8784459453125001 0.298231884375 0.869797296875 0.280231884375 0.8488175671875 0.27281159375 0.8389527031249999 0.29611594218750004 0.856216215625 0.304579709375 0.863614865625 0.304579709375 0.8784459453125001 0.298231884375
0 0.9503378375 0.5071014500000001 0.9195945953125 0.4959420296875 0.8959459453124999 0.528405796875 0.934966215625 0.5334782609375 0.9503378375 0.5071014500000001
0 0.934628378125 0.11889855 0.949425675 0.12739130468749998 0.9679391890625 0.1146666671875 0.9765878375 0.10936231874999999 0.9864527031250001 0.0786666671875 0.9815202703124999 0.06278260937499999 0.960540540625 0.052173912499999996 0.9235135140624999 0.0617101453125 0.89016891875 0.0744347828125 0.8630067562500001 0.0722898546875 0.8556081078125001 0.108318840625 0.8667229734375 0.1284347828125 0.892635134375 0.13162318906249998 0.905 0.111507246875 0.934628378125 0.11889855
0 0.781283784375 0.7383188406250001 0.754121621875 0.717043478125 0.73875 0.7433913046875 0.7647297296875 0.754550725 0.781283784375 0.7383188406250001
0 0.15621621562500002 0.7812463765625 0.1488175671875 0.8098260875 0.1625 0.819420290625 0.1895608109375 0.804550725 0.17601351406250001 0.7802898546875 0.15621621562500002 0.7812463765625
0 0.9475675671875001 0.972956521875 0.950033784375 0.954956521875 0.9315202703125 0.9433043484375 0.909324325 0.9496521734375 0.9018918921875001 0.9644927531249999 0.9191891890624999 0.9803768109375 0.9475675671875001 0.972956521875
0 0.951283784375 0.9486086953124999 0.957466215625 0.9570724640625 0.96733108125 0.9644927531249999 0.9833783781250001 0.9613043484375 0.99574324375 0.9507246374999999 0.99574324375 0.9348405796874999 0.9735135140625 0.9231884062500001 0.956216215625 0.9380000000000001 0.951283784375 0.9486086953124999
0 0.84141891875 0.7897101453125 0.806824325 0.790782609375 0.7957432437499999 0.8172463765625 0.8265878375 0.8479710140625001 0.8475675671875 0.8744637687499999 0.864864865625 0.875507246875 0.884628378125 0.86281159375 0.8809121624999999 0.836318840625 0.86733108125 0.804550725 0.84141891875 0.7897101453125
0 0.496959459375 0.5333913046875 0.5303040546875 0.5270144921875 0.5352364859375001 0.5047826093750001 0.524121621875 0.4846666671875 0.49820945937500005 0.482550725 0.47966216250000004 0.5037101453124999 0.48831081093749995 0.5259710140625 0.496959459375 0.5333913046875
0 0.1759797296875 0.572579709375 0.15746621562500002 0.58 0.16114864843750001 0.6011594203125 0.19449324375000002 0.599043478125 0.1895608109375 0.5852753625 0.1759797296875 0.572579709375