0 0.4320553359375 0.7570952375 0.42616600781249997 0.6986666671874999 0.35758893281250004 0.70295238125 0.37770750937500003 0.7841428578125 0.4320553359375 0.7570952375
0 0.5086166015625 0.336380953125 0.49747035625 0.376571428125 0.5320553359375 0.3929047625 0.553043478125 0.3542380953125 0.53822134375 0.324476190625 0.5086166015625 0.336380953125
0 0.198735178125 0.025523809375 0.1727272734375 0.0180952375 0.1431620546875 0.031476190625 0.1468774703125 0.0463333328125 0.17391304375 0.058095237499999994 0.198735178125 0.0419047625 0.198735178125 0.025523809375
0 0.041936759375 0.02404761875 0.0481027671875 0.040380953125 0.0740316203125 0.0641904765625 0.0900790515625 0.028523809374999997 0.0764822140625 0.0017142859375 0.041936759375 0.02404761875
0 0.266640315625 0.8227619046875001 0.2579841890625 0.8182857140625 0.24687747031249999 0.8227619046875001 0.24687747031249999 0.8301904765625 0.25675889375 0.849523809375 0.26786561249999996 0.8406190468749999 0.266640315625 0.8227619046875001
0 0.2728063234375 0.7602857140625 0.2579841890625 0.7588095234375001 0.24687747031249999 0.7751428578125 0.2505928859375 0.7870476187500001 0.27031620625 0.788523809375 0.2777470359375 0.7781428578125 0.2728063234375 0.7602857140625
0 0.5609090906249999 0.5577142859374999 0.5632806328125 0.533476190625 0.5396442687499999 0.5178095234375 0.5387351781249999 0.5666666671875 0.5609090906249999 0.5577142859374999
0 0.6306324109375 0.711523809375 0.6235573125 0.66595238125 0.5999209484375 0.657380953125 0.5916205531250001 0.7143333328125 0.6306324109375 0.711523809375
0 0.92968379375 0.899476190625 0.9391699609374999 0.8496190468749999 0.90252964375 0.8468095234374999 0.8977865609375 0.879523809375 0.92968379375 0.899476190625
0 0.816245059375 0.3611904765625 0.8552173906249999 0.335571428125 0.8268774703125 0.308476190625 0.80675889375 0.33128571406249996 0.816245059375 0.3611904765625
0 0.816245059375 0.4280952375 0.843399209375 0.40676190468750006 0.84106719375 0.375428571875 0.80675889375 0.3797142859375 0.816245059375 0.4280952375
0 0.9604347828125 0.093476190625 0.984071146875 0.06780952343749999 0.9639920953125 0.018 0.9226086953125 0.046476190625000004 0.9604347828125 0.093476190625
0 0.6897628453125 0.194571428125 0.648379446875 0.2130952375 0.6389328062499999 0.26009523749999997 0.6672727265625 0.25152380937499996 0.70391304375 0.21590476249999999 0.6897628453125 0.194571428125
0 0.4143478265625 0.399619046875 0.37533596875 0.421 0.3635177859375 0.49219047656250003 0.4166798421875 0.4608571421875 0.45924901250000005 0.40533333281250006 0.4143478265625 0.399619046875
0 0.2299209484375 0.6146666671875 0.2583003953125 0.6118095234375 0.2713043484375 0.560571428125 0.21577075156249997 0.56195238125 0.2299209484375 0.6146666671875
0 0.0904743078125 0.718619046875 0.1424505921875 0.721476190625 0.17557312187500002 0.6872857140625 0.17557312187500002 0.627476190625 0.1590118578125 0.57904761875 0.0869169953125 0.600428571875 0.07628458437499999 0.6687619046875 0.0904743078125 0.718619046875