0 0.8674213843749999 1 0.8481761000000001 0.9818552031250001 0.8210691828125001 0.9756108593749999 0.7827672953125 0.9791855203125 0.7704402515625 0.991628959375 0.7704402515625 1 0.8674213843749999 1
0 0.4753459125 0.932986425 0.5309433968749999 0.9924886875000001 0.5889308171875001 0.9951583703125 0.6284276734375001 0.9898190046875 0.6086792453125 0.959638009375 0.5309433968749999 0.9320814484375 0.4753459125 0.932986425
0 0.6148427671875 0.800633484375 0.6099371062500001 0.7677828046874999 0.569182390625 0.7660180999999999 0.5506918234375 0.7864253390625 0.5877358484374999 0.8264253390625 0.6148427671875 0.800633484375
0 0.7976100625 0.612352940625 0.8074842765625 0.599004525 0.7913836484375001 0.5847963796875 0.7630188671875 0.5999095015625 0.77289308125 0.615022625 0.7976100625 0.612352940625
0 0.5840251578125 0.07764705937500001 0.581509434375 0.0314479640625 0.5457232703125 0.02076923125 0.51119496875 0.0403167421875 0.5333962265625 0.082986425 0.5840251578125 0.07764705937500001
0 0.3705031453125 0.200633484375 0.37641509375000004 0.2363348421875 0.430817609375 0.2346606328125 0.4118867921875 0.19891402656249998 0.3705031453125 0.200633484375
0 0.6136477984375001 0.8708144796875 0.6235220125 0.9249773749999999 0.692641509375 0.9365610859375 0.71119496875 0.9116742078125 0.6976100625 0.8867873296875001 0.6518867921875 0.877013575 0.6136477984375001 0.8708144796875
0 0.5880503140625 0.6845248875000001 0.5974842765624999 0.7040723984375 0.6246540875 0.69475113125 0.62937106875 0.6870588234375 0.5880503140625 0.6845248875000001
0 0.7121383640625 0.7279185515625 0.7109433968750001 0.7567873296875 0.7664779875 0.75425339375 0.7605660375000001 0.7279185515625 0.7121383640625 0.7279185515625
0 0.432012578125 0.378371040625 0.435534590625 0.399638009375 0.49106918281249995 0.416651584375 0.48874213906249997 0.380904978125 0.432012578125 0.378371040625
0 0.5272327046874999 0.5928054296874999 0.52471698125 0.575022625 0.5086792453125 0.5705882359375 0.492641509375 0.582126696875 0.503773584375 0.6043438906249999 0.5272327046874999 0.5928054296874999
0 0.447358490625 0.9124434390625 0.43905660312499994 0.8733031671875 0.3776100625 0.85122171875 0.3433333328125 0.87927601875 0.330314465625 0.9430769234374999 0.3551572328125 0.95325791875 0.3953459125 0.95923076875 0.4130817609375 0.9303167421874999 0.447358490625 0.9124434390625
0 0.051886792187499996 0.6176923078125001 0.0593081765625 0.5874660640625 0.0321383640625 0.558144796875 0.011194968750000001 0.5537104078125 0.0074842765625 0.5679185515625 0.0037735843749999998 0.6008144796875 0.0012578609375000001 0.6300904984375 0.0222641515625 0.6336651578125 0.051886792187499996 0.6176923078125001