0 0.5738339921875 0.6986666671874999 0.5679446640625 0.7570952375 0.622292490625 0.7841428578125 0.6424110671875 0.70295238125 0.5738339921875 0.6986666671874999
0 0.46794466406249996 0.3929047625 0.50252964375 0.376571428125 0.49138339843749995 0.336380953125 0.46177865625000003 0.324476190625 0.44695652187499996 0.3542380953125 0.46794466406249996 0.3929047625
0 0.8272727265625001 0.0180952375 0.801264821875 0.025523809375 0.801264821875 0.0419047625 0.82608695625 0.058095237499999994 0.8531225296875 0.0463333328125 0.8568379453125001 0.031476190625 0.8272727265625001 0.0180952375
0 0.9259683796875 0.0641904765625 0.9518972328125 0.040380953125 0.958063240625 0.02404761875 0.9235177859375 0.0017142859375 0.9099209484375 0.028523809374999997 0.9259683796875 0.0641904765625
0 0.7420158109375 0.8182857140625 0.733359684375 0.8227619046875001 0.7321343875 0.8406190468749999 0.74324110625 0.849523809375 0.7531225296875 0.8301904765625 0.7531225296875 0.8227619046875001 0.7420158109375 0.8182857140625
0 0.7420158109375 0.7588095234375001 0.7271936765625 0.7602857140625 0.7222529640625 0.7781428578125 0.72968379375 0.788523809375 0.7494071140624999 0.7870476187500001 0.7531225296875 0.7751428578125 0.7420158109375 0.7588095234375001
0 0.43671936718750004 0.533476190625 0.43909090937500006 0.5577142859374999 0.46126482187500006 0.5666666671875 0.46035573125000007 0.5178095234375 0.43671936718750004 0.533476190625
0 0.3764426875 0.66595238125 0.3693675890625 0.711523809375 0.408379446875 0.7143333328125 0.4000790515625 0.657380953125 0.3764426875 0.66595238125
0 0.060830039062499994 0.8496190468749999 0.07031620625 0.899476190625 0.1022134390625 0.879523809375 0.09747035625 0.8468095234374999 0.060830039062499994 0.8496190468749999
0 0.144782609375 0.335571428125 0.183754940625 0.3611904765625 0.19324110625 0.33128571406249996 0.1731225296875 0.308476190625 0.144782609375 0.335571428125
0 0.156600790625 0.40676190468750006 0.183754940625 0.4280952375 0.19324110625 0.3797142859375 0.15893280625 0.375428571875 0.156600790625 0.40676190468750006
0 0.015928853125 0.06780952343749999 0.0395652171875 0.093476190625 0.0773913046875 0.046476190625000004 0.036007904687499995 0.018 0.015928853125 0.06780952343749999
0 0.36106719374999996 0.26009523749999997 0.35162055312499996 0.2130952375 0.3102371546875 0.194571428125 0.29608695625000003 0.21590476249999999 0.3327272734375 0.25152380937499996 0.36106719374999996 0.26009523749999997
0 0.6364822140624999 0.49219047656250003 0.62466403125 0.421 0.5856521734375 0.399619046875 0.5407509875 0.40533333281250006 0.5833201578125 0.4608571421875 0.6364822140624999 0.49219047656250003
0 0.7416996046875 0.6118095234375 0.7700790515625 0.6146666671875 0.7842292484375 0.56195238125 0.7286956515624999 0.560571428125 0.7416996046875 0.6118095234375
0 0.9130830046874999 0.600428571875 0.8409881421875 0.57904761875 0.8244268781249999 0.627476190625 0.8244268781249999 0.6872857140625 0.8575494078125001 0.721476190625 0.9095256921875 0.718619046875 0.923715415625 0.6687619046875 0.9130830046874999 0.600428571875