0 0.38 0.01258620625 0.3233962265625 0.021206896875 0.3372327046875 0.0639655171875 0.40327044062499995 0.06120689687500001 0.41333333281250006 0.0236206890625 0.38 0.01258620625
0 0.34654088125000004 0.235931034375 0.3186163515625 0.2247586203125 0.294465409375 0.2351034484375 0.3223899375 0.2553793109375 0.34654088125000004 0.235931034375
0 0.8174842765625 0.4492413796875 0.7692452828125 0.46706896562500005 0.7783647796875 0.498517240625 0.8174842765625 0.497068965625 0.8318239000000001 0.4698965515625 0.8174842765625 0.4492413796875
0 0.4159748421875 0.9683793109375 0.43188679218750003 0.9126896546875001 0.348867925 0.8851034484375001 0.32408804999999996 0.8933448281249999 0.2905660375 0.9383448281250001 0.324968553125 0.9814482765625 0.4159748421875 0.9683793109375
0 0.018238993749999998 0.24296551718749998 0.019748428125000002 0.2702758625 0.0378616359375 0.2727586203125 0.0733333328125 0.2545517234375 0.0537106921875 0.23427586250000001 0.018238993749999998 0.24296551718749998
0 0.7101886796875 0.1797586203125 0.6862893078125001 0.1663103453125 0.675597484375 0.1752758625 0.6950943390625001 0.19389655156250002 0.7101886796875 0.1797586203125
0 0.1061006296875 0.8591034484375 0.083270440625 0.8811724140624999 0.10283018906250001 0.9198965515624999 0.1669811328125 0.9097586203124999 0.1495597484375 0.8608965515625 0.1061006296875 0.8591034484375
0 0.5842767296875 0.506206896875 0.5596226421875 0.525206896875 0.5596226421875 0.5672068968749999 0.6646540875 0.5814482765625 0.6779874218749999 0.5217241375 0.5842767296875 0.506206896875
0 0.34955974843750004 0.6952413796875 0.3028301890625 0.711344828125 0.32345911875 0.7333793109375 0.3745283015625 0.7333793109375 0.378867925 0.7042068968749999 0.34955974843750004 0.6952413796875
0 0.82654088125 0.5922758625 0.770943396875 0.5936551718749999 0.7647798734375 0.6478275859375 0.8191194968750001 0.6478275859375 0.8509433968750001 0.63 0.82654088125 0.5922758625
0 0.732704403125 0.9339655171875 0.7040251578125 0.9582758625000001 0.7366666671875 0.9861724140625 0.7849056609375 0.9783103453124999 0.7810062890625 0.94541379375 0.732704403125 0.9339655171875