0 0.953904109375 0.8654545453125 0.9511986296874999 0.9271428578125 0.9830479453125 0.9309740265625001 0.9816780828124999 0.852597403125 0.9769520546875 0.8474675328125001 0.953904109375 0.8654545453125
0 0.9755821921875001 0.140909090625 0.96 0.13837662343749998 0.9511986296874999 0.193571428125 0.9532191781250001 0.2090259734375 0.9688013703125 0.20772727343750003 0.978972603125 0.171753246875 0.9755821921875001 0.140909090625
0 0.5040410953125 0.10110389687500002 0.5094520546875 0.10883116875000001 0.5155479453125 0.08694805156249999 0.5108219171874999 0.07415584374999999 0.49931506875 0.0857142859375 0.5040410953125 0.10110389687500002
0 0.48575342499999996 0.12551948125 0.492534246875 0.13448051875 0.4965753421875 0.1242207796875 0.49318493124999996 0.10493506562499999 0.48575342499999996 0.10493506562499999 0.48575342499999996 0.12551948125
0 0.39969178125 0.14350649375 0.40784246562500004 0.17818181875 0.428150684375 0.1768831171875 0.428150684375 0.137077921875 0.4098630140625 0.12935064999999998 0.39969178125 0.14350649375
0 0.2980821921875 0.11266233750000001 0.3265410953125 0.115259740625 0.33332191718750004 0.0972727265625 0.333972603125 0.06 0.32246575312500003 0.0446103890625 0.29400685000000004 0.0651298703125 0.288595890625 0.0779870125 0.2980821921875 0.11266233750000001
0 0.16393835625 0.8770129875 0.182910959375 0.892402596875 0.20797945156250003 0.8898701296875 0.18900685 0.848766234375 0.169349315625 0.848766234375 0.16393835625 0.8770129875
0 0.73 0.64383116875 0.7909589046875001 0.64383116875 0.7868835609375 0.5962987015625 0.7855479453124999 0.5307792203125 0.7672602734375 0.49610389687499995 0.7421917812500001 0.5295454546875 0.7191438359375 0.5886363640625001 0.73 0.64383116875
0 0.7963698625 0.773571428125 0.781472603125 0.773571428125 0.7780821921875 0.8121428578125001 0.8018150687500001 0.8339610390625 0.7963698625 0.773571428125
0 0.051472603125 0.765259740625 0.0690753421875 0.7883766234375 0.0955136984375 0.769090909375 0.0751712328125 0.7318831171875 0.05349315 0.7434415578125 0.051472603125 0.765259740625
0 0.4176712328125 0.2648701296875 0.40750000000000003 0.228896103125 0.38650685 0.23532467499999998 0.374965753125 0.2623376625 0.38650685 0.286753246875 0.40003424687500005 0.31116883125 0.4176712328125 0.2648701296875
0 0.032842465625 0.2057792203125 0.040273971874999995 0.23532467499999998 0.0477397265625 0.2712987015625 0.07143835625 0.28798701250000003 0.07143835625 0.2751948046875 0.091095890625 0.24688311718749997 0.0944863015625 0.22376623437499998 0.059246575 0.203246753125 0.032842465625 0.2057792203125
0 0.6246232875 0.6226623375 0.6198972609375 0.6920129875 0.60294520625 0.7498051953125 0.6429452062500001 0.77551948125 0.683595890625 0.7472727265625 0.6930479453125 0.6586363640624999 0.68969178125 0.5558441562499999 0.65243150625 0.5494155843749999 0.6246232875 0.6226623375
0 0.43630137031249994 0.8474675328125001 0.452534246875 0.870584415625 0.47489726093750007 0.8512987015625001 0.47219178125 0.8153246749999999 0.440342465625 0.8217532468750001 0.43630137031249994 0.8474675328125001
0 0.40784246562500004 0.5186363640625 0.408527396875 0.5494155843749999 0.42544520625000004 0.5224675328124999 0.42883561718749996 0.48649350625 0.4118835609375 0.492922078125 0.40784246562500004 0.5186363640625
0 0.7397945203125 1 0.7472602734375 0.9990259734375 0.7581164390625 0.9990259734375 0.7655479453125 0.9977922078124999 0.76893835625 0.99649350625 0.7716438359375 0.988766234375 0.7716438359375 0.9874675328125001 0.7676027390625 0.9772077921875001 0.7465753421875 0.975909090625 0.728972603125 0.9836363640625001 0.7369520546875 1 0.7397945203125 1