0 0.7524324328125 0.2579420296875 0.7660135140625 0.23147826093749999 0.749966215625 0.2039420296875 0.7228040546875001 0.20921739062500003 0.7215540546875 0.24313043437499998 0.7524324328125 0.2579420296875
0 0.700574325 0.3617391296875 0.7190878374999999 0.38081159375 0.7264864859375 0.361768115625 0.7215540546875 0.35011594218750003 0.700574325 0.3617391296875
0 0.44006756718749995 0.0609275359375 0.42527027031250003 0.04081159375 0.40675675624999996 0.0397391296875 0.3820608109375 0.0598840578125 0.4203378375 0.08318840625 0.44006756718749995 0.0609275359375
0 0.05858108125 0.55663768125 0.0684797296875 0.5217101453125 0.049966215625 0.5015652171875 0.00675675625 0.52063768125 0.0104391890625 0.5545217390625 0.05858108125 0.55663768125
0 0.1383445953125 0.2900579703125 0.1513175671875 0.321507246875 0.16668918906250002 0.29411594218750003 0.154864865625 0.27791304375000003 0.1383445953125 0.2900579703125
0 0.5364864859375 0.31536231875 0.613175675 0.330144928125 0.6304054046875 0.26318840625 0.6621621625 0.23768115937499998 0.6581081078125 0.18289855 0.6233108109375001 0.20202898593750002 0.586824325 0.17826087031249999 0.5925675671875 0.1463768109375 0.5295945953125 0.17547826093750002 0.4775675671875 0.1967536234375 0.4728378375 0.2383478265625 0.5023986484375 0.286 0.5364864859375 0.31536231875
0 0.74824324375 0.7362898546875 0.705709459375 0.7190434781249999 0.684425675 0.7109275359375 0.6607770265624999 0.7048695656249999 0.6040540546875001 0.6957391296875 0.5827702703125001 0.7089275359375 0.5673986484375 0.7373043484374999 0.5449324328125 0.7758550718749999 0.537871621875 0.80118840625 0.47972972968749994 0.8605797093750001 0.5297297296875 0.9197101453125001 0.6121621625 0.9434782609375001 0.6706081078125 0.9304347828124999 0.7045270265625 0.9218840578125 0.7411486484375 0.9066666671875 0.7647972968750001 0.8894202906249999 0.773074325 0.8762608703125 0.79199324375 0.8600289859375 0.7943581078124999 0.8336521734375 0.8061824328125 0.8001739125 0.7718918921875 0.754550725 0.74824324375 0.7362898546875
0 0.2277364859375 0.576782609375 0.23141891874999998 0.5365217390625 0.21168918906249998 0.5195652171875 0.18206081093749998 0.5322898546875 0.1943918921875 0.5714782609375 0.2277364859375 0.576782609375
0 0.1215540546875 0.701768115625 0.13020270312499999 0.719768115625 0.1511824328125 0.72718840625 0.161047296875 0.7038840578125 0.143783784375 0.695420290625 0.136385134375 0.695420290625 0.1215540546875 0.701768115625
0 0.0496621625 0.49289854999999994 0.0804054046875 0.5040579703125 0.1040540546875 0.471594203125 0.065033784375 0.4665217390625 0.0496621625 0.49289854999999994
0 0.065371621875 0.8811014500000001 0.050574324999999996 0.8726086953125 0.0320608109375 0.8853333328125 0.0234121625 0.89063768125 0.013547296875 0.9213333328125 0.018479729687499998 0.937217390625 0.039459459375 0.9478260875 0.0764864859375 0.9382898546874999 0.10983108125 0.9255652171875 0.13699324375 0.9277101453125001 0.14439189218749998 0.8916811593749999 0.1332770265625 0.8715652171875 0.107364865625 0.8683768109375001 0.095 0.888492753125 0.065371621875 0.8811014500000001
0 0.218716215625 0.261681159375 0.24587837812500002 0.282956521875 0.26125 0.2566086953125 0.23527027031249997 0.245449275 0.218716215625 0.261681159375
0 0.843783784375 0.2187536234375 0.8511824328125 0.1901739125 0.8375 0.180579709375 0.8104391890624999 0.195449275 0.8239864859375 0.21971014531250002 0.843783784375 0.2187536234375
0 0.0524324328125 0.027043478125 0.049966215625 0.045043478125 0.0684797296875 0.056695651562500005 0.090675675 0.050347826562499996 0.0981081078125 0.035507246874999995 0.0808108109375 0.019623189062499997 0.0524324328125 0.027043478125
0 0.048716215624999996 0.05139130468749999 0.042533784375 0.0429275359375 0.03266891875 0.035507246874999995 0.016621621875 0.0386956515625 0.00425675625 0.049275362499999996 0.00425675625 0.06515942031250001 0.0264864859375 0.07681159374999999 0.043783784375 0.062 0.048716215624999996 0.05139130468749999
0 0.15858108125 0.2102898546875 0.193175675 0.20921739062500003 0.20425675625 0.18275362343749998 0.1734121625 0.1520289859375 0.15243243281250002 0.12553623125 0.135135134375 0.12449275312500001 0.11537162187500001 0.13718840625 0.1190878375 0.163681159375 0.13266891875 0.195449275 0.15858108125 0.2102898546875
0 0.503040540625 0.46660869531250004 0.46969594531250003 0.47298550781250004 0.4647635140625 0.495217390625 0.475878378125 0.5153333328125 0.501790540625 0.5174492749999999 0.5203378375 0.49628985468750003 0.5116891890625 0.47402898593750004 0.503040540625 0.46660869531250004
0 0.8240202703125 0.42742029062500003 0.842533784375 0.42000000000000004 0.8388513515625 0.3988405796875 0.80550675625 0.40095652187499997 0.8104391890624999 0.4147246375 0.8240202703125 0.42742029062500003