0 0.3298275859375 0.2970289859375 0.3390229890625 0.291231884375 0.3551149421875 0.2636956515625 0.35741379375000004 0.22746376875 0.36086206875000004 0.2115217390625 0.33327586249999996 0.1868840578125 0.2924712640625 0.16514492812499998 0.2378735625 0.17311594218749998 0.22522988437499997 0.2129710140625 0.2321264375 0.265144928125 0.2528160921875 0.29847826093749996 0.2918965515625 0.3042753625 0.3298275859375 0.2970289859375
0 0.9486781609375001 0.0961594203125 0.9544252875 0.080217390625 0.9469540234375 0.065 0.9331609203125 0.07079710156249999 0.9343103453125 0.09253623125 0.9486781609375001 0.0961594203125
0 0.9515517234375 0.6128260875 0.9550000000000001 0.59036231875 0.942356321875 0.5816666671874999 0.9325862062500001 0.5896376812499999 0.9348850578125001 0.6063043484375 0.9515517234375 0.6128260875
0 0.8768390796875 0.8265942031250001 0.88201149375 0.8476086953124999 0.8998275859374999 0.8490579703125001 0.9067241375 0.8222463765624999 0.894080459375 0.8063043484374999 0.8854597703125 0.804130434375 0.8768390796875 0.8265942031250001
0 0.6343103453125 0.6186231890625 0.6463793109375 0.6222463765625 0.6595977015625001 0.615 0.6595977015625001 0.5997826093749999 0.6469540234375 0.5932608703125 0.6371839078125 0.5983333328125 0.6343103453125 0.6186231890625
0 0.565344828125 0.79036231875 0.5733908046875 0.7686231890624999 0.5578735625 0.7621014500000001 0.5486781609375 0.7642753625 0.5469540234375 0.7867391296874999 0.565344828125 0.79036231875
0 0.2874712640625 0.0989855078125 0.2880459765625 0.11130434843749999 0.294942528125 0.11710145000000001 0.3093103453125 0.11202898593749999 0.31160919531250003 0.0989855078125 0.3087356328125 0.09391304375000001 0.2983908046875 0.09391304375000001 0.2874712640625 0.0989855078125
0 0.36620689687499997 0.056231884375 0.3742528734375 0.082318840625 0.392643678125 0.080144928125 0.4018390796875 0.051884057812499995 0.38689655156249997 0.0395652171875 0.381149425 0.0395652171875 0.36620689687499997 0.056231884375
0 0.5108620687500001 0.44456521718750003 0.5033908046875 0.464130434375 0.50741379375 0.485144928125 0.5160344828125 0.48442029062499997 0.5252298843750001 0.47137681093749995 0.5309770109375 0.45253623125000003 0.5189080453125 0.44166666718750003 0.5108620687500001 0.44456521718750003
0 0.7010919546875 0.887318840625 0.70913793125 0.9003623187500001 0.7258045984375 0.8967391296875 0.7309770109375 0.8829710140625 0.7263793109375001 0.8699275359374999 0.7102873562500001 0.875 0.7010919546875 0.887318840625
0 0.8986781609375001 0.5559420296875001 0.9090229890625 0.5707246375 0.9241954015625 0.559420290625 0.923505746875 0.543768115625 0.9104022984375 0.5342028984375 0.9021264375 0.537681159375 0.8986781609375001 0.5559420296875001