0 0.0785128203125 0.31942085 0.06 0.3784942078125 0.074974359375 0.40239382187499995 0.13584615312499998 0.3977220078125 0.17728205156250001 0.39440154375 0.209025640625 0.393088803125 0.20989743593750002 0.37980695 0.1931282046875 0.3419691125 0.13758974375 0.3161003859375 0.1129230765625 0.2988416984375 0.0785128203125 0.31942085
0 0.5651794875 0.3824710421875 0.602205128125 0.352586871875 0.59076923125 0.315444015625 0.532564103125 0.33003860937499996 0.5378461531250001 0.3791505796875 0.5651794875 0.3824710421875
0 0.6166666671875001 0.13447876406249998 0.6012820515625 0.164749034375 0.6119487171875 0.184324325 0.6568205125000001 0.1940926640625 0.6544615390625 0.17185328125 0.655641025 0.1166795359375 0.6166666671875001 0.13447876406249998
0 0.806974359375 0.2092278 0.782153846875 0.2208108109375 0.7679487171875 0.24660231718749998 0.7986666671875 0.265289575 0.84241025625 0.25374517343749997 0.84123076875 0.2145945953125 0.806974359375 0.2092278
0 0.591846153125 0.8909266406249999 0.629641025 0.8989575296875 0.6639487171875 0.8731274125 0.6769230765625001 0.8473359078125 0.632 0.8259845562500001 0.6024615390625 0.8286486484375001 0.5575384609375 0.8188416984375 0.556358975 0.8633590734375 0.591846153125 0.8909266406249999
0 0.5927179484375 0.094903475 0.6331282046875 0.0722393828125 0.607384615625 0.0373745171875 0.54276923125 0.055057915624999995 0.5574358968750001 0.0871428578125 0.5927179484375 0.094903475
0 0.3247179484375 0.766332046875 0.26087179531250004 0.7627799234375 0.1605128203125 0.8007721999999999 0.19076923125 0.8861003859375 0.2287179484375 0.9181467187499999 0.28923076875 0.8811583015625001 0.3270769234375 0.86069498125 0.329435896875 0.8375289578125 0.34594871718750003 0.808185328125 0.37317948749999996 0.7867953671875 0.3636923078125 0.775250965625 0.3247179484375 0.766332046875
0 0.3258974359375 0.098880309375 0.332974359375 0.0757528953125 0.2856923078125 0.05440154375 0.26558974375 0.072200771875 0.2620512828125 0.0944401546875 0.278615384375 0.1095752890625 0.306974359375 0.130038609375 0.3258974359375 0.098880309375
0 0.182 0.5766795359375 0.2067179484375 0.5435135140625 0.182 0.5282239375 0.1458974359375 0.5415057921875001 0.1414871796875 0.5620849421874999 0.182 0.5766795359375
0 0.49323076875 0.9331274125 0.5196923078125 0.9099227796875 0.508205128125 0.8886486484375 0.46148717968749997 0.8933204640625 0.4500512828125 0.9198455593749999 0.49323076875 0.9331274125
0 0.5951794875 0.5503861 0.586358975 0.5218532812500001 0.556358975 0.5125482625 0.524615384375 0.522509653125 0.5166666671875 0.5550579156250001 0.532564103125 0.57694980625 0.5669230765625 0.5782625484375 0.5951794875 0.5503861
0 0.7344615390625 0.47405405468749995 0.705384615625 0.47671814687499997 0.7132820515625 0.51057915 0.738 0.5251737453125 0.7829230765624999 0.5245173750000001 0.7758974359375 0.49598455625 0.7344615390625 0.47405405468749995
0 0.7615384609375 0.21930501875 0.7774358968749999 0.190733590625 0.7670769234375 0.1713899609375 0.72923076875 0.172586871875 0.72923076875 0.2 0.7615384609375 0.21930501875