0 0.5299280578125 0.7597356828125 0.5229856109375 0.7682819390625 0.5269424453125 0.792687225 0.5428776984375 0.7951101328125 0.5448920859374999 0.7707048453125 0.5438848921874999 0.762158590625 0.5299280578125 0.7597356828125
0 0.1295683453125 0.83779735625 0.13553956875 0.8182819390624999 0.12557553906250002 0.7743612328125 0.0837410078125 0.7524229078125 0.050863309375 0.76462555 0.041906475 0.7963436125000001 0.0697841734375 0.842687225 0.11061151093749999 0.83779735625 0.1295683453125 0.83779735625
0 0.2530575546875 0.5682378859375 0.2709712234375 0.58162995625 0.2948920859375 0.5889867843750001 0.3058273375 0.57431718125 0.327769784375 0.5487224671875001 0.3305755390625 0.5207048453125 0.327769784375 0.4901762109375 0.3038489203125 0.4706607921875 0.2540647484375 0.4633480171875 0.22517985624999998 0.48286343593750003 0.2271582734375 0.5230837 0.2530575546875 0.5682378859375
0 0.341690646875 0.5377533046874999 0.35064748125 0.551145375 0.3835251796875 0.5706607921875 0.41442446093749996 0.5706607921875 0.4253597125 0.5389427312499999 0.4253597125 0.530440528125 0.41938848906250004 0.5023788546875 0.40446043125 0.48405286406250003 0.3885251796875 0.48162995625000005 0.363597121875 0.48528634375 0.34071942499999996 0.4865198234375 0.33672661875 0.5121145375 0.341690646875 0.5377533046874999
0 0.7211870499999999 0.20960352499999998 0.7739568343750001 0.2181497796875 0.79089928125 0.2035242296875 0.8018345328125 0.1718061671875 0.796870503125 0.1193392078125 0.76399280625 0.09740088125 0.7201798562499999 0.109603525 0.6923021578124999 0.1327753296875 0.6833453234375 0.1681497796875 0.6912949640625 0.197444934375 0.7211870499999999 0.20960352499999998
0 0.5448920859374999 0.1278854625 0.536906475 0.1327753296875 0.5398920859375 0.14374449375 0.5478776984375 0.1486343609375 0.554856115625 0.1413215859375 0.5528417265625001 0.1278854625 0.5448920859374999 0.1278854625
0 0.7191726625 0.4670044046875 0.7052517984375 0.501145375 0.7171942453125 0.534096915625 0.74208633125 0.5206607921875 0.752050359375 0.4950660796875 0.74208633125 0.46088105781250005 0.7191726625 0.4670044046875
0 0.8665827343749999 0.765814978125 0.9273381296875 0.7451101328124999 0.9412949640624999 0.7182819390625 0.9402877703125 0.6829074890625 0.9183812953125001 0.6718942734375 0.867589928125 0.6585022031250001 0.8088129500000001 0.6450660796875 0.769964028125 0.6743612328124999 0.7719784171875 0.73779735625 0.804856115625 0.765814978125 0.8426978421875001 0.7682819390625 0.8665827343749999 0.765814978125
0 0.1614388484375 0.1132599125 0.15046762656249998 0.11449339218750001 0.1464748203125 0.1278854625 0.1474820140625 0.138854625 0.1554676265625 0.142555065625 0.1604316546875 0.1413215859375 0.16442446093750002 0.12303964687499999 0.1614388484375 0.1132599125
0 0.571762590625 0.603612334375 0.5628057546874999 0.596299559375 0.554856115625 0.601145375 0.5558273375 0.608502203125 0.5617985609375 0.6243612328125 0.5697841734375 0.6243612328125 0.5747482015625 0.6060352421874999 0.571762590625 0.603612334375
0 0.1614388484375 0.7219383265625 0.1604316546875 0.7170484578125 0.1534532375 0.7133920703125 0.15046762656249998 0.7146255499999999 0.139496403125 0.7219383265625 0.1474820140625 0.731674009375 0.1534532375 0.735330396875 0.16442446093750002 0.735330396875 0.1614388484375 0.7219383265625