0 0.6531225296875001 0.791523809375 0.66177865625 0.8138571421874999 0.6926482218750001 0.8108571421875 0.6975889328125 0.7870476187500001 0.685217390625 0.7721904765625001 0.6679446640625 0.7707142859375 0.6531225296875001 0.791523809375
0 0.535849803125 0.25161904687500003 0.563003953125 0.21890476250000002 0.54324110625 0.196571428125 0.5222529640625 0.20104761875000002 0.517312253125 0.2337619046875 0.535849803125 0.25161904687500003
0 0.08893280625 0.1221904765625 0.1099209484375 0.14004761875 0.1271936765625 0.11628571406249999 0.1271936765625 0.091 0.09509881406250001 0.07314285781249999 0.0839920953125 0.08504761875 0.08893280625 0.1221904765625
0 0.2395652171875 0.4777142859375 0.2506719375 0.43899999999999995 0.2395652171875 0.4152380953125 0.2235177859375 0.4226666671875 0.218577075 0.4539047625 0.2395652171875 0.4777142859375
0 0.6592885374999999 0.6070952375 0.6420158109375 0.6368571421875 0.6383003953124999 0.6769999999999999 0.66177865625 0.6978095234375 0.6963241109375 0.67995238125 0.6938735171875 0.629380953125 0.6802766796874999 0.6040952374999999 0.6592885374999999 0.6070952375
0 0.8592885375 0.6591428578125 0.8568379453125001 0.6918571421874999 0.8716600796874999 0.727571428125 0.9123715421874999 0.721619046875 0.9518972328125 0.6978095234375 0.9543478265625 0.6591428578125 0.8963241109375 0.6502380953125 0.8592885375 0.6591428578125
0 0.7407905140625 0.7111904765625 0.7580632406250001 0.742428571875 0.8086956515624999 0.736476190625 0.84324110625 0.6769999999999999 0.8136363640625 0.6561904765625 0.7642292484375 0.6710476187500001 0.7407905140625 0.7111904765625
0 0.5827667984375 0.611571428125 0.572885375 0.6576666671875 0.5864822140625 0.6874285718750001 0.6049802375 0.669571428125 0.6395652171874999 0.6383333328125 0.644505928125 0.5996666671875001 0.6173122531249999 0.5996666671875001 0.5827667984375 0.611571428125
0 0.62466403125 0.184523809375 0.6164031624999999 0.2571904765625 0.6494861656250001 0.2657142859375 0.6636758890625 0.194523809375 0.62466403125 0.184523809375
0 0.535849803125 0.7736666671875 0.546956521875 0.7483809531250001 0.517312253125 0.7469047625 0.506205534375 0.7558095234375 0.517312253125 0.7766666671875 0.535849803125 0.7736666671875
0 0.2975889328125 0.5966666671875 0.2494071140625 0.5832857140625001 0.2136363640625 0.602619046875 0.2136363640625 0.6531904765625 0.24079051406250002 0.6933809531249999 0.2839920953125 0.73204761875 0.306205534375 0.7037619046875 0.31608695625 0.6279047624999999 0.2975889328125 0.5966666671875