0 0.7886060609375 0.8510057468750001 0.8124242421875 0.8617816093749999 0.8568484843749999 0.8627586203125001 0.8732727265625 0.8387643671875 0.8423030296875 0.8260344828124999 0.80406060625 0.8255459765625 0.7886060609375 0.8510057468750001
0 0.29127272656250003 0.47143678125 0.29624242500000003 0.4595977015625 0.2513939390625 0.44186781562500005 0.2438787875 0.4785344828125 0.29127272656250003 0.47143678125
0 0 0.28586206875000003 0.0344848484375 0.28586206875000003 0.06442424218750001 0.2870402296875 0.08181818125 0.2610344828125 0.0244848484375 0.248017240625 0 0.27663793124999997 0 0.28586206875000003
0 0.26381818125 0.0955459765625 0.29127272656250003 0.135718390625 0.3036969703125 0.14991379375 0.351090909375 0.1617241375 0.46575757500000003 0.1298275859375 0.48818181875000005 0.1085344828125 0.48818181875000005 0.09790229843750001 0.26381818125 0.0955459765625
0 0.7225454546875001 0.72201149375 0.62781818125 0.6924712640624999 0.4715151515625 0.710632184375 0.3975757578125 0.7962643671875 0.483212121875 0.8520402296875 0.544848484375 0.9034482765625 0.6903030296875 0.8643678156249999 0.7303030296874999 0.8204022984374999 0.7225454546875001 0.72201149375
0 0.6133333328125 0.23238505781250002 0.5776363640625 0.21899425312499998 0.5136363640625 0.23382183906249998 0.53 0.2613218390625 0.5910303031249999 0.264856321875 0.6133333328125 0.23238505781250002
0 0.199757575 0.1837356328125 0.12539393906250001 0.21758620624999997 0.10012121249999999 0.2556609203125 0.114969696875 0.2740229890625 0.19381818125 0.26201149375 0.22806060625 0.21971264375000002 0.22806060625 0.1971264375 0.199757575 0.1837356328125
0 0.1833939390625 0.3614655171875 0.22509090937499998 0.376293103125 0.28751515156249996 0.364281609375 0.30987878750000003 0.330431034375 0.2533333328125 0.298706896875 0.1863636359375 0.3233908046875 0.1833939390625 0.3614655171875
0 0.1744848484375 0.3847413796875 0.1403030296875 0.371350575 0.091212121875 0.38333333281250004 0.074848484375 0.4023850578125 0.1164848484375 0.413649425 0.1744848484375 0.3847413796875
0 0.24636363593750002 0.7300287359375 0.21115151562499998 0.710919540625 0.165757575 0.7216954015625 0.17290909062499998 0.7437356328125 0.20903030312499998 0.7510919546875 0.24636363593750002 0.7300287359375
0 0.08406060625 0.6545977015625 0.0624848484375 0.6227586203125 0.01381818125 0.6261781609375 0.0015151515625 0.653132184375 0.0324242421875 0.66586206875 0.08406060625 0.6545977015625
0 0.61981818125 0.3375 0.608909090625 0.324281609375 0.581030303125 0.327729884375 0.5804242421875 0.33951149375 0.60406060625 0.3423850578125 0.61981818125 0.3375
0 0.8255151515625 0.14462643749999998 0.775151515625 0.13821839062500002 0.7696969703125001 0.165517240625 0.7856969703125001 0.1893103453125 0.7961818187499999 0.19525862031250002 0.8275757578125 0.1768965515625 0.836 0.1560344828125 0.8255151515625 0.14462643749999998