0 0.6295808390625 0.4988709671875 0.620958084375 0.47451612968749995 0.59257485 0.48446236562499995 0.61107784375 0.5132795703124999 0.6295808390625 0.4988709671875
0 0.061437125 0.64860215 0.016526946875 0.6220967734375 0.0047305390625 0.65392473125 0.0058682640625 0.6942473125 0.0330538921875 0.6995698921875 0.06970059843750001 0.6825806453125 0.061437125 0.64860215
0 0.2269461078125 0.40451612968750006 0.20802395156250003 0.42467741875 0.20449101718749998 0.47139784999999995 0.2647305390625 0.4586559140625 0.262395209375 0.4183333328125 0.2269461078125 0.40451612968750006
0 0.046107784375 0.13177419375 0.00706586875 0.1455913984375 0.0117964078125 0.184838709375 0.05077844375 0.2092473125 0.046107784375 0.13177419375
0 0.38293413125 0.0627956984375 0.3593413171875 0.056451612500000005 0.35694610781249997 0.095698925 0.3876646703125 0.0935483875 0.38293413125 0.0627956984375
0 0.509461078125 0.6974193546875 0.5129940125 0.712311828125 0.528323353125 0.7197311828124999 0.5425149703125001 0.6984946234375 0.5319161671875 0.6794086015625 0.509461078125 0.6974193546875
0 0.614610778125 0.711236559375 0.602814371875 0.6847311828125 0.568562875 0.706989246875 0.5579041921875 0.73247311875 0.561437125 0.7420430109375 0.5980838328125 0.7611290328125 0.614610778125 0.711236559375
0 0.7611976046875 0.39284946249999997 0.73520958125 0.3960215046875 0.7304790421875 0.4183333328125 0.706826346875 0.4607526875 0.76592814375 0.49048387031249996 0.7919161671875 0.47774193593750003 0.7635928140625 0.44806451562499994 0.787185628125 0.40451612968750006 0.7611976046875 0.39284946249999997
0 0.8179640718750001 0.6974193546875 0.8155688624999999 0.7420430109375 0.8912574843750001 0.73247311875 0.8971257484375 0.6825806453125 0.86407185625 0.6879032265625 0.848682634375 0.673010753125 0.8167664671875 0.6794086015625 0.8179640718750001 0.6974193546875
0 0.602395209375 0.298387096875 0.5720958078125 0.2379032265625 0.5141916171875 0.22408602187499999 0.47161676718749995 0.21881720468750002 0.4754491015625 0.2892473125 0.5335329343749999 0.3247311828125 0.602395209375 0.298387096875
0 0.4123353296875 0.6263440859375 0.43700598749999997 0.6208064515625 0.4197005984375 0.57537634375 0.36790419218750003 0.57317204375 0.3530538921875 0.5997311828125 0.36419161718750004 0.61639785 0.4123353296875 0.6263440859375
0 0.1283832328125 0.80817204375 0.1382634734375 0.8347311828124999 0.17778443125 0.856935484375 0.17035928125 0.8713440859375 0.13329341249999999 0.8735483875 0.117245509375 0.892365590625 0.13329341249999999 0.9123655906250001 0.17035928125 0.9179032265625 0.2098802390625 0.9090322578125001 0.2271257484375 0.8480645156250001 0.19748502968749998 0.7959677421875 0.1555089828125 0.7748924734375 0.12592814375 0.7638172046875 0.1283832328125 0.80817204375
0 0.7641916171875 0.1929569890625 0.7493413171875 0.217311828125 0.7802395203125 0.2395161296875 0.791317365625 0.2229032265625 0.787604790625 0.20069892500000003 0.7641916171875 0.1929569890625
0 0.7604790421875001 0.66182795625 0.7160479046875 0.6895161296875 0.7197604796875 0.6961827953124999 0.713532934375 0.730537634375 0.7444311375 0.7538172046875 0.776526946875 0.7272043015625 0.795029940625 0.6995161296875 0.7974850296875 0.6695698921875 0.7604790421875001 0.66182795625
0 0.972814371875 0.6041935484375001 0.9518562875000001 0.61639785 0.9567664671875 0.643010753125 0.981437125 0.643010753125 0.9864071859375001 0.61860215 0.972814371875 0.6041935484375001