0 0.23827338125000003 0.429523809375 0.21115107968750002 0.440773809375 0.21237409999999998 0.4611904765625 0.2346043171875 0.47142857187500004 0.2642446046875 0.46529761875000003 0.271582734375 0.44482142812500003 0.260503596875 0.4305357140625 0.23827338125000003 0.429523809375
0 0.69863309375 0.7719047625 0.6726618703125 0.76404761875 0.6442446046875 0.768928571875 0.62064748125 0.7855952375 0.6194244609374999 0.8002380953125 0.64899280625 0.805119046875 0.6856115109375 0.7963095234375 0.69863309375 0.7836309531250001 0.69863309375 0.7719047625
0 0.9326618703125 0.2799404765625 0.9184892093749999 0.26232142812500003 0.8877697843749999 0.2642857140625 0.8771223015625 0.2819047625 0.8712230218749999 0.3083333328125 0.8699999999999999 0.3357142859375 0.9102158265625 0.345476190625 0.9279136687499999 0.31124999999999997 0.9326618703125 0.2799404765625
0 0.348129496875 0.8085119046875 0.377769784375 0.8289285718749999 0.40618705000000005 0.8227976187499999 0.41237409999999997 0.7808928578125001 0.392589928125 0.7543452375 0.3580575546875 0.7666071421875 0.348129496875 0.8085119046875
0 0.3 0.383571428125 0.2802877703125 0.4132142859375 0.28395683437499997 0.4417857140625 0.301223021875 0.4581547625 0.3420143890625 0.4499404765625 0.3642446046875 0.3968452375 0.337050359375 0.38154761875 0.3 0.383571428125
0 0.43460431718750003 0.4397619046875 0.46424460468750006 0.4397619046875 0.48517985625 0.4172619046875 0.4802877703125 0.38660714218750003 0.454316546875 0.3754166671875 0.428417265625 0.3845833328125 0.39755395625 0.399880953125 0.369136690625 0.4305357140625 0.362949640625 0.452023809375 0.3827338125 0.4703571421875 0.4197841734375 0.46529761875000003 0.424676259375 0.4530357140625 0.43460431718750003 0.4397619046875
0 0.38151079062500004 0.3355357140625 0.39136690625 0.34375 0.40863309374999995 0.33863095312499997 0.4197841734375 0.31 0.39755395625 0.30898809531250004 0.38769784218750003 0.3141071421875 0.38151079062500004 0.3355357140625
0 0.3499280578125 0.540119046875 0.34517985625000003 0.5214880953125001 0.35230215781249996 0.4970833328125 0.34280575468749996 0.4902380953125 0.3227338125 0.4902380953125 0.3109352515625 0.4902380953125 0.305035971875 0.5 0.296762590625 0.5313095234375 0.3097122296875 0.549880953125 0.3357553953125 0.5479166671875 0.3499280578125 0.540119046875
0 0.29913669062500003 0.2604166671875 0.2837410078125 0.247678571875 0.2636690640625 0.23690476249999998 0.2600719421875 0.24279761875 0.23410071875 0.253571428125 0.2305755390625 0.26821428593749996 0.2364748203125 0.27214285781249997 0.2600719421875 0.270178571875 0.2837410078125 0.271130953125 0.29913669062500003 0.2604166671875
0 0.1879856109375 0.626130953125 0.2080575546875 0.6496428578125 0.21402877656250002 0.6339880953125 0.21402877656250002 0.61345238125 0.20215827343749998 0.594880953125 0.1773381296875 0.6026785718750001 0.1879856109375 0.626130953125
0 0.2411510796875 0.4011904765625 0.2612949640625 0.38166666718750003 0.2861151078125 0.3660119046875 0.25064748125 0.36404761875 0.2328776984375 0.38166666718750003 0.2411510796875 0.4011904765625
0 0.0697841734375 0.3014880953125 0.059136690625 0.31416666718749997 0.07928057499999999 0.3258928578125 0.08755395625 0.31124999999999997 0.0697841734375 0.3014880953125
0 0.117050359375 0.149880953125 0.12064748125 0.1763095234375 0.1537410078125 0.1831547625 0.15014388437499998 0.16845238125 0.117050359375 0.149880953125
0 0.7541726625 0.38946428593750004 0.7210791359375001 0.413928571875 0.7328776984375 0.43154761875 0.7282014390625 0.46285714218749996 0.770719425 0.4530357140625 0.7872661875 0.43839285781250004 0.788489209375 0.4110119046875 0.7541726625 0.38946428593750004
0 0.6572661875 0.0628571421875 0.64899280625 0.06970238125 0.614676259375 0.08630952343750001 0.60172661875 0.1068452375 0.5993525187500001 0.13029761875 0.6265467625000001 0.1371428578125 0.658417265625 0.1293452375 0.6548920859375 0.1019642859375 0.6572661875 0.0628571421875
0 0.9308633093750001 0.4530357140625 0.962949640625 0.4836904765625 0.9963309359375 0.46529761875000003 0.992589928125 0.4285119046875 0.966690646875 0.4152380953125 0.9481294968749999 0.42136904687500004 0.9308633093750001 0.4530357140625