0 0.646350515625 0.5678457453125 0.6698556703125 0.561462765625 0.6738144328125 0.5425531921875 0.6674226796875 0.5231382984375 0.6408247421875 0.5218085109375 0.6287835046875 0.542632978125 0.646350515625 0.5678457453125
0 0.8181443296875001 0.445452128125 0.8227628859375 0.4201861703125 0.8149278343749999 0.41007978749999996 0.7989072171875 0.42109042499999993 0.79925773125 0.4390159578125 0.8181443296875001 0.445452128125
0 0.9198556703125 0.34199468125 0.915587628125 0.278031915625 0.8971958765625001 0.2664361703125 0.879670103125 0.2741489359375 0.879670103125 0.328218084375 0.9198556703125 0.34199468125
0 0.942082475 0.8371010640625001 0.9413402062499999 0.8568882984374999 0.9608865984375001 0.864547871875 0.963608246875 0.8492287234375 0.9658350515624999 0.834547871875 0.9606391750000001 0.827207446875 0.942082475 0.8371010640625001
0 0.930948453125 0.8118882984375 0.933917525 0.8316755312499999 0.9445567015625 0.8323138296874999 0.95 0.8205053187500001 0.94925773125 0.8032712765625 0.941587628125 0.8016755312500001 0.930948453125 0.8118882984375
0 0.5132164953125 0.3468882984375 0.52134020625 0.3320212765625 0.5222061859375 0.3149202125 0.5127835046875 0.3165691484375 0.5038144328125 0.321542553125 0.5132164953125 0.3468882984375
0 0.45670103125 0.614627659375 0.45876288593750003 0.6031914890625 0.450927834375 0.5898936171875 0.4428865984375 0.6071808515625 0.449690721875 0.618882978125 0.45670103125 0.614627659375
0 0.2661649484375 0.076382978125 0.2911134015625 0.089787234375 0.3118969078125 0.073297871875 0.29822680468749996 0.04957446875 0.27061855625 0.0392287234375 0.25874226875 0.0576063828125 0.2661649484375 0.076382978125
0 0.32138144375 0.040372340625 0.3406804125 0.0101063828125 0.3288041234375 0.0024468078125 0.30684536093750003 0.0135638296875 0.302989690625 0.0430585109375 0.32138144375 0.040372340625
0 0.1845154640625 0.069867021875 0.1854020625 0.0311702125 0.1628453609375 0.0124202125 0.150371134375 0.020452128125 0.1565979375 0.066037234375 0.1845154640625 0.069867021875
0 0.10802061874999999 0.388882978125 0.10517525781249999 0.40957446875 0.1197731953125 0.415531915625 0.1315257734375 0.3971542546875 0.13474226875 0.38292553125 0.1294020625 0.3806117015625 0.10802061874999999 0.388882978125
0 0.0008247421875000001 0.5553191484375 0.0002061859375 0.5617021281250001 0.000412371875 0.5656914890625 0.006185567187499999 0.5691489359374999 0.010721650000000001 0.5646276593749999 0.0101030921875 0.554787234375 0.0018556703125 0.55292553125 0.0008247421875000001 0.5553191484375
0 0.153711340625 0.76574468125 0.1658350515625 0.7456382984375 0.151731959375 0.7274468078125 0.13837113437499998 0.7303191484375 0.136639175 0.7625531921875 0.153711340625 0.76574468125
0 0.3358144328125 0.41800531875 0.3362268046875 0.431037234375 0.37973195937500004 0.43848404218750003 0.38839175312499996 0.414547871875 0.38138144375 0.40550531875000007 0.3574639171875 0.4057712765625 0.3358144328125 0.41800531875
0 0.4458969078125 0.18486702187499998 0.46342267968749995 0.19994680781250002 0.48472165 0.1918617015625 0.480969071875 0.154707446875 0.471360825 0.14824468125 0.450082475 0.1568617015625 0.4458969078125 0.18486702187499998
0 0.221649484375 0.32853723437500004 0.2381855671875 0.2751861703125 0.22637113437499998 0.220292553125 0.1755463921875 0.24316489375 0.17672165 0.313297871875 0.221649484375 0.32853723437500004
0 0.280989690625 0.7702393609375 0.2821649484375 0.7458510640625 0.28688659843750003 0.736702128125 0.26915463906250003 0.7199202125 0.2644329890625 0.755 0.280989690625 0.7702393609375
0 0.70065979375 0.874840425 0.67334020625 0.8825 0.6688865984375 0.9135372343749999 0.683731959375 0.9357446812499999 0.705711340625 0.9311436171875 0.7172783500000001 0.8947606390624999 0.7119381437500001 0.8809840421875 0.70065979375 0.874840425