0 0.8429351531249999 0.8202214015625 0.86986348125 0.844022140625 0.8837201359375 0.8290405906249999 0.8837201359375 0.8114022140625 0.8535494874999999 0.7972693734375 0.8429351531249999 0.8202214015625
0 0.5450511953125 0.522140221875 0.512252559375 0.5185977859374999 0.513344709375 0.5611808125 0.5581911265625 0.5647232468750001 0.5450511953125 0.522140221875
0 0.098839590625 0.298487084375 0.082525596875 0.312435425 0.0750511953125 0.3352029515625 0.10426621093749999 0.3712177125 0.1246757671875 0.3521033203125 0.12535836250000001 0.3087453875 0.098839590625 0.298487084375
0 0.0831058015625 0.704723246875 0.0544027296875 0.704723246875 0.0508532421875 0.726014759375 0.0724914671875 0.7557564578125 0.0937201359375 0.7523616234375 0.097269625 0.726014759375 0.0831058015625 0.704723246875
0 0.6814675765625 0.6438745390625 0.668430034375 0.6659409593750001 0.6839249140625 0.69501845 0.7165529015625001 0.694132840625 0.738566553125 0.6791512921875 0.73122866875 0.63682656875 0.6814675765625 0.6438745390625
0 0.8176450515625 0.79815498125 0.8421160406249999 0.8052029515625 0.8502730375 0.7814022140625 0.8388737203125001 0.775239853125 0.8217406140625 0.7725830265625 0.8176450515625 0.79815498125
0 0.365085325 0.2912177125 0.3463481234375 0.2929889296875 0.3390102390625 0.3167896671875 0.35532423281250003 0.3388560890625 0.37324232031250004 0.33177121718749997 0.37488054531250004 0.3176752765625 0.365085325 0.2912177125
0 0.62767918125 0.5548339484375 0.7051194546875 0.556605165625 0.719795221875 0.5178228781249999 0.688020478125 0.497527675 0.62604095625 0.50811808125 0.62767918125 0.5548339484375
0 0.40423208125 0.7311808125 0.429522184375 0.7338007375 0.44825938593750003 0.6985608859375 0.420546075 0.6544649453125 0.3920136515625 0.6773800734375001 0.40423208125 0.7311808125
0 0.30068259375 0.35822878281250004 0.26071672343749996 0.3714391140625 0.2696928328125 0.4225830265625 0.31372013593750003 0.43228782343749994 0.3398293515625 0.4314022140625 0.3316723546875 0.3838007375 0.30068259375 0.35822878281250004
0 0.8981911265625 0.22191881875 0.8358703078125 0.2337269375 0.8544709890625001 0.31059040625 0.917883959375 0.303468634375 0.8981911265625 0.22191881875
0 0.737474403125 0.3732103328125 0.7024914671875 0.38623616250000004 0.7003071671875001 0.41933579375 0.738566553125 0.412214021875 0.737474403125 0.3732103328125
0 0.2695563140625 0.13564575625 0.2564505125 0.140369003125 0.24549488125000002 0.1699262 0.277201365625 0.1687453875 0.2695563140625 0.13564575625
0 0.20522184375000002 0.024095940625 0.1842662109375 0.0436900375 0.195017065625 0.084095940625 0.217064846875 0.0963099625 0.237474403125 0.0749077484375 0.23180887343749998 0.032656826562500005 0.20522184375000002 0.024095940625