0 0.45 0.5726111109375001 0.49375545781249996 0.5921666671875 0.5481222703124999 0.5185 0.531572053125 0.425277778125 0.45 0.423777778125 0.42991266406250006 0.5155000000000001 0.45 0.5726111109375001
0 0.6486026203125 0.33805555625 0.6521397375 0.30344444375 0.6237554578125 0.24177777812499998 0.6107860265625 0.29444444375 0.6131441046874999 0.30794444374999996 0.6486026203125 0.33805555625
0 0.6970742359375001 0.5756111109375001 0.6379475984375 0.5651111109375 0.661572053125 0.6808888890625 0.725414846875 0.619222221875 0.6970742359375001 0.5756111109375001
0 0.7939737984375 0.3245 0.84480349375 0.3666111109375 0.9027074234375 0.3275 0.8979912656250001 0.244777778125 0.8353711796875001 0.244777778125 0.7939737984375 0.3245
0 0.9014410484375001 0.092277778125 0.8992576421875 0.0226666671875 0.8459825328124999 0.001277778125 0.8145851531250001 0.056055556250000006 0.83868995625 0.10805555625 0.9014410484375001 0.092277778125
0 0.65956331875 0.29794444375 0.6547161578125 0.336722221875 0.6759825328125 0.3351666671875 0.6881222703125001 0.305 0.65956331875 0.29794444375
0 0.0994759828125 0.26738888906249997 0.08790392968750001 0.35694444375 0.09524017500000001 0.49733333281250003 0.1813973796875 0.5387777781249999 0.2381659390625 0.47461111093749997 0.25078602656250004 0.3516111109375 0.1961135375 0.296777778125 0.12152838437499999 0.268722221875 0.0994759828125 0.26738888906249997
0 0.09183406093749999 0.617722221875 0.098951965625 0.5921666671875 0.107205240625 0.5771666671875 0.0835807859375 0.5741111109375 0.0670305671875 0.5771666671875 0.09183406093749999 0.617722221875
0 0.35781659375 0.799722221875 0.36965065468749997 0.76194444375 0.317641921875 0.76044444375 0.3069869 0.7801666671875 0.32 0.8147222218750001 0.35781659375 0.799722221875
0 0.3920960703125 0.5666111109374999 0.317641921875 0.55005555625 0.301091703125 0.5771666671875 0.296331878125 0.602722221875 0.296331878125 0.6312777781250001 0.338908296875 0.679277778125 0.3755458515625 0.6853888890625 0.42637554531250005 0.670222221875 0.42637554531250005 0.619222221875 0.3920960703125 0.5666111109374999
0 0.39445414843750004 0.0658333328125 0.35781659375 0.0823888890625 0.35310043593749996 0.123 0.3885589515625 0.10927777812499999 0.39445414843750004 0.0658333328125