0 0.47701438906250004 0.7682819390625 0.47007194218750004 0.7597356828125 0.45611510781250003 0.762158590625 0.4551079140625 0.7707048453125 0.4571223015625 0.7951101328125 0.47305755468750005 0.792687225 0.47701438906250004 0.7682819390625
0 0.86446043125 0.8182819390624999 0.8704316546875001 0.83779735625 0.8893884890624999 0.83779735625 0.9302158265625 0.842687225 0.958093525 0.7963436125000001 0.9491366906250001 0.76462555 0.9162589921875 0.7524229078125 0.8744244609375 0.7743612328125 0.86446043125 0.8182819390624999
0 0.7728417265624999 0.5230837 0.77482014375 0.48286343593750003 0.7459352515625 0.4633480171875 0.6961510796875 0.4706607921875 0.672230215625 0.4901762109375 0.6694244609375 0.5207048453125 0.672230215625 0.5487224671875001 0.6941726625 0.57431718125 0.7051079140625001 0.5889867843750001 0.7290287765625 0.58162995625 0.7469424453125 0.5682378859375 0.7728417265624999 0.5230837
0 0.64935251875 0.551145375 0.658309353125 0.5377533046874999 0.66327338125 0.5121145375 0.659280575 0.4865198234375 0.636402878125 0.48528634375 0.6114748203125 0.48162995625000005 0.59553956875 0.48405286406250003 0.5806115109375 0.5023788546875 0.5746402875000001 0.530440528125 0.5746402875000001 0.5389427312499999 0.5855755390625 0.5706607921875 0.6164748203125 0.5706607921875 0.64935251875 0.551145375
0 0.30769784218749996 0.1327753296875 0.27982014374999997 0.109603525 0.23600719374999998 0.09740088125 0.203129496875 0.1193392078125 0.1981654671875 0.1718061671875 0.20910071874999997 0.2035242296875 0.22604316562500001 0.2181497796875 0.27881295 0.20960352499999998 0.3087050359375 0.197444934375 0.3166546765625 0.1681497796875 0.30769784218749996 0.1327753296875
0 0.463093525 0.1327753296875 0.4551079140625 0.1278854625 0.4471582734375 0.1278854625 0.445143884375 0.1413215859375 0.4521223015625 0.1486343609375 0.4601079140625 0.14374449375 0.463093525 0.1327753296875
0 0.2947482015625 0.501145375 0.2808273375 0.4670044046875 0.25791366875 0.46088105781250005 0.247949640625 0.4950660796875 0.25791366875 0.5206607921875 0.2828057546875 0.534096915625 0.2947482015625 0.501145375
0 0.1573021578125 0.7682819390625 0.19514388437500002 0.765814978125 0.22802158281249998 0.73779735625 0.23003597187499997 0.6743612328124999 0.19118705 0.6450660796875 0.132410071875 0.6585022031250001 0.0816187046875 0.6718942734375 0.05971222968749999 0.6829074890625 0.058705035937500004 0.7182819390625 0.0726618703125 0.7451101328124999 0.133417265625 0.765814978125 0.1573021578125 0.7682819390625
0 0.8395683453125 0.1413215859375 0.8445323734375 0.142555065625 0.8525179859375 0.138854625 0.8535251796875001 0.1278854625 0.8495323734375001 0.11449339218750001 0.8385611515625 0.1132599125 0.8355755390624999 0.12303964687499999 0.8395683453125 0.1413215859375
0 0.43021582656249996 0.6243612328125 0.4382014390625 0.6243612328125 0.44417266250000004 0.608502203125 0.445143884375 0.601145375 0.43719424531250006 0.596299559375 0.428237409375 0.603612334375 0.42525179843750005 0.6060352421874999 0.43021582656249996 0.6243612328125
0 0.8395683453125 0.7170484578125 0.8385611515625 0.7219383265625 0.8355755390624999 0.735330396875 0.8465467625 0.735330396875 0.8525179859375 0.731674009375 0.860503596875 0.7219383265625 0.8495323734375001 0.7146255499999999 0.8465467625 0.7133920703125 0.8395683453125 0.7170484578125