0 0.5011290328125 0.6295808390625 0.5254838703125 0.620958084375 0.515537634375 0.59257485 0.4867204296875 0.61107784375 0.5011290328125 0.6295808390625
0 0.35139785 0.061437125 0.3779032265625 0.016526946875 0.34607526875 0.0047305390625 0.3057526875 0.0058682640625 0.3004301078125 0.0330538921875 0.31741935468750004 0.06970059843750001 0.35139785 0.061437125
0 0.5413440859375 0.2647305390625 0.5816666671874999 0.262395209375 0.5954838703124999 0.2269461078125 0.57532258125 0.20802395156250003 0.52860215 0.20449101718749998 0.5413440859375 0.2647305390625
0 0.8682258062500001 0.046107784375 0.8544086015625 0.00706586875 0.815161290625 0.0117964078125 0.7907526875 0.05077844375 0.8682258062500001 0.046107784375
0 0.9372043015625 0.38293413125 0.9435483874999999 0.3593413171875 0.904301075 0.35694610781249997 0.9064516125000001 0.3876646703125 0.9372043015625 0.38293413125
0 0.3015053765625 0.5425149703125001 0.3205913984375 0.5319161671875 0.3025806453125 0.509461078125 0.287688171875 0.5129940125 0.28026881718749996 0.528323353125 0.3015053765625 0.5425149703125001
0 0.28876344062500003 0.614610778125 0.3152688171875 0.602814371875 0.293010753125 0.568562875 0.26752688125 0.5579041921875 0.25795698906250003 0.561437125 0.2388709671875 0.5980838328125 0.28876344062500003 0.614610778125
0 0.5095161296875 0.76592814375 0.5222580640625 0.7919161671875 0.5519354843750001 0.7635928140625 0.5954838703124999 0.787185628125 0.6071505375 0.7611976046875 0.6039784953125 0.73520958125 0.5816666671874999 0.7304790421875 0.5392473125 0.706826346875 0.5095161296875 0.76592814375
0 0.26752688125 0.8912574843750001 0.31741935468750004 0.8971257484375 0.31209677343750003 0.86407185625 0.32698924687500003 0.848682634375 0.3205913984375 0.8167664671875 0.3025806453125 0.8179640718750001 0.25795698906250003 0.8155688624999999 0.26752688125 0.8912574843750001
0 0.701612903125 0.602395209375 0.7620967734375 0.5720958078125 0.775913978125 0.5141916171875 0.7811827953125 0.47161676718749995 0.7107526875 0.4754491015625 0.6752688171875 0.5335329343749999 0.701612903125 0.602395209375
0 0.3736559140625 0.4123353296875 0.3791935484375 0.43700598749999997 0.42462365625 0.4197005984375 0.42682795625000003 0.36790419218750003 0.40026881718749996 0.3530538921875 0.38360215000000003 0.36419161718750004 0.3736559140625 0.4123353296875
0 0.1652688171875 0.1382634734375 0.143064515625 0.17778443125 0.12865591406250002 0.17035928125 0.1264516125 0.13329341249999999 0.10763440937499999 0.117245509375 0.087634409375 0.13329341249999999 0.0820967734375 0.17035928125 0.0909677421875 0.2098802390625 0.15193548437499999 0.2271257484375 0.2040322578125 0.19748502968749998 0.2251075265625 0.1555089828125 0.23618279531250003 0.12592814375 0.19182795625 0.1283832328125 0.1652688171875 0.1382634734375
0 0.7770967734374999 0.791317365625 0.799301075 0.787604790625 0.8070430109375 0.7641916171875 0.7826881718750001 0.7493413171875 0.7604838703125 0.7802395203125 0.7770967734374999 0.791317365625
0 0.24618279531249998 0.7444311375 0.2727956984375 0.776526946875 0.3004838703125 0.795029940625 0.3304301078125 0.7974850296875 0.33817204375 0.7604790421875001 0.3104838703125 0.7160479046875 0.3038172046875 0.7197604796875 0.26946236562500003 0.713532934375 0.24618279531249998 0.7444311375
0 0.356989246875 0.981437125 0.38139785000000004 0.9864071859375001 0.3958064515625 0.972814371875 0.38360215000000003 0.9518562875000001 0.356989246875 0.9567664671875 0.356989246875 0.981437125