0 0.4078333328125 0.5062445421875 0.4273888890625 0.55 0.4845 0.5700873359374999 0.5762222218749999 0.55 0.574722221875 0.468427946875 0.48150000000000004 0.4518777296875 0.4078333328125 0.5062445421875
0 0.6920555562499999 0.3868558953125 0.70555555625 0.3892139734375 0.758222221875 0.3762445421875 0.69655555625 0.3478602625 0.6619444437500001 0.3513973796875 0.6920555562499999 0.3868558953125
0 0.4348888890625 0.3620524015625 0.42438888906249994 0.3029257640625 0.380777778125 0.274585153125 0.3191111109375 0.338427946875 0.4348888890625 0.3620524015625
0 0.755222221875 0.16462882031249998 0.755222221875 0.102008734375 0.6725 0.0972925765625 0.6333888890625 0.15519650625 0.6755 0.2060262015625 0.755222221875 0.16462882031249998
0 0.8919444437499999 0.16131004375 0.9439444437500001 0.185414846875 0.998722221875 0.1540174671875 0.9773333328125 0.1007423578125 0.9077222218750001 0.0985589515625 0.8919444437499999 0.16131004375
0 0.663277778125 0.3452838421875 0.70205555625 0.34043668125000004 0.6950000000000001 0.3118777296875 0.6648333328125 0.3240174671875 0.663277778125 0.3452838421875
0 0.6483888890625 0.7492139734375 0.5253888890625 0.7618340609375001 0.46122222187500006 0.8186026203125 0.5026666671875 0.904759825 0.64305555625 0.9120960703125001 0.7326111109375 0.9005240171875 0.731277778125 0.8784716156249999 0.703222221875 0.8038864625000001 0.6483888890625 0.7492139734375
0 0.4228333328125 0.9329694328125001 0.4258888890625 0.9164192140624999 0.4228333328125 0.892794759375 0.4078333328125 0.901048034375 0.382277778125 0.9081659390624999 0.4228333328125 0.9329694328125001
0 0.185277778125 0.6799999999999999 0.2198333328125 0.6930131 0.23955555624999997 0.6823580781249999 0.23805555625000002 0.6303493453125 0.20027777812499997 0.64218340625 0.185277778125 0.6799999999999999
0 0.32977777812500003 0.5736244546875 0.3146111109375 0.6244541484374999 0.320722221875 0.661091703125 0.36872222187500003 0.703668121875 0.397277778125 0.703668121875 0.4228333328125 0.698908296875 0.44994444375000003 0.6823580781249999 0.43338888906250006 0.6079039296875 0.380777778125 0.5736244546875 0.32977777812500003 0.5736244546875
0 0.9176111109375 0.64218340625 0.9341666671875 0.6055458515625001 0.890722221875 0.6114410484375 0.877 0.6468995640624999 0.9176111109375 0.64218340625