0 0.132578615625 0 0.15182389999999998 0.018144796875 0.17893081718749998 0.024389140625 0.2172327046875 0.0208144796875 0.2295597484375 0.008371040625 0.2295597484375 0 0.132578615625 0
0 0.4110691828125 0.0048416296875 0.3715723265625 0.0101809953125 0.3913207546875 0.040361990625 0.469056603125 0.0679185515625 0.5246540875 0.067013575 0.469056603125 0.007511312500000001 0.4110691828125 0.0048416296875
0 0.430817609375 0.2339819 0.4493081765625 0.2135746609375 0.4122641515625 0.1735746609375 0.3851572328125 0.19936651562500002 0.39006289375000003 0.23221719531249999 0.430817609375 0.2339819
0 0.2086163515625 0.4152036203125 0.2369811328125 0.40009049843750005 0.22710691875000003 0.384977375 0.2023899375 0.387647059375 0.1925157234375 0.40099547500000005 0.2086163515625 0.4152036203125
0 0.4542767296875 0.9792307687499999 0.48880503124999997 0.9596832578125 0.46660377343750004 0.917013575 0.4159748421875 0.922352940625 0.418490565625 0.9685520359374999 0.4542767296875 0.9792307687499999
0 0.569182390625 0.7653393671875001 0.5881132078125 0.8010859734375 0.6294968546875 0.7993665156249999 0.62358490625 0.7636651578125 0.569182390625 0.7653393671875001
0 0.307358490625 0.06343891406249999 0.28880503125 0.0883257921875 0.3023899375 0.1132126703125 0.3481132078125 0.12298642500000001 0.3863522015625 0.1291855203125 0.3764779875 0.075022625 0.307358490625 0.06343891406249999
0 0.3753459125 0.30524886875 0.37062893125 0.3129411765625 0.41194968593750003 0.31547511250000004 0.40251572343750003 0.2959276015625 0.3753459125 0.30524886875
0 0.23352201250000001 0.24574660625 0.2394339625 0.2720814484375 0.2878616359375 0.2720814484375 0.28905660312500003 0.2432126703125 0.23352201250000001 0.24574660625
0 0.5089308171875 0.583348415625 0.5112578609375 0.619095021875 0.5679874218750001 0.621628959375 0.564465409375 0.600361990625 0.5089308171875 0.583348415625
0 0.4913207546875 0.42941176406250003 0.5073584906249999 0.41787330312500004 0.496226415625 0.395656109375 0.47276729531250006 0.40719457031250006 0.47528301875 0.424977375 0.4913207546875 0.42941176406250003
0 0.6223899375 0.14877828125 0.6566666671875 0.12072398124999999 0.669685534375 0.056923076562499994 0.6448427671875 0.04674208125 0.6046540874999999 0.040769231249999996 0.5869182390625001 0.0696832578125 0.552641509375 0.0875565609375 0.560943396875 0.1266968328125 0.6223899375 0.14877828125
0 0.9678616359375001 0.441855203125 0.9888050312500001 0.4462895921875 0.9925157234374999 0.4320814484375 0.996226415625 0.3991855203125 0.9987421390625 0.3699095015625 0.9777358484375 0.3663348421875 0.9481132078125001 0.3823076921875 0.9406918234375 0.41253393593750004 0.9678616359375001 0.441855203125