0 0.35195555624999997 0.505736040625 0.38955555625 0.496345178125 0.404222221875 0.45654822343749996 0.38035555625 0.4314213203125 0.35746666718750003 0.4649238578125 0.35195555624999997 0.505736040625
0 0.013777778125000001 0.604822334375 0.02844444375 0.5932994921875 0.026533332812499998 0.580761421875 0.01275555625 0.5681725890625 0.0046222218750000005 0.588071065625 0.013777778125000001 0.604822334375
0 0.2332888890625 0.6764974625 0.28813333281250003 0.6788324875 0.2798666671875 0.6434010156250001 0.24155555624999997 0.6291878171875 0.2332888890625 0.6764974625
0 0.485822221875 0.698934009375 0.568622221875 0.6883248734375 0.5416888890625 0.6280203046875 0.4827111109375 0.6315736046875 0.485822221875 0.698934009375
0 0.1216 0.7894923859375 0.143777778125 0.7886294421875 0.1445333328125 0.7598477156250001 0.1284888890625 0.7476142125 0.11777777812500001 0.7650761421875 0.1216 0.7894923859375
0 0.10382222187500001 0.9391370562500001 0.10164444375 0.97558375625 0.12915555625 0.9931472078124999 0.1874666671875 0.9944162437499999 0.21826666718749999 0.9780710656249999 0.19075555625 0.9202538078125 0.1610666671875 0.8674619296875001 0.1137333328125 0.8750253812500001 0.10382222187500001 0.9391370562500001
0 0.342622221875 0.8674619296875001 0.3657333328125 0.8699999999999999 0.369022221875 0.85619289375 0.360222221875 0.831015228125 0.3392888890625 0.8460913703124999 0.342622221875 0.8674619296875001
0 0.5450666671875 0.8436040609375001 0.5560888890625 0.8913705578125001 0.5934666671875 0.9215228421875 0.6408 0.9240101515625 0.6716 0.9177664968749999 0.6892 0.8888324875 0.6881333328125 0.8436040609375001 0.643022221875 0.7656852796875 0.55275555625 0.78203045625 0.5450666671875 0.8436040609375001
0 0.7893333328125001 0.7128934015625 0.83115555625 0.7191878171874999 0.8487555562500001 0.7003553296875 0.8410666671874999 0.6525888328125 0.79484444375 0.6588832484375 0.7893333328125001 0.7128934015625
0 0.8916888890625 0.4841624359375 0.9148 0.4464974625 0.8928 0.416294415625 0.85315555625 0.46030456875 0.8916888890625 0.4841624359375
0 0.3184 0.0418274109375 0.280977778125 0.0971065984375 0.254577778125 0.186345178125 0.3019111109375 0.3070050765625 0.3448 0.35598984843750003 0.3855111109375 0.37736040625 0.39431111093750004 0.31203045625 0.4009333328125 0.288121828125 0.42515555625 0.31203045625 0.452622221875 0.3232994921875 0.4878666671875 0.3396446703125 0.519777778125 0.3547208125 0.5362666671875 0.3232994921875 0.5142666671875 0.278071065625 0.52524444375 0.234111675 0.5296888890625 0.197664975 0.5285777781250001 0.16873096406250002 0.49226666718749995 0.0468527921875 0.41413333281250003 0.0368020296875 0.3184 0.0418274109375
0 0.395022221875 0.401015228125 0.43079999999999996 0.39685279218749997 0.43995555625 0.3801015234375 0.428977778125 0.3539086296875 0.3968888890625 0.369593909375 0.395022221875 0.401015228125