0 0.64069124375 0.052040815625 0.6340553 0.0696428578125 0.6447004609375 0.0902551015625 0.6725345625 0.0902551015625 0.6858064515625 0.0762755109375 0.6745622124999999 0.054285714062500004 0.64069124375 0.052040815625
0 0.433041475 0.7909693875 0.42023041406250006 0.785102040625 0.40304147500000004 0.7815306125 0.3859907828125 0.7780102046875 0.3711520734375 0.8430102046875 0.40304147500000004 0.8418367343750001 0.4393548390625 0.8335714281250001 0.433041475 0.7909693875
0 0.8163594468750001 0.7437244890625 0.8012903218749999 0.7767857140625 0.8141935484375 0.7992857140625 0.8889400921874999 0.798061225 0.89 0.762602040625 0.8184792625 0.7259693875 0.8163594468750001 0.7437244890625
0 0.36354838749999996 0.5498469390625 0.3156221203125 0.5380612250000001 0.3156221203125 0.5923979593750001 0.3604608296875 0.5900510203125 0.36354838749999996 0.5498469390625
0 0.1415668203125 0.340663265625 0.19069124375 0.341836734375 0.2013824890625 0.300459184375 0.1884792625 0.2720918375 0.1415668203125 0.269693878125 0.1415668203125 0.340663265625
0 0.20350230468750002 0.22479591875 0.27930875624999996 0.22714285781250002 0.2974654375 0.1668877546875 0.24834101406250003 0.140867346875 0.22377880156250002 0.1751530609375 0.20350230468750002 0.22479591875
0 0.11829493124999998 0.9691326531250001 0.1350230421875 0.9876020406249999 0.158894009375 0.9629591843749999 0.1501382484375 0.9347448984375 0.1214746546875 0.9435204078125 0.11829493124999998 0.9691326531250001
0 0.7904608296875 0.42158163281250005 0.8070046078124999 0.4251530609375 0.816682028125 0.40933673437499996 0.805668203125 0.39301020468750003 0.7899539171875001 0.400663265625 0.7904608296875 0.42158163281250005
0 0.76 0.3981122453125 0.7766359453125 0.40678571406249997 0.783963134375 0.38382653125 0.7752073734375 0.37362244843750003 0.7613824890625 0.3817857140625 0.76 0.3981122453125
0 0.7890322578125 0.422602040625 0.774331796875 0.4220918375 0.7628110593749999 0.4312755109375 0.76322580625 0.4465816328125 0.7775115203125 0.447602040625 0.7904608296875 0.44096938750000003 0.7890322578125 0.422602040625
0 0.8383410140625 0.41852040781250005 0.8300460828125 0.4302551015625 0.8374193546875001 0.44556122499999995 0.844838709375 0.44454081562500003 0.8544700453124999 0.43484693906249994 0.8517511515624999 0.420561225 0.8383410140625 0.41852040781250005