0 0.43853723437500003 0.3301443296875 0.4321542546875 0.353649484375 0.457367021875 0.3712164953125 0.4781914890625 0.3591752578125 0.47686170156249996 0.3325773203125 0.4574468078125 0.32618556718749997 0.43853723437500003 0.3301443296875
0 0.5609840421875 0.20074226875 0.5789095750000001 0.20109278281249998 0.5899202125 0.185072165625 0.5798138296875 0.1772371140625 0.554547871875 0.1818556703125 0.5609840421875 0.20074226875
0 0.671781915625 0.120329896875 0.7258510640625 0.120329896875 0.7335638296875 0.1028041234375 0.721968084375 0.084412371875 0.65800531875 0.0801443296875 0.671781915625 0.120329896875
0 0.1431117015625 0.05865979375 0.1628989359375 0.057917525000000004 0.172792553125 0.039360825 0.16545212812500001 0.034164948437499995 0.1507712765625 0.036391753124999995 0.13545212812500002 0.0391134015625 0.1431117015625 0.05865979375
0 0.16832446875 0.066082475 0.1881117015625 0.06905154687500001 0.19832446875 0.058412371875 0.1967287234375 0.05074226875 0.17949468125 0.05 0.1676861703125 0.0554432984375 0.16832446875 0.066082475
0 0.678457446875 0.4961855671875 0.6834308515624999 0.4872164953125 0.6850797875 0.47779381406250004 0.6679787234375001 0.47865979375 0.6531117015625 0.48678350468750003 0.678457446875 0.4961855671875
0 0.381117021875 0.5503092781250001 0.3928191484375 0.5571134015625 0.41010638281249995 0.5490721656249999 0.3968085109375 0.5412371140625 0.385372340625 0.54329896875 0.381117021875 0.5503092781250001
0 0.910212765625 0.7088865984375 0.923617021875 0.7338350515625 0.9423936171875 0.7412577312499999 0.9607712765624999 0.72938144375 0.95042553125 0.7017731953124999 0.9267021281250001 0.6881030921875 0.910212765625 0.7088865984375
0 0.9569414890625 0.697010309375 0.9864361703125001 0.6931546390625 0.9975531921874999 0.6711958765625 0.9898936171875 0.6593195875 0.9596276593749999 0.67861855625 0.9569414890625 0.697010309375
0 0.933962765625 0.8434020625 0.9795478718749999 0.849628865625 0.9875797875 0.8371546390625 0.9688297875 0.8145979375 0.9301329781250001 0.8154845359375 0.933962765625 0.8434020625
0 0.59042553125 0.8948247421875 0.6111170218749999 0.89197938125 0.6193882984375 0.8705979375 0.61707446875 0.86525773125 0.6028457453125 0.8684742265625 0.584468084375 0.8802268046874999 0.59042553125 0.8948247421875
0 0.4308510640625 0.9938144328125 0.4343085109375 0.999587628125 0.43829787187499997 0.9997938140624999 0.44468085156250003 0.9991752578125 0.44707446875 0.9981443296875 0.445212765625 0.9898969078125001 0.435372340625 0.98927835 0.4308510640625 0.9938144328125
0 0.2374468078125 0.863360825 0.2696808515625 0.861628865625 0.2725531921875 0.8482680406249999 0.25436170156250004 0.8341649484375001 0.23425531875 0.846288659375 0.2374468078125 0.863360825
0 0.568962765625 0.6637731953125 0.58199468125 0.6641855671875 0.5942287234375 0.6425360828125 0.5944946812499999 0.6186185562500001 0.585452128125 0.611608246875 0.5615159578125 0.620268040625 0.568962765625 0.6637731953125
0 0.8000531921875 0.5365773203125 0.8151329781250001 0.5541030921875 0.8431382984375 0.549917525 0.8517553187500001 0.528639175 0.845292553125 0.5190309281250001 0.8081382984375001 0.51527835 0.8000531921875 0.5365773203125
0 0.6867021281250001 0.82327835 0.75683510625 0.8244536078125 0.779707446875 0.773628865625 0.7248138296875 0.7618144328125 0.6714627656250001 0.778350515625 0.6867021281250001 0.82327835
0 0.24500000000000002 0.7355670109375 0.2800797875 0.7308453609375001 0.263297871875 0.7131134015625 0.2541489359375 0.7178350515624999 0.2297606390625 0.719010309375 0.24500000000000002 0.7355670109375
0 0.06425531875 0.31626804062499997 0.08646276562500001 0.3311134015625 0.11750000000000001 0.32665979375 0.125159575 0.29934020625 0.1190159578125 0.28806185625 0.1052393609375 0.28272165 0.0688563828125 0.294288659375 0.06425531875 0.31626804062499997