0 0.505736040625 0.64804444375 0.496345178125 0.61044444375 0.45654822343749996 0.595777778125 0.4314213203125 0.61964444375 0.4649238578125 0.6425333328125 0.505736040625 0.64804444375
0 0.604822334375 0.9862222218750001 0.5932994921875 0.97155555625 0.580761421875 0.9734666671875001 0.5681725890625 0.9872444437500001 0.588071065625 0.9953777781250001 0.604822334375 0.9862222218750001
0 0.6434010156250001 0.7201333328125 0.6291878171875 0.75844444375 0.6764974625 0.7667111109375 0.6788324875 0.7118666671875 0.6434010156250001 0.7201333328125
0 0.6280203046875 0.45831111093750004 0.6315736046875 0.5172888890625 0.698934009375 0.514177778125 0.6883248734375 0.431377778125 0.6280203046875 0.45831111093750004
0 0.7894923859375 0.8784000000000001 0.7886294421875 0.856222221875 0.7598477156250001 0.8554666671875 0.7476142125 0.8715111109375 0.7650761421875 0.882222221875 0.7894923859375 0.8784000000000001
0 0.9931472078124999 0.87084444375 0.9944162437499999 0.8125333328125001 0.9780710656249999 0.7817333328125 0.9202538078125 0.8092444437499999 0.8674619296875001 0.8389333328124999 0.8750253812500001 0.8862666671874999 0.9391370562500001 0.896177778125 0.97558375625 0.89835555625 0.9931472078124999 0.87084444375
0 0.8674619296875001 0.657377778125 0.8699999999999999 0.6342666671875 0.85619289375 0.630977778125 0.831015228125 0.639777778125 0.8460913703124999 0.6607111109375 0.8674619296875001 0.657377778125
0 0.8913705578125001 0.4439111109375 0.9215228421875 0.4065333328125 0.9240101515625 0.3592 0.9177664968749999 0.32839999999999997 0.8888324875 0.3108 0.8436040609375001 0.3118666671875 0.7656852796875 0.356977778125 0.78203045625 0.44724444375 0.8436040609375001 0.4549333328125 0.8913705578125001 0.4439111109375
0 0.7128934015625 0.2106666671875 0.7191878171874999 0.16884444375000002 0.7003553296875 0.15124444374999998 0.6525888328125 0.1589333328125 0.6588832484375 0.20515555624999998 0.7128934015625 0.2106666671875
0 0.416294415625 0.1072 0.46030456875 0.14684444375 0.4841624359375 0.10831111093750001 0.4464974625 0.0852 0.416294415625 0.1072
0 0.3396446703125 0.5121333328125 0.3547208125 0.48022222187499997 0.3232994921875 0.4637333328125 0.278071065625 0.4857333328125 0.234111675 0.47475555625 0.197664975 0.47031111093750005 0.16873096406250002 0.471422221875 0.0468527921875 0.5077333328125 0.0368020296875 0.5858666671874999 0.0418274109375 0.6816 0.0971065984375 0.719022221875 0.186345178125 0.745422221875 0.3070050765625 0.6980888890625 0.35598984843750003 0.6552 0.37736040625 0.6144888890625 0.31203045625 0.6056888890625001 0.288121828125 0.5990666671875 0.31203045625 0.57484444375 0.3232994921875 0.547377778125 0.3396446703125 0.5121333328125
0 0.401015228125 0.6049777781250001 0.39685279218749997 0.5692 0.3801015234375 0.5600444437500001 0.3539086296875 0.5710222218750001 0.369593909375 0.6031111109375 0.401015228125 0.6049777781250001