0 0.8535494874999999 0.20273062656250002 0.8837201359375 0.1885977859375 0.8837201359375 0.170959409375 0.86986348125 0.155977859375 0.8429351531249999 0.1797785984375 0.8535494874999999 0.20273062656250002
0 0.512252559375 0.4814022140625 0.5450511953125 0.477859778125 0.5581911265625 0.43527675312499997 0.513344709375 0.43881918750000004 0.512252559375 0.4814022140625
0 0.082525596875 0.687564575 0.098839590625 0.7015129156250001 0.12535836250000001 0.6912546125000001 0.1246757671875 0.6478966796875001 0.10426621093749999 0.6287822875 0.0750511953125 0.6647970484375 0.082525596875 0.687564575
0 0.0544027296875 0.295276753125 0.0831058015625 0.295276753125 0.097269625 0.27398524062499996 0.0937201359375 0.2476383765625 0.0724914671875 0.2442435421875 0.0508532421875 0.27398524062499996 0.0544027296875 0.295276753125
0 0.668430034375 0.334059040625 0.6814675765625 0.3561254609375 0.73122866875 0.36317343125 0.738566553125 0.3208487078125 0.7165529015625001 0.30586715937500003 0.6839249140625 0.30498155 0.668430034375 0.334059040625
0 0.8217406140625 0.2274169734375 0.8388737203125001 0.224760146875 0.8502730375 0.21859778593749998 0.8421160406249999 0.1947970484375 0.8176450515625 0.20184501875 0.8217406140625 0.2274169734375
0 0.3463481234375 0.7070110703125 0.365085325 0.7087822874999999 0.37488054531250004 0.6823247234375 0.37324232031250004 0.6682287828125 0.35532423281250003 0.6611439109374999 0.3390102390625 0.6832103328125 0.3463481234375 0.7070110703125
0 0.62604095625 0.49188191875 0.688020478125 0.502472325 0.719795221875 0.48217712187500006 0.7051194546875 0.443394834375 0.62767918125 0.4451660515625 0.62604095625 0.49188191875
0 0.3920136515625 0.3226199265625 0.420546075 0.3455350546875 0.44825938593750003 0.3014391140625 0.429522184375 0.2661992625 0.40423208125 0.2688191875 0.3920136515625 0.3226199265625
0 0.26071672343749996 0.6285608859375 0.30068259375 0.6417712171875001 0.3316723546875 0.6161992625 0.3398293515625 0.5685977859375 0.31372013593750003 0.5677121765625001 0.2696928328125 0.5774169734375 0.26071672343749996 0.6285608859375
0 0.8358703078125 0.7662730625 0.8981911265625 0.7780811812499999 0.917883959375 0.6965313656250001 0.8544709890625001 0.68940959375 0.8358703078125 0.7662730625
0 0.7024914671875 0.6137638375 0.737474403125 0.6267896671875001 0.738566553125 0.587785978125 0.7003071671875001 0.58066420625 0.7024914671875 0.6137638375
0 0.2564505125 0.8596309968750001 0.2695563140625 0.86435424375 0.277201365625 0.8312546125000001 0.24549488125000002 0.8300738000000001 0.2564505125 0.8596309968750001
0 0.1842662109375 0.9563099625 0.20522184375000002 0.9759040593750001 0.23180887343749998 0.9673431734375001 0.237474403125 0.9250922515625 0.217064846875 0.9036900375 0.195017065625 0.915904059375 0.1842662109375 0.9563099625