0 0.7142471046875001 0.5249431812500001 0.72088803125 0.5444886359375001 0.7308108109375 0.5225 0.7216988421874999 0.510340909375 0.7142471046875001 0.5151704546875 0.7142471046875001 0.5249431812500001
0 0.22104247031250002 0.82380681875 0.21525096562499998 0.8177272734375001 0.20945945937500002 0.82380681875 0.20945945937500002 0.838409090625 0.2161003859375 0.8445454546875 0.2202316609375 0.837215909375 0.22104247031250002 0.82380681875
0 0.087606178125 0.6481250000000001 0.0826254828125 0.638409090625 0.0751737453125 0.6420454546875 0.072702703125 0.6554545453125 0.0751737453125 0.67130681875 0.08428571406249999 0.662784090625 0.087606178125 0.6481250000000001
0 0.386023165625 0.5139772734375 0.391814671875 0.5298295453125 0.40011582968750004 0.5273863640625 0.4033976828125 0.5066477265625 0.3884942078125 0.49812500000000004 0.386023165625 0.5139772734375
0 0.4299227796875 0.3639204546875 0.4282625484375 0.3566477265625 0.4191505796875 0.361534090625 0.41667953593749996 0.37005681875 0.42166023125 0.3798295453125 0.42664092656249997 0.3785795453125 0.4299227796875 0.3639204546875
0 0.46474903437500004 0.42613636406250005 0.47305019374999996 0.44568181874999996 0.48131274062499996 0.43102272656249996 0.479652509375 0.41761363593749995 0.4672200765625 0.4151704546875 0.46474903437500004 0.42613636406250005
0 0.5526254828125 0.5920454546875 0.5501158296875001 0.5773863640625 0.54019305 0.5761931812500001 0.532702703125 0.5773863640625 0.5318918921875 0.5956818187499999 0.54019305 0.60056818125 0.5526254828125 0.5920454546875
0 0.94382239375 0.5030113640625 0.9513127406249999 0.49812500000000004 0.9521235515625 0.483465909375 0.9488030890625 0.47130681875 0.940540540625 0.47130681875 0.9372200765625 0.483465909375 0.9372200765625 0.4883522734375 0.94382239375 0.5030113640625
0 0.9297297296875 0.8225568187500001 0.93637065625 0.825 0.9422007718750001 0.8091477265625 0.9380308875000001 0.79943181875 0.9322393828125 0.7969886359375 0.9247876453125 0.8055113640625 0.9239382234375 0.8164772734374999 0.9297297296875 0.8225568187500001
0 0.1845945953125 0.27369318125 0.1829343625 0.2651704546875 0.1779536671875 0.2627272734375 0.1729729734375 0.2676136359375 0.17463320468750002 0.283465909375 0.1820849421875 0.284659090625 0.1845945953125 0.27369318125
0 0.36362934375 0.22244318125 0.36776061718749997 0.22125 0.37193050156249996 0.2126704546875 0.3686100390625 0.2017045453125 0.36362934375 0.1992613640625 0.3578378375 0.21147727343749997 0.35617760625 0.21511363593750002 0.36362934375 0.22244318125
0 0.5294208499999999 0.43590909062499994 0.5302316609375 0.45784090937500005 0.5368725875 0.45789772656250005 0.54185328125 0.43715909062499997 0.5352123546875001 0.42613636406250005 0.5294208499999999 0.43590909062499994
0 0.36030887968749997 0.5273863640625 0.36030887968749997 0.54568181875 0.365289575 0.54693181875 0.3702702703125 0.5322727265625 0.3661003859375 0.5188636359375 0.36030887968749997 0.5273863640625
0 0.25088803125000003 0.9079545453125 0.2482625484375 0.90056818125 0.24509652499999998 0.8994318187499999 0.23930501875000001 0.8969886359375 0.2384555984375 0.914090909375 0.2426254828125 0.915284090625 0.25088803125000003 0.9079545453125
0 0.789652509375 0.7323295453124999 0.784710425 0.7286363640625 0.7788803093750001 0.7323295453124999 0.7772200765624999 0.7408522734375 0.780540540625 0.74818181875 0.7888416984375 0.74818181875 0.789652509375 0.7323295453124999
0 0.6761003859375 0.6078977265625001 0.6719691125 0.6042613640625001 0.6653281859375 0.6067045453125 0.6628571421875 0.6164204546875001 0.6669884171875 0.62375 0.67694980625 0.62255681875 0.6761003859375 0.6078977265625001
0 0.29567567499999997 0.40056818125 0.2915057921875 0.39443181875 0.28571428593750003 0.3932386359375 0.28324324375 0.40420454531249994 0.2873745171875 0.410284090625 0.29567567499999997 0.410284090625 0.29567567499999997 0.40056818125
0 0.06274131250000001 0.2663636359375 0.0660617765625 0.28221590937499996 0.072702703125 0.2810227265625 0.076023165625 0.27369318125 0.07185328125 0.2663636359375 0.06274131250000001 0.2663636359375