0 0.26556634375 0.425524625 0.24666666718750002 0.45837259062499996 0.306957928125 0.46226980781250004 0.3057605171875 0.4403854390625 0.26556634375 0.425524625
0 0.402686084375 0.1525481796875 0.3837864078125 0.1744539609375 0.4334304203125 0.19087794375 0.4334304203125 0.1635117765625 0.402686084375 0.1525481796875
0 0.557152103125 0.1594218421875 0.557799353125 0.140770878125 0.54533980625 0.1359957171875 0.5342071203125001 0.14640257031249998 0.5414239484375 0.1589935765625 0.557152103125 0.1594218421875
0 0.68543689375 0.326124196875 0.6937540453125 0.319892934375 0.692686084375 0.3144539609375 0.6811974109375 0.3122912203125 0.6719093843749999 0.319892934375 0.68543689375 0.326124196875
0 0.9959223296875 0.6148393999999999 0.9840776703125 0.6169593140625 0.9435275078125 0.6229764453125 0.917572815625 0.6407494640625 0.9207766984375001 0.6543040687499999 0.9430744343749999 0.64948608125 0.9877022656250001 0.6377516062499999 0.999546925 0.6323126343750001 0.999546925 0.6208779437499999 0.9959223296875 0.6148393999999999
0 0.9093851125000001 0.604903640625 0.9144012937499999 0.6112205562499999 0.9439805828125 0.608522484375 0.9740453078125 0.5904282656250001 0.9594822000000001 0.5871306203125 0.933074434375 0.59104925 0.9093851125000001 0.604903640625
0 0.9113592234375 0.8203854390625 0.8826537218749999 0.8351606 0.8840776703125 0.85053533125 0.9008737859375 0.8541327624999999 0.919546925 0.8423982875 0.9281877015625 0.8258244109374999 0.9268284796874999 0.8219057812499999 0.9113592234375 0.8203854390625
0 0.15546925625000002 0.9658029984375001 0.1536569578125 0.952847965625 0.13999999999999999 0.9519486078125 0.1304207125 0.9624839406250001 0.132686084375 0.9682226984375 0.15546925625000002 0.9658029984375001
0 0.4558899671875 0.3448394 0.4689967640625 0.335438971875 0.462459546875 0.32892933593749996 0.44443365625000003 0.3321841546875 0.44443365625000003 0.343383296875 0.4558899671875 0.3448394
0 0.7432038828125 0.7179657390624999 0.7464401296875 0.7055460390625 0.738025890625 0.69912205625 0.7257281546875001 0.7061884375 0.7266990296875 0.7145396140625 0.7432038828125 0.7179657390624999
0 0.26834951406249996 0.3589721625 0.2638834953125 0.32862955 0.25045307499999997 0.327516059375 0.23815533906250003 0.340085653125 0.24877022656249997 0.35970021406249997 0.26834951406249996 0.3589721625
0 0.18446601875 0.7619057812500001 0.1833333328125 0.7430406859375001 0.172168284375 0.7330620984375 0.152588996875 0.7415631687500001 0.157055015625 0.759314775 0.18446601875 0.7619057812500001
0 0.152103559375 0.262055675 0.1390938515625 0.305074946875 0.182815534375 0.3207066375 0.18873786406249998 0.27379015 0.152103559375 0.262055675