0 0.3161003859375 0.8624102562499999 0.2988416984375 0.8870769234375 0.31942085 0.9214871796875 0.3784942078125 0.9400000000000001 0.40239382187499995 0.9250256406249999 0.3977220078125 0.864153846875 0.39440154375 0.8227179484375 0.393088803125 0.790974359375 0.37980695 0.7901025640625 0.3419691125 0.8068717953125001 0.3161003859375 0.8624102562499999
0 0.33003860937499996 0.467435896875 0.3791505796875 0.462153846875 0.3824710421875 0.4348205125 0.352586871875 0.397794871875 0.315444015625 0.40923076875 0.33003860937499996 0.467435896875
0 0.13447876406249998 0.38333333281250004 0.164749034375 0.39871794843749997 0.184324325 0.3880512828125 0.1940926640625 0.3431794875 0.17185328125 0.34553846093749996 0.1166795359375 0.344358975 0.13447876406249998 0.38333333281250004
0 0.2092278 0.193025640625 0.2208108109375 0.217846153125 0.24660231718749998 0.2320512828125 0.265289575 0.2013333328125 0.25374517343749997 0.15758974375 0.2145945953125 0.15876923125 0.2092278 0.193025640625
0 0.8259845562500001 0.368 0.8286486484375001 0.3975384609375 0.8188416984375 0.4424615390625 0.8633590734375 0.44364102499999997 0.8909266406249999 0.408153846875 0.8989575296875 0.370358975 0.8731274125 0.3360512828125 0.8473359078125 0.3230769234375 0.8259845562500001 0.368
0 0.055057915624999995 0.45723076875 0.0871428578125 0.44256410312499994 0.094903475 0.40728205156249997 0.0722393828125 0.36687179531249997 0.0373745171875 0.392615384375 0.055057915624999995 0.45723076875
0 0.775250965625 0.6363076921874999 0.766332046875 0.6752820515625 0.7627799234375 0.7391282046875001 0.8007721999999999 0.8394871796875 0.8861003859375 0.80923076875 0.9181467187499999 0.7712820515625001 0.8811583015625001 0.71076923125 0.86069498125 0.6729230765625 0.8375289578125 0.670564103125 0.808185328125 0.6540512828125 0.7867953671875 0.6268205124999999 0.775250965625 0.6363076921874999
0 0.05440154375 0.7143076921875 0.072200771875 0.73441025625 0.0944401546875 0.7379487171875 0.1095752890625 0.721384615625 0.130038609375 0.6930256406249999 0.098880309375 0.6741025640625 0.0757528953125 0.667025640625 0.05440154375 0.7143076921875
0 0.5415057921875001 0.8541025640625 0.5620849421874999 0.8585128203125001 0.5766795359375 0.818 0.5435135140625 0.7932820515625 0.5282239375 0.818 0.5415057921875001 0.8541025640625
0 0.8933204640625 0.5385128203125 0.9198455593749999 0.5499487171874999 0.9331274125 0.5067692312500001 0.9099227796875 0.4803076921875 0.8886486484375 0.491794871875 0.8933204640625 0.5385128203125
0 0.5125482625 0.44364102499999997 0.522509653125 0.475384615625 0.5550579156250001 0.48333333281249996 0.57694980625 0.467435896875 0.5782625484375 0.43307692343750004 0.5503861 0.4048205125 0.5218532812500001 0.413641025 0.5125482625 0.44364102499999997
0 0.47405405468749995 0.2655384609375 0.47671814687499997 0.294615384375 0.51057915 0.2867179484375 0.5251737453125 0.262 0.5245173750000001 0.21707692343749999 0.49598455625 0.2241025640625 0.47405405468749995 0.2655384609375
0 0.172586871875 0.27076923124999996 0.2 0.27076923124999996 0.21930501875 0.2384615390625 0.190733590625 0.222564103125 0.1713899609375 0.23292307656250003 0.172586871875 0.27076923124999996