0 0.5638585203125001 0.79336206875 0.569003215625 0.7950862062499999 0.574790996875 0.7873275859375 0.575434084375 0.77008620625 0.57125401875 0.75241379375 0.562572346875 0.758017240625 0.5587138265625 0.770517240625 0.5593569125 0.7864655171875 0.5638585203125001 0.79336206875
0 0.3591639875 0.0581896546875 0.34810289375000003 0.038189654687500005 0.3237942125 0.035991379687500005 0.3237942125 0.0922844828125 0.353633440625 0.0952586203125 0.369099678125 0.08116379375 0.3591639875 0.0581896546875
0 0.473215434375 0.367543103125 0.5025080390625 0.3653017234375 0.526270096875 0.33125 0.54504823125 0.271982759375 0.5445016078125 0.24086206875 0.5168810296874999 0.2282758625 0.4848231515625 0.26012931093749997 0.46601286249999996 0.3082758625 0.473215434375 0.367543103125
0 0.8016398718750001 0.7341810343749999 0.7956591640624999 0.726767240625 0.78967845625 0.71875 0.750064309375 0.7131896546875 0.7256591640625001 0.7243103453125 0.7288745984375 0.75086206875 0.7652733125 0.760732759375 0.8016398718750001 0.7341810343749999
0 0.19954983906249998 0.5222413796875001 0.2170418 0.5422413796875001 0.2330546625 0.5210344828125 0.2344051453125 0.473706896875 0.19337620625000002 0.4915086203125 0.19954983906249998 0.5222413796875001
0 0.15852090000000002 0.724568965625 0.1757234734375 0.7267241375 0.1832797421875 0.674568965625 0.1651446953125 0.6569827593750001 0.1413504828125 0.6912499999999999 0.15852090000000002 0.724568965625
0 0.3891318328125 0.8803879312499999 0.43408360156250003 0.876293103125 0.42263665625 0.8295689656249999 0.400578778125 0.8390086203125 0.3662379421875 0.8564655171875 0.3891318328125 0.8803879312499999
0 0.63337620625 0.5127586203125001 0.7224437296875 0.486767240625 0.7215434078125 0.451293103125 0.6668810296875 0.4193965515625 0.6369131828125 0.443017240625 0.63337620625 0.5127586203125001
0 0.9067202578125 0.42883620625 0.86967845625 0.47258620625000003 0.9049517687499999 0.49383620625 0.9067202578125 0.42883620625
0 0.3062379421875 0.22788793125 0.2850803859375 0.2385344828125 0.301832796875 0.2881896546875 0.33356913125 0.26099137968749997 0.3062379421875 0.22788793125
0 0.1369453375 0.240905171875 0.1007717046875 0.2751724140625 0.10871382656249999 0.32129310312500003 0.144887459375 0.3177155171875 0.1369453375 0.240905171875