0 0.4132478625 0.364303178125 0.35555555625 0.3364303171875 0.34444444375 0.36625916875 0.38333333281250004 0.3865525671875 0.4132478625 0.364303178125
0 0.9182051281250001 0 0.9063675218749999 0.0047921765625 0.901239315625 0.018728606249999998 0.9200427343750001 0.027286064062499997 0.9585042734375 0.025085575 0.962777778125 0.0121271390625 0.959358975 0.0038141812499999997 0.9513675218750001 0 0.9182051281250001 0
0 0.096794871875 0.1941320296875 0.1103418796875 0.1701955984375 0.1072649578125 0.1508312953125 0.091239315625 0.1416625921875 0.0377350421875 0.1610268953125 0.022948717187500002 0.1782885078125 0.018632478124999997 0.1923716375 0.032777778125000004 0.20503667499999997 0.0629487171875 0.20503667499999997 0.096794871875 0.1941320296875
0 0.603205128125 0.8722493890624999 0.628632478125 0.8542053796875001 0.59619658125 0.8321271390625 0.573418803125 0.83012225 0.5646581203125 0.8486797062500001 0.570811965625 0.8657212718749999 0.603205128125 0.8722493890624999
0 0.209829059375 0.5083129578125 0.195811965625 0.51882640625 0.20542734999999998 0.5333740828125 0.24047008593750002 0.5399022 0.24923076875 0.524352078125 0.209829059375 0.5083129578125
0 0.273632478125 0.91863080625 0.24521367500000002 0.8983129578125 0.1978632484375 0.8847677265625 0.18837606875 0.8962836187500001 0.171794871875 0.9159413203125 0.22863247812499998 0.9322004890625 0.273632478125 0.91863080625
0 0.58141025625 0.6664792171875 0.5612820515625 0.7159413203125 0.631153846875 0.728117359375 0.68444444375 0.7077995109375 0.6276068375 0.6664792171875 0.58141025625 0.6664792171875
0 0.4985470078125 0.065525671875 0.4558974359375 0.0634963328125 0.45115384687500004 0.083129584375 0.5162820515625001 0.09872860624999999 0.4985470078125 0.065525671875
0 0.6619230765624999 0.049266503125 0.6690598296875 0.0675550125 0.7294444437500001 0.0709535453125 0.721153846875 0.0370660140625 0.676153846875 0.0296088015625 0.6619230765624999 0.049266503125
0 0.6050854703125 0.1745965765625 0.5766666671875 0.16713936406250002 0.554188034375 0.188166259375 0.595641025 0.1983129578125 0.6050854703125 0.1745965765625
0 0.6934615390625 0.8552078234374999 0.7144871796875 0.8396577015625001 0.7118803421875 0.8246210265625 0.6925641031249999 0.8221026890625 0.642649571875 0.83012225 0.6452564109375001 0.848166259375 0.6934615390625 0.8552078234374999
0 0.40247863281249996 0.1426405875 0.3793162390625 0.15826405937500002 0.425598290625 0.1847432765625 0.4644871796875 0.164303178125 0.4529487171875 0.1372127140625 0.40247863281249996 0.1426405875
0 0.027863248437499998 0.7801467 0.0026068375 0.7885574578125001 0.00683760625 0.8090220046875001 0.037307692187500005 0.79880195625 0.0404700859375 0.7825427875 0.027863248437499998 0.7801467
0 0.0659401703125 0.47618581875 0.06418803437500001 0.4601467 0.048418803125 0.45562347187499996 0.03162393125 0.4577017109375 0.0168803421875 0.46163814218750004 0.04141025625 0.4826894859375 0.0659401703125 0.47618581875
0 0.8163247859375 0.48178484062500004 0.8017094015625 0.46885085625 0.7688461531249999 0.4575550125 0.76957265 0.47469437656249996 0.76957265 0.488068459375 0.7702991453125 0.4959902203125 0.7936752140625 0.49850855781250003 0.8141025640624999 0.4934963328125 0.8163247859375 0.48178484062500004
0 0.1243162390625 0.133154034375 0.1523076921875 0.1589242046875 0.1985470078125 0.16031784843750002 0.22773504218750001 0.14012225 0.2265384609375 0.11577017187500001 0.16568376093749998 0.11366748125 0.13952991406249998 0.11540342343750001 0.1243162390625 0.133154034375