0 0.791523809375 0.3468774703125 0.8138571421874999 0.33822134375 0.8108571421875 0.30735177812500003 0.7870476187500001 0.3024110671875 0.7721904765625001 0.314782609375 0.7707142859375 0.3320553359375 0.791523809375 0.3468774703125
0 0.25161904687500003 0.46415019687500003 0.21890476250000002 0.43699604687500004 0.196571428125 0.45675889375 0.20104761875000002 0.4777470359375 0.2337619046875 0.48268774687500005 0.25161904687500003 0.46415019687500003
0 0.1221904765625 0.9110671937499999 0.14004761875 0.8900790515624999 0.11628571406249999 0.8728063234375 0.091 0.8728063234375 0.07314285781249999 0.9049011859375 0.08504761875 0.9160079046874999 0.1221904765625 0.9110671937499999
0 0.4777142859375 0.7604347828125 0.43899999999999995 0.7493280625 0.4152380953125 0.7604347828125 0.4226666671875 0.7764822140625001 0.4539047625 0.781422925 0.4777142859375 0.7604347828125
0 0.6070952375 0.3407114625 0.6368571421875 0.3579841890625 0.6769999999999999 0.3616996046875 0.6978095234375 0.33822134375 0.67995238125 0.3036758890625 0.629380953125 0.3061264828125 0.6040952374999999 0.3197233203125 0.6070952375 0.3407114625
0 0.6591428578125 0.1407114625 0.6918571421874999 0.1431620546875 0.727571428125 0.12833992031250002 0.721619046875 0.0876284578125 0.6978095234375 0.0481027671875 0.6591428578125 0.0456521734375 0.6502380953125 0.1036758890625 0.6591428578125 0.1407114625
0 0.7111904765625 0.2592094859375 0.742428571875 0.241936759375 0.736476190625 0.1913043484375 0.6769999999999999 0.15675889375000002 0.6561904765625 0.1863636359375 0.6710476187500001 0.2357707515625 0.7111904765625 0.2592094859375
0 0.611571428125 0.4172332015625 0.6576666671875 0.427114625 0.6874285718750001 0.4135177859375 0.669571428125 0.3950197625 0.6383333328125 0.36043478281249997 0.5996666671875001 0.35549407187500004 0.5996666671875001 0.38268774687499996 0.611571428125 0.4172332015625
0 0.184523809375 0.37533596875 0.2571904765625 0.3835968375 0.2657142859375 0.350513834375 0.194523809375 0.33632411093750003 0.184523809375 0.37533596875
0 0.7736666671875 0.46415019687500003 0.7483809531250001 0.453043478125 0.7469047625 0.48268774687500005 0.7558095234375 0.493794465625 0.7766666671875 0.48268774687500005 0.7736666671875 0.46415019687500003
0 0.5966666671875 0.7024110671875 0.5832857140625001 0.7505928859375001 0.602619046875 0.7863636359374999 0.6531904765625 0.7863636359374999 0.6933809531249999 0.7592094859375 0.73204761875 0.7160079046875001 0.7037619046875 0.693794465625 0.6279047624999999 0.68391304375 0.5966666671875 0.7024110671875