0 0.052040815625 0.35930875625 0.0696428578125 0.3659447 0.0902551015625 0.3552995390625 0.0902551015625 0.3274654375 0.0762755109375 0.31419354843749997 0.054285714062500004 0.32543778749999996 0.052040815625 0.35930875625
0 0.7909693875 0.566958525 0.785102040625 0.5797695859374999 0.7815306125 0.596958525 0.7780102046875 0.6140092171875 0.8430102046875 0.6288479265625 0.8418367343750001 0.596958525 0.8335714281250001 0.5606451609375 0.7909693875 0.566958525
0 0.7437244890625 0.183640553125 0.7767857140625 0.198709678125 0.7992857140625 0.1858064515625 0.798061225 0.1110599078125 0.762602040625 0.11000000000000001 0.7259693875 0.1815207375 0.7437244890625 0.183640553125
0 0.5498469390625 0.6364516124999999 0.5380612250000001 0.6843778796875 0.5923979593750001 0.6843778796875 0.5900510203125 0.6395391703125 0.5498469390625 0.6364516124999999
0 0.340663265625 0.8584331796875 0.341836734375 0.8093087562499999 0.300459184375 0.7986175109375 0.2720918375 0.8115207375000001 0.269693878125 0.8584331796875 0.340663265625 0.8584331796875
0 0.22479591875 0.7964976953125 0.22714285781250002 0.7206912437499999 0.1668877546875 0.7025345625 0.140867346875 0.7516589859375 0.1751530609375 0.7762211984375 0.22479591875 0.7964976953125
0 0.9691326531250001 0.88170506875 0.9876020406249999 0.8649769578125 0.9629591843749999 0.8411059906249999 0.9347448984375 0.8498617515625 0.9435204078125 0.8785253453124999 0.9691326531250001 0.88170506875
0 0.42158163281250005 0.20953917031249997 0.4251530609375 0.1929953921875 0.40933673437499996 0.183317971875 0.39301020468750003 0.194331796875 0.400663265625 0.2100460828125 0.42158163281250005 0.20953917031249997
0 0.3981122453125 0.24 0.40678571406249997 0.22336405468749998 0.38382653125 0.21603686562500002 0.37362244843750003 0.2247926265625 0.3817857140625 0.2386175109375 0.3981122453125 0.24
0 0.422602040625 0.21096774218749997 0.4220918375 0.225668203125 0.4312755109375 0.237188940625 0.4465816328125 0.23677419375 0.447602040625 0.22248847968750002 0.44096938750000003 0.20953917031249997 0.422602040625 0.21096774218749997
0 0.41852040781250005 0.1616589859375 0.4302551015625 0.1699539171875 0.44556122499999995 0.1625806453125 0.44454081562500003 0.155161290625 0.43484693906249994 0.14552995468750002 0.420561225 0.1482488484375 0.41852040781250005 0.1616589859375