0 0.6701724140625 0.7029710140625001 0.6609770109374999 0.7087681156250001 0.6448850578124999 0.7363043484375 0.6425862062500001 0.7725362312499999 0.63913793125 0.7884782609375 0.6667241374999999 0.8131159421874999 0.7075287359375 0.834855071875 0.7621264375 0.8268840578125 0.774770115625 0.7870289859375 0.7678735624999999 0.734855071875 0.7471839078125 0.7015217390624999 0.7081034484375001 0.6957246375 0.6701724140625 0.7029710140625001
0 0.0513218390625 0.9038405796875001 0.045574712499999996 0.9197826093750001 0.0530459765625 0.9349999999999999 0.0668390796875 0.9292028984374999 0.0656896546875 0.9074637687499999 0.0513218390625 0.9038405796875001
0 0.048448276562499996 0.3871739125 0.045 0.40963768125 0.057643678125 0.4183333328125 0.06741379374999999 0.41036231875 0.0651149421875 0.39369565156249997 0.048448276562499996 0.3871739125
0 0.1231609203125 0.173405796875 0.11798850624999999 0.1523913046875 0.10017241406249999 0.15094202968749998 0.0932758625 0.1777536234375 0.105919540625 0.1936956515625 0.1145402296875 0.195869565625 0.1231609203125 0.173405796875
0 0.36568965468750003 0.38137681093750003 0.3536206890625 0.37775362343749996 0.34040229843750003 0.385 0.34040229843750003 0.40021739062500006 0.3530459765625 0.4067391296875 0.3628160921875 0.4016666671875 0.36568965468750003 0.38137681093750003
0 0.43465517187499997 0.20963768124999999 0.42660919531249997 0.2313768109375 0.44212643749999997 0.23789855000000001 0.4513218390625 0.2357246375 0.4530459765625 0.2132608703125 0.43465517187499997 0.20963768124999999
0 0.7125287359375 0.9010144921875 0.7119540234375 0.8886956515625 0.705057471875 0.88289855 0.6906896546875 0.8879710140625001 0.6883908046875 0.9010144921875 0.6912643671875001 0.90608695625 0.7016091953125 0.90608695625 0.7125287359375 0.9010144921875
0 0.633793103125 0.943768115625 0.6257471265625 0.9176811593749999 0.607356321875 0.919855071875 0.5981609203125 0.9481159421875001 0.6131034484375 0.9604347828125 0.618850575 0.9604347828125 0.633793103125 0.943768115625
0 0.48913793125 0.5554347828124999 0.4966091953125 0.535869565625 0.49258620625000005 0.514855071875 0.4839655171875 0.5155797093750001 0.474770115625 0.5286231890625 0.4690229890625 0.5474637687499999 0.4810919546875 0.5583333328125 0.48913793125 0.5554347828124999
0 0.29890804531250004 0.112681159375 0.29086206875 0.09963768125 0.2741954015625 0.1032608703125 0.2690229890625 0.1170289859375 0.27362068906250003 0.1300724640625 0.28971264375 0.125 0.29890804531250004 0.112681159375
0 0.1013218390625 0.44405797031249994 0.0909770109375 0.4292753625 0.07580459843750001 0.440579709375 0.076494253125 0.456231884375 0.08959770156249999 0.4657971015625 0.0978735625 0.46231884062499995 0.1013218390625 0.44405797031249994