0 0.7707142857142857 0.6679446640316206 0.7721904761904762 0.6852173913043479 0.7870476190476191 0.6975889328063242 0.8108571428571428 0.6926482213438736 0.8138571428571428 0.6617786561264822 0.7915238095238095 0.6531225296442688 0.7707142857142857 0.6679446640316206
0 0.2189047619047619 0.5630039525691699 0.25161904761904763 0.5358498023715415 0.23376190476190478 0.5173122529644268 0.20104761904761903 0.5222529644268774 0.19657142857142856 0.5432411067193675 0.2189047619047619 0.5630039525691699
0 0.08504761904761904 0.08399209486166008 0.07314285714285713 0.09509881422924901 0.091 0.12719367588932806 0.1162857142857143 0.12719367588932806 0.14004761904761906 0.10992094861660079 0.1221904761904762 0.08893280632411067 0.08504761904761904 0.08399209486166008
0 0.439 0.25067193675889327 0.4777142857142857 0.23956521739130435 0.45390476190476187 0.21857707509881422 0.4226666666666667 0.2235177865612648 0.41523809523809524 0.23956521739130435 0.439 0.25067193675889327
0 0.6769999999999999 0.6383003952569171 0.6368571428571429 0.6420158102766799 0.607095238095238 0.6592885375494072 0.6040952380952381 0.6802766798418973 0.6293809523809524 0.6938735177865613 0.6799523809523809 0.6963241106719367 0.6978095238095238 0.6617786561264822 0.6769999999999999 0.6383003952569171
0 0.7275714285714285 0.8716600790513834 0.6918571428571428 0.8568379446640316 0.659142857142857 0.8592885375494071 0.6502380952380953 0.8963241106719368 0.659142857142857 0.9543478260869565 0.6978095238095238 0.951897233201581 0.7216190476190476 0.9123715415019763 0.7275714285714285 0.8716600790513834
0 0.671047619047619 0.7642292490118577 0.6561904761904762 0.8136363636363636 0.6769999999999999 0.8432411067193676 0.7364761904761905 0.808695652173913 0.7424285714285714 0.7580632411067193 0.7111904761904762 0.7407905138339921 0.671047619047619 0.7642292490118577
0 0.6874285714285715 0.5864822134387352 0.6576666666666667 0.5728853754940711 0.6115714285714287 0.5827667984189723 0.5996666666666667 0.6173122529644269 0.5996666666666667 0.6445059288537549 0.6383333333333334 0.6395652173913043 0.6695714285714286 0.6049802371541502 0.6874285714285715 0.5864822134387352
0 0.2571904761904762 0.616403162055336 0.18452380952380953 0.6246640316205533 0.19452380952380954 0.6636758893280632 0.2657142857142857 0.6494861660079051 0.2571904761904762 0.616403162055336
0 0.7483809523809524 0.5469565217391305 0.7736666666666666 0.5358498023715415 0.7766666666666666 0.5173122529644268 0.7558095238095238 0.506205533596838 0.7469047619047618 0.5173122529644268 0.7483809523809524 0.5469565217391305
0 0.732047619047619 0.28399209486166005 0.6933809523809524 0.2407905138339921 0.6531904761904761 0.21363636363636362 0.6026190476190476 0.21363636363636362 0.5832857142857143 0.24940711462450593 0.5966666666666667 0.29758893280632415 0.627904761904762 0.3160869565217391 0.7037619047619047 0.30620553359683794 0.732047619047619 0.28399209486166005