0 0.5747222222222222 0.46842794759825324 0.4815 0.4518777292576419 0.4078333333333333 0.5062445414847162 0.42738888888888893 0.55 0.4845 0.5700873362445416 0.5762222222222222 0.55
0 0.6965555555555555 0.3478602620087336 0.6619444444444444 0.35139737991266373 0.6920555555555555 0.38685589519650654 0.7055555555555556 0.38921397379912664 0.7582222222222221 0.37624454148471614
0 0.3807777777777778 0.27458515283842794 0.3191111111111111 0.3384279475982533 0.4348888888888889 0.3620524017467249 0.42438888888888887 0.30292576419213973
0 0.6333888888888889 0.15519650655021833 0.6755 0.20602620087336243 0.7552222222222222 0.1646288209606987 0.7552222222222222 0.10200873362445415 0.6725 0.09729257641921397
0 0.9773333333333333 0.10074235807860261 0.9077222222222221 0.0985589519650655 0.8919444444444445 0.16131004366812227 0.9439444444444445 0.18541484716157206 0.9987222222222223 0.1540174672489083
0 0.695 0.31187772925764196 0.6648333333333334 0.3240174672489083 0.6632777777777777 0.3452838427947598 0.7020555555555555 0.34043668122270737
0 0.7312777777777778 0.878471615720524 0.7032222222222222 0.8038864628820961 0.6483888888888889 0.7492139737991266 0.5253888888888889 0.7618340611353712 0.4612222222222222 0.8186026200873363 0.5026666666666667 0.9047598253275109 0.6430555555555556 0.9120960698689956 0.7326111111111111 0.9005240174672489
0 0.4078333333333333 0.9010480349344978 0.38227777777777777 0.9081659388646288 0.42283333333333334 0.9329694323144105 0.4258888888888889 0.9164192139737992 0.42283333333333334 0.8927947598253274
0 0.23805555555555558 0.6303493449781659 0.20027777777777775 0.6421834061135371 0.1852777777777778 0.68 0.21983333333333333 0.6930131004366812 0.23955555555555555 0.6823580786026201
0 0.43338888888888893 0.6079039301310044 0.3807777777777778 0.5736244541484716 0.3297777777777778 0.5736244541484716 0.3146111111111111 0.6244541484716157 0.3207222222222222 0.6610917030567685 0.36872222222222223 0.7036681222707423 0.3972777777777778 0.7036681222707423 0.42283333333333334 0.6989082969432315 0.4499444444444444 0.6823580786026201
0 0.8907222222222223 0.6114410480349346 0.8770000000000001 0.6468995633187772 0.917611111111111 0.6421834061135371 0.9341666666666667 0.6055458515283842