0 0.29202127659574467 0.17037234042553193 0.27595744680851064 0.17898936170212765 0.27595744680851064 0.1950531914893617 0.29819148936170214 0.1950531914893617 0.3006382978723404 0.17526595744680853 0.29202127659574467 0.17037234042553193
0 0.6907446808510639 0.19010638297872343 0.6833510638297873 0.16047872340425534 0.6611170212765958 0.16909574468085106 0.6561702127659574 0.1975 0.6907446808510639 0.19010638297872343
0 0.8540425531914894 0.2423404255319149 0.8788297872340426 0.2352127659574468 0.8740957446808512 0.19856382978723403 0.8493085106382978 0.1702127659574468 0.8067553191489361 0.18319148936170213 0.7961170212765957 0.2151063829787234 0.818563829787234 0.2576595744680851 0.8540425531914894 0.2423404255319149
0 0.4946808510638298 0.1997872340425532 0.4154787234042553 0.15601063829787234 0.3634574468085106 0.22106382978723405 0.4143085106382979 0.28489361702127664 0.4745744680851064 0.25648936170212766 0.48638297872340425 0.20329787234042554 0.4946808510638298 0.1997872340425532
0 0.19914893617021276 0.2967021276595745 0.21218085106382978 0.35340425531914893 0.2677127659574468 0.33808510638297873 0.26893617021276595 0.28367021276595744 0.22164893617021278 0.25648936170212766 0.19914893617021276 0.2967021276595745
0 0.21101063829787234 0.794308510638298 0.2275531914893617 0.7494148936170212 0.23106382978723403 0.7222340425531915 0.18617021276595744 0.6973936170212767 0.14244680851063832 0.7257446808510638 0.1471808510638298 0.7706914893617021 0.18143617021276595 0.7978723404255319 0.21101063829787234 0.794308510638298
0 0.48707446808510635 0.5987234042553191 0.4994148936170213 0.6012234042553192 0.5142021276595745 0.5950531914893618 0.5240957446808511 0.5629255319148936 0.5093085106382979 0.5456382978723404 0.48457446808510635 0.5592553191489362 0.48212765957446807 0.5851595744680851 0.48707446808510635 0.5987234042553191
0 0.6376595744680851 0.3530851063829787 0.6339893617021276 0.36292553191489363 0.6451063829787234 0.3740425531914893 0.6648404255319149 0.37776595744680846 0.6611170212765958 0.3641489361702127 0.6376595744680851 0.3530851063829787
0 0.8475531914893617 0.11356382978723405 0.8475531914893617 0.0777659574468085 0.837659574468085 0.038244680851063834 0.7994148936170212 0.07159574468085107 0.7907446808510639 0.11601063829787234 0.8129787234042554 0.13946808510638298 0.8475531914893617 0.11356382978723405
0 0.6561702127659574 0.13207446808510637 0.6167021276595744 0.08143617021276596 0.566063829787234 0.07526595744680852 0.5314893617021277 0.10489361702127659 0.5302659574468085 0.17404255319148937 0.5611170212765957 0.1950531914893617 0.5833510638297873 0.18143617021276595 0.5882978723404255 0.14936170212765956 0.6352127659574468 0.14936170212765956 0.6561702127659574 0.13207446808510637
0 0.37223404255319154 0.26170212765957446 0.3549468085106383 0.2444148936170213 0.34382978723404256 0.2592553191489362 0.36111702127659573 0.27654255319148935 0.37223404255319154 0.26170212765957446
0 0.7783510638297872 0.7304787234042553 0.7370212765957447 0.6867553191489363 0.681436170212766 0.6288297872340426 0.6424468085106383 0.6158510638297873 0.5638297872340425 0.6047872340425532 0.5234042553191489 0.6425531914893617 0.5292553191489362 0.6914893617021277 0.5431382978723405 0.732872340425532 0.5608510638297872 0.7446808510638298 0.5987234042553191 0.7825000000000001 0.6353191489361703 0.7990425531914893 0.6932446808510639 0.7848936170212766 0.7334574468085105 0.7682978723404256 0.7783510638297872 0.7304787234042553