0 0.11627986348122867 0.17095940959409595 0.11627986348122867 0.18859778597785978 0.1464505119453925 0.20273062730627306 0.15706484641638227 0.17977859778597785 0.13013651877133106 0.1559778597785978 0.11627986348122867 0.17095940959409595
0 0.4866552901023891 0.4388191881918819 0.4418088737201365 0.43527675276752764 0.4549488054607509 0.477859778597786 0.4877474402730375 0.48140221402214023 0.4866552901023891 0.4388191881918819
0 0.9249488054607509 0.6647970479704797 0.8957337883959045 0.6287822878228783 0.8753242320819113 0.6478966789667897 0.8746416382252559 0.6912546125461255 0.901160409556314 0.7015129151291514 0.9174744027303754 0.6875645756457565 0.9249488054607509 0.6647970479704797
0 0.949146757679181 0.27398523985239853 0.9275085324232082 0.24424354243542434 0.9062798634812287 0.24763837638376385 0.9027303754266212 0.27398523985239853 0.9168941979522184 0.2952767527675277 0.9455972696245734 0.2952767527675277 0.949146757679181 0.27398523985239853
0 0.31607508532423206 0.3049815498154982 0.2834470989761092 0.3058671586715867 0.2614334470989761 0.32084870848708485 0.2687713310580205 0.3631734317343174 0.31853242320819114 0.3561254612546126 0.3315699658703072 0.3340590405904059 0.31607508532423206 0.3049815498154982
0 0.14972696245733788 0.21859778597785978 0.16112627986348124 0.224760147601476 0.178259385665529 0.22741697416974171 0.18235494880546074 0.20184501845018452 0.15788395904436858 0.1947970479704797 0.14972696245733788 0.21859778597785978
0 0.6609897610921501 0.683210332103321 0.6446757679180887 0.6611439114391143 0.6267576791808873 0.6682287822878229 0.6251194539249146 0.6823247232472325 0.634914675767918 0.7087822878228782 0.6536518771331058 0.7070110701107011 0.6609897610921501 0.683210332103321
0 0.28020477815699657 0.4821771217712177 0.3119795221843003 0.5024723247232472 0.37395904436860067 0.49188191881918825 0.372320819112628 0.4451660516605166 0.29488054607508535 0.44339483394833945 0.28020477815699657 0.4821771217712177
0 0.551740614334471 0.3014391143911439 0.5794539249146757 0.3455350553505535 0.6079863481228669 0.322619926199262 0.5957679180887372 0.2688191881918819 0.5704778156996587 0.26619926199261995 0.551740614334471 0.3014391143911439
0 0.7303071672354948 0.5774169741697417 0.6862798634812287 0.5677121771217712 0.6601706484641638 0.5685977859778598 0.6683276450511945 0.61619926199262 0.6993174061433447 0.641771217712177 0.739283276450512 0.6285608856088561 0.7303071672354948 0.5774169741697417
0 0.14552901023890785 0.689409594095941 0.0821160409556314 0.6965313653136531 0.10180887372013651 0.7780811808118082 0.16412969283276452 0.7662730627306273 0.14552901023890785 0.689409594095941
0 0.29969283276450515 0.5806642066420664 0.2614334470989761 0.5877859778597786 0.2625255972696246 0.626789667896679 0.2975085324232082 0.6137638376383764 0.29969283276450515 0.5806642066420664
0 0.7545051194539248 0.8300738007380073 0.7227986348122867 0.8312546125461255 0.730443686006826 0.8643542435424355 0.7435494880546075 0.8596309963099631 0.7545051194539248 0.8300738007380073
0 0.8049829351535837 0.9159040590405905 0.7829351535836178 0.903690036900369 0.7625255972696245 0.9250922509225091 0.7681911262798635 0.9673431734317343 0.794778156996587 0.9759040590405905 0.8157337883959044 0.9563099630996311 0.8049829351535837 0.9159040590405905