0 0.416678445229682 0.5721067415730337 0.3973498233215548 0.5614606741573034 0.361660777385159 0.5531741573033708 0.3557243816254417 0.5685393258426966 0.3884452296819788 0.5980898876404495 0.416678445229682 0.5721067415730337
0 0.2248763250883392 0.27896067415730336 0.26501766784452296 0.2600280898876404 0.23378091872791518 0.24230337078651687 0.18770318021201413 0.241123595505618 0.18173144876325087 0.2671348314606741 0.2248763250883392 0.27896067415730336
0 0.13268551236749115 0.6418258426966292 0.12374558303886928 0.6465730337078652 0.11780918727915196 0.671376404494382 0.14455830388692578 0.6820224719101123 0.19215547703180214 0.6784831460674157 0.19512367491166077 0.657191011235955 0.16392226148409894 0.6418258426966292 0.13268551236749115 0.6418258426966292
0 0.4271024734982332 0.7269382022471911 0.44455625795053005 0.7003425870786516 0.4613074204946997 0.712752808988764 0.44346289752650175 0.6938483146067416 0.43452296819787983 0.68438202247191 0.43007067137809185 0.7056741573033708 0.4271024734982332 0.7269382022471911
0 0.2977385159010601 0.7576685393258428 0.2902826855123675 0.7753932584269664 0.315583038869258 0.781320224719101 0.3319434628975265 0.755308988764045 0.2977385159010601 0.7576685393258428
0 0.3854770318021202 0.7978651685393259 0.37653710247349825 0.7789606741573034 0.3438162544169611 0.7801404494382023 0.3467844522968198 0.8096910112359551 0.36462897526501764 0.8120505617977527 0.3854770318021202 0.7978651685393259
0 0.48508833922261485 0.8581460674157303 0.4999646643109541 0.8569662921348314 0.5163250883392226 0.8569662921348314 0.5178091872791519 0.8344943820224718 0.4984805653710247 0.8380617977528091 0.48360424028268556 0.8344943820224718 0.48508833922261485 0.8581460674157303
0 0.5445583038869258 0.4728089887640449 0.5668551236749116 0.47162921348314607 0.6248409893992933 0.5177247191011236 0.6768904593639576 0.5342696629213483 0.7274558303886925 0.523623595505618 0.7408480565371025 0.485814606741573 0.7408480565371025 0.4408988764044944 0.7408480565371025 0.41606741573033706 0.7274558303886925 0.3924157303370786 0.6858303886925795 0.37587078651685396 0.5995759717314488 0.36879213483146067 0.5445583038869258 0.3983426966292135 0.5311660777385159 0.4503370786516854 0.5445583038869258 0.4728089887640449
0 0.5504946996466431 0.3924157303370786 0.5743109540636042 0.36168539325842697 0.5832155477031803 0.32030898876404496 0.559434628975265 0.24230337078651687 0.4984805653710247 0.2529494382022472 0.4776325088339222 0.2978651685393259 0.4598233215547703 0.32269662921348313 0.4137102473498233 0.3557865168539326 0.4062897526501767 0.3628651685393259 0.4598233215547703 0.4172471910112359 0.5504946996466431 0.3924157303370786
0 0.16240282685512367 0.374691011235955 0.1906713780918728 0.3865168539325843 0.18918727915194347 0.3546067415730337 0.16240282685512367 0.374691011235955
0 0.05187279151943463 0.2993820224719101 0.053427561837455825 0.2894943820224719 0.030141342756183742 0.28581460674157305 0.025477031802120142 0.3006179775280899 0.027031802120141345 0.3105056179775281 0.03636042402826855 0.3166573033707865 0.050318021201413425 0.3141853932584269 0.05187279151943463 0.2993820224719101
0 0.12798586572438161 0.5351966292134831 0.1372791519434629 0.5450561797752809 0.16060070671378093 0.5413483146067416 0.16526501766784454 0.5290168539325844 0.1637102473498233 0.514185393258427 0.1372791519434629 0.514185393258427 0.12798586572438161 0.5351966292134831
0 0 0.7258928117977529 0.00530035335689046 0.7339606741573035 0.028586572438162542 0.7105056179775281 0.01459363957597173 0.6907303370786517 0.00530035335689046 0.6919662921348315 0 0.6958286516853933 0 0.7258928117977529
0 0.9402120141342756 0.4043258426966292 0.8889752650176679 0.3907303370786517 0.8377031802120141 0.41665730337078655 0.8392579505300353 0.5203651685393258 0.9123674911660777 0.5426966292134832 0.9790459363957597 0.5351966292134831 0.9852650176678445 0.45370786516853934 0.9402120141342756 0.4043258426966292
0 0.988339222614841 0.24505617977528088 0.9867844522968198 0.2166573033707865 0.9603886925795053 0.20308988764044944 0.9277738515901061 0.20926966292134833 0.9091519434628976 0.22160112359550563 0.9184805653710247 0.2512359550561798 0.9526501766784453 0.261123595505618 0.9790459363957597 0.261123595505618 0.988339222614841 0.24505617977528088
0 0.6730742049469964 0.8969101123595506 0.6777385159010602 0.889494382022472 0.6730742049469964 0.8771629213483145 0.6482332155477032 0.869747191011236 0.6342756183745583 0.8783988764044943 0.631166077738516 0.8870224719101123 0.631166077738516 0.8932022471910113 0.6365371024734982 0.8974719101123596 0.66886925795053 0.8974719101123596 0.6730742049469964 0.8969101123595506
0 0.2273851590106007 0.4821067415730337 0.2273851590106007 0.49320224719101124 0.2382332155477032 0.5043258426966292 0.2537809187279152 0.5092696629213483 0.2692932862190813 0.49691011235955057 0.2615547703180212 0.4783988764044944 0.2273851590106007 0.4821067415730337
0 0.1450530035335689 0.8500000000000001 0.13575971731448763 0.8327247191011236 0.1108833922261484 0.8290168539325843 0.10003533568904593 0.8290168539325843 0.10777385159010601 0.8388764044943819 0.10932862190812721 0.8500000000000001 0.12798586572438161 0.8660393258426966 0.1403886925795053 0.8648033707865168 0.1450530035335689 0.8500000000000001