0 0.7379761904761905 0.5469064748201439 0.7195833333333334 0.5345323741007194 0.6950595238095237 0.5419424460431654 0.6889880952380952 0.5666906474820144 0.6981547619047619 0.5839568345323741 0.716547619047619 0.5851798561151079 0.7389880952380953 0.5715827338129497 0.7379761904761905 0.5469064748201439
0 0.38065476190476194 0.17496402877697842 0.40017857142857144 0.15482014388489207 0.4011904761904762 0.13712230215827337 0.3767261904761905 0.1312230215827338 0.3464285714285714 0.1418705035971223 0.3356547619047619 0.15719424460431655 0.3356547619047619 0.17136690647482014 0.35714285714285715 0.180863309352518 0.38065476190476194 0.17496402877697842
0 0.17916666666666667 0.7848920863309352 0.18797619047619046 0.7635971223021583 0.19285714285714284 0.7316546762589928 0.1938690476190476 0.6985611510791366 0.1605952380952381 0.6867625899280575 0.14595238095238094 0.7281294964028776 0.14202380952380952 0.7659712230215827 0.15375 0.7872661870503598 0.17916666666666667 0.7848920863309352
0 0.5776190476190477 0.10985611510791367 0.5725 0.16050359712230214 0.5888690476190477 0.19258992805755396 0.6174404761904763 0.17776978417266187 0.6256547619047619 0.1271223021582734 0.6011309523809524 0.10244604316546763 0.5776190476190477 0.10985611510791367
0 0.67875 0.5703597122302159 0.6644642857142857 0.5505755395683454 0.6307142857142857 0.5605035971223021 0.6123214285714286 0.6246762589928058 0.6348214285714286 0.6431654676258993 0.6654761904761904 0.6407194244604316 0.6817857142857143 0.6048920863309353 0.67875 0.5703597122302159
0 0.5122619047619048 0.6000000000000001 0.5163095238095238 0.6370503597122302 0.537797619047619 0.6505755395683454 0.5592261904761905 0.6394964028776978 0.5847619047619047 0.6210071942446043 0.6082738095238095 0.5839568345323741 0.6133928571428571 0.5579856115107914 0.5970238095238095 0.5358273381294965 0.5663690476190476 0.5419424460431654 0.5623214285714285 0.5567625899280576 0.5541071428571429 0.5728057553956835 0.5295833333333333 0.5728057553956835 0.5122619047619048 0.6000000000000001
0 0.5755952380952382 0.6950359712230216 0.5663690476190476 0.7296402877697842 0.5847619047619047 0.730863309352518 0.5929166666666666 0.7246762589928057 0.5980357142857142 0.6987769784172662 0.5898809523809524 0.6888489208633094 0.5755952380952382 0.6950359712230216
0 0.622202380952381 0.5035251798561151 0.6300595238095238 0.5117985611510791 0.6466666666666667 0.5117985611510791 0.6564285714285715 0.5117985611510791 0.6613095238095238 0.5 0.6681547619047619 0.46215827338129495 0.6574404761904762 0.43971223021582734 0.6358928571428571 0.4420863309352518 0.6241666666666666 0.45151079136690647 0.628095238095238 0.4740287769784173 0.622202380952381 0.5035251798561151
0 0.6955357142857143 0.8179856115107914 0.6985119047619047 0.8108633093525179 0.72 0.7978417266187051 0.7229166666666667 0.7801438848920863 0.7180357142857142 0.7753956834532374 0.6985119047619047 0.7777697841726618 0.6789285714285714 0.7766187050359712 0.6661904761904762 0.789568345323741 0.6789285714285714 0.8049640287769784 0.6955357142857143 0.8179856115107914
0 0.7366071428571429 0.33805755395683457 0.7366071428571429 0.3628776978417266 0.7464285714285714 0.38532374100719424 0.7669642857142857 0.37589928057553956 0.7581547619047619 0.3475539568345324 0.741547619047619 0.319136690647482 0.7366071428571429 0.33805755395683457
0 0.6769642857142857 0.6619424460431655 0.7063095238095238 0.66431654676259 0.7210119047619047 0.6430215827338129 0.7141666666666667 0.6194244604316547 0.6975 0.6430215827338129 0.6769642857142857 0.6619424460431655
0 0.848095238095238 0.710431654676259 0.84125 0.7281294964028776 0.855952380952381 0.7399280575539567 0.8647619047619047 0.7246043165467626 0.848095238095238 0.710431654676259
0 0.7864880952380953 0.8829496402877698 0.7894642857142857 0.9007194244604316 0.816845238095238 0.9231654676258992 0.8138690476190475 0.8912230215827338 0.7864880952380953 0.8829496402877698
0 0.3073214285714286 0.5827338129496403 0.3111904761904762 0.5448920863309352 0.27601190476190474 0.5567625899280576 0.2623214285714286 0.5744604316546762 0.2613095238095238 0.6075539568345324 0.289702380952381 0.6335971223021583 0.31708333333333333 0.6040287769784172 0.3073214285714286 0.5827338129496403
0 0.40511904761904766 1 0.41583333333333333 0.975179856115108 0.41779761904761903 0.9468345323741009 0.395297619047619 0.9385611510791367 0.3689285714285714 0.9479856115107914 0.37184523809523806 0.9810791366906475 0.3710589285714286 1 0.40511904761904766 1
0 0.08934523809523809 0.5419424460431654 0.09244047619047618 0.5864028776978417 0.11386904761904762 0.6024460431654676 0.1292261904761905 0.5950359712230215 0.14351190476190476 0.5567625899280576 0.1169642857142857 0.5197122302158274 0.08934523809523809 0.5419424460431654