0 0.4949777777777778 0.3309137055837563 0.5032 0.3738578680203046 0.5380444444444444 0.39060913705583755 0.5600444444444445 0.3633502538071066 0.5307111111111111 0.3372081218274112 0.4949777777777778 0.3309137055837563
0 0.37444444444444447 0.2485786802030457 0.3868888888888889 0.20482233502538072 0.3454666666666667 0.19538071065989848 0.3434222222222222 0.2580203045685279 0.37444444444444447 0.2485786802030457
0 0.3879111111111111 0.5476142131979695 0.3848 0.480253807106599 0.32582222222222224 0.4838071065989848 0.33511111111111114 0.5783756345177665 0.3879111111111111 0.5476142131979695
0 0.24653333333333333 0.06781725888324873 0.2472888888888889 0.09314720812182742 0.2724888888888889 0.09401015228426396 0.2832 0.07568527918781726 0.2679111111111111 0.06345177664974619 0.24653333333333333 0.06781725888324873
0 0.06822222222222223 0.07644670050761422 0.06711111111111111 0.14304568527918782 0.08142222222222223 0.17822335025380712 0.13204444444444444 0.1468020304568528 0.17826666666666666 0.11289340101522842 0.17164444444444443 0.05883248730964467 0.1155111111111111 0.04751269035532995 0.0836 0.045025380710659896 0.06822222222222223 0.07644670050761422
0 0.17826666666666666 0.320253807106599 0.17604444444444445 0.34664974619289346 0.18813333333333332 0.3504060913705584 0.21017777777777777 0.34035532994923856 0.19697777777777778 0.31644670050761425 0.17826666666666666 0.320253807106599
0 0.15733333333333333 0.5640609137055838 0.13093333333333335 0.606751269035533 0.12875555555555554 0.6608121827411167 0.13422222222222221 0.6959898477157361 0.15955555555555556 0.7160913705583756 0.19915555555555556 0.7148730964467006 0.26737777777777777 0.6633502538071067 0.25306666666666666 0.560253807106599 0.19915555555555556 0.5514720812182741 0.15733333333333333 0.5640609137055838
0 0.3136 0.8304568527918782 0.30808888888888886 0.878223350253807 0.3245777777777778 0.8983248730964467 0.3664 0.8895431472081219 0.3608888888888889 0.836751269035533 0.3136 0.8304568527918782
0 0.573288888888889 0.9486294416243655 0.5347555555555555 0.9033502538071067 0.5138666666666667 0.9473604060913705 0.5468444444444445 0.9737563451776651 0.573288888888889 0.9486294416243655
0 0.6404 0.4861421319796954 0.6272 0.5225888324873097 0.6547111111111111 0.5414213197969543 0.6943111111111111 0.5162944162436548 0.7328 0.5288324873096447 0.7647111111111111 0.5339086294416244 0.7900444444444444 0.5326395939086295 0.8967555555555556 0.49116751269035536 0.9055555555555556 0.40192893401015234 0.9011555555555555 0.29258883248730966 0.8527555555555556 0.24984771573604062 0.7746222222222222 0.21969543147208123 0.6689777777777778 0.27375634517766495 0.6260888888888889 0.32274111675126904 0.6073777777777778 0.36923857868020304 0.6645777777777778 0.3792893401015228 0.6855111111111112 0.38685279187817256 0.6645777777777778 0.4145177664974619 0.6547111111111111 0.4458883248730965 0.6404 0.4861421319796954
0 0.5866666666666667 0.3801015228426396 0.5903111111111111 0.42096446700507617 0.6049777777777778 0.4314213197969543 0.6279111111111111 0.41888324873096444 0.6141777777777778 0.38223350253807103 0.5866666666666667 0.3801015228426396