0 0.7907826086956522 0.722804054054054 0.7568695652173913 0.7215540540540542 0.7420579710144928 0.7524324324324324 0.7685217391304348 0.7660135135135135 0.7960579710144927 0.7499662162162163
0 0.6382608695652173 0.7005743243243243 0.6191884057971014 0.7190878378378378 0.638231884057971 0.7264864864864865 0.6498840579710146 0.7215540540540542
0 0.9401159420289854 0.38206081081081084 0.9168115942028986 0.42033783783783785 0.939072463768116 0.44006756756756754 0.9591884057971015 0.42527027027027026 0.9602608695652175 0.40675675675675677
0 0.47936231884057967 0.006756756756756757 0.4454782608695652 0.010439189189189188 0.44336231884057975 0.05858108108108108 0.47828985507246374 0.06847972972972972 0.49843478260869567 0.04996621621621621
0 0.7099420289855073 0.1383445945945946 0.6784927536231884 0.15131756756756756 0.7058840579710145 0.1666891891891892 0.7220869565217392 0.15486486486486487
0 0.6846376811594203 0.5364864864864866 0.6698550724637681 0.6131756756756757 0.7368115942028985 0.6304054054054054 0.7623188405797101 0.6621621621621622 0.8171014492753622 0.6581081081081082 0.7979710144927536 0.6233108108108109 0.8217391304347826 0.5868243243243243 0.8536231884057971 0.5925675675675676 0.8245217391304347 0.5295945945945946 0.8032463768115942 0.47756756756756763 0.7616521739130434 0.47283783783783784 0.7140000000000001 0.5023986486486487
0 0.13942028985507246 0.4797297297297297 0.08028985507246376 0.5297297297297298 0.05652173913043478 0.6121621621621621 0.06956521739130435 0.6706081081081081 0.0781159420289855 0.704527027027027 0.09333333333333334 0.7411486486486486 0.11057971014492753 0.7647972972972973 0.1237391304347826 0.7730743243243243 0.13997101449275362 0.7919932432432433 0.16634782608695653 0.7943581081081081 0.19982608695652174 0.8061824324324324 0.24544927536231886 0.7718918918918919 0.26371014492753625 0.7482432432432432 0.28095652173913044 0.7057094594594594 0.28907246376811596 0.6844256756756757 0.2951304347826087 0.660777027027027 0.30426086956521736 0.6040540540540541 0.29107246376811596 0.5827702702702703 0.26269565217391305 0.5673986486486486 0.22414492753623189 0.5449324324324325 0.19881159420289857 0.5378716216216216
0 0.46771014492753626 0.18206081081081082 0.4285217391304348 0.19439189189189188 0.4232173913043478 0.22773648648648648 0.46347826086956523 0.23141891891891891 0.48043478260869565 0.21168918918918916
0 0.298231884057971 0.12155405405405405 0.28023188405797106 0.1302027027027027 0.2728115942028986 0.15118243243243243 0.2961159420289855 0.1610472972972973 0.3045797101449275 0.1437837837837838 0.3045797101449275 0.13638513513513512
0 0.5071014492753623 0.04966216216216216 0.4959420289855072 0.0804054054054054 0.5284057971014493 0.10405405405405406 0.5334782608695653 0.06503378378378379
0 0.11466666666666667 0.03206081081081081 0.1093623188405797 0.023412162162162162 0.07866666666666666 0.013547297297297296 0.06278260869565218 0.01847972972972973 0.05217391304347826 0.03945945945945946 0.06171014492753623 0.07648648648648648 0.07443478260869565 0.10983108108108107 0.07228985507246377 0.13699324324324325 0.10831884057971014 0.1443918918918919 0.12843478260869565 0.13327702702702704 0.1316231884057971 0.10736486486486486 0.11150724637681159 0.095 0.11889855072463769 0.06537162162162162 0.12739130434782608 0.05057432432432433
0 0.7383188405797101 0.2187162162162162 0.7170434782608696 0.2458783783783784 0.7433913043478262 0.26125 0.7545507246376811 0.23527027027027028
0 0.8045507246376812 0.8104391891891891 0.7802898550724637 0.8239864864864865 0.7812463768115941 0.8437837837837837 0.8098260869565217 0.8511824324324324 0.8194202898550724 0.8375
0 0.9729565217391305 0.05243243243243243 0.9549565217391304 0.04996621621621621 0.943304347826087 0.06847972972972972 0.9496521739130435 0.09067567567567568 0.9644927536231884 0.0981081081081081 0.980376811594203 0.08081081081081082
0 0.9507246376811594 0.004256756756756757 0.9348405797101449 0.004256756756756757 0.9231884057971015 0.026486486486486487 0.9380000000000001 0.04378378378378379 0.9486086956521739 0.04871621621621622 0.9570724637681159 0.042533783783783786 0.9644927536231884 0.03266891891891892 0.9613043478260869 0.016621621621621622
0 0.8628115942028985 0.11537162162162162 0.8363188405797101 0.11908783783783784 0.8045507246376812 0.13266891891891894 0.7897101449275362 0.15858108108108107 0.7907826086956522 0.19317567567567567 0.8172463768115942 0.20425675675675675 0.8479710144927537 0.17341216216216215 0.8744637681159421 0.15243243243243243 0.8755072463768117 0.13513513513513514
0 0.5047826086956522 0.46476351351351347 0.4846666666666667 0.47587837837837843 0.4825507246376811 0.5017905405405405 0.5037101449275362 0.5203378378378378 0.5259710144927536 0.5116891891891893 0.5333913043478261 0.5030405405405406 0.5270144927536232 0.46969594594594594
0 0.5990434782608696 0.8055067567567568 0.5852753623188406 0.8104391891891891 0.5725797101449275 0.8240202702702702 0.58 0.8425337837837837 0.6011594202898551 0.8388513513513514