0 0.869863481228669 0.1559778597785978 0.8429351535836177 0.17977859778597785 0.8535494880546075 0.20273062730627306 0.8837201365187713 0.18859778597785978 0.8837201365187713 0.17095940959409595
0 0.5581911262798636 0.43527675276752764 0.5133447098976109 0.4388191881918819 0.5122525597269625 0.48140221402214023 0.5450511945392491 0.477859778597786
0 0.10426621160409556 0.6287822878228783 0.07505119453924915 0.6647970479704797 0.08252559726962458 0.6875645756457565 0.09883959044368601 0.7015129151291514 0.12535836177474402 0.6912546125461255 0.12467576791808874 0.6478966789667897
0 0.0724914675767918 0.24424354243542434 0.050853242320819114 0.27398523985239853 0.05440273037542662 0.2952767527675277 0.08310580204778158 0.2952767527675277 0.09726962457337884 0.27398523985239853 0.09372013651877134 0.24763837638376385
0 0.7165529010238908 0.3058671586715867 0.6839249146757679 0.3049815498154982 0.6684300341296928 0.3340590405904059 0.6814675767918088 0.3561254612546126 0.7312286689419796 0.3631734317343174 0.7385665529010239 0.32084870848708485
0 0.8421160409556314 0.1947970479704797 0.8176450511945392 0.20184501845018452 0.821740614334471 0.22741697416974171 0.8388737201365187 0.224760147601476 0.8502730375426621 0.21859778597785978
0 0.3553242320819113 0.6611439114391143 0.3390102389078498 0.683210332103321 0.3463481228668942 0.7070110701107011 0.3650853242320819 0.7087822878228782 0.37488054607508536 0.6823247232472325 0.3732423208191126 0.6682287822878229
0 0.7051194539249147 0.44339483394833945 0.627679180887372 0.4451660516605166 0.6260409556313994 0.49188191881918825 0.6880204778156996 0.5024723247232472 0.7197952218430035 0.4821771217712177
0 0.4295221843003413 0.26619926199261995 0.4042320819112628 0.2688191881918819 0.3920136518771331 0.322619926199262 0.4205460750853242 0.3455350553505535 0.44825938566552903 0.3014391143911439
0 0.31372013651877134 0.5677121771217712 0.2696928327645051 0.5774169741697417 0.26071672354948805 0.6285608856088561 0.30068259385665524 0.641771217712177 0.3316723549488055 0.61619926199262 0.33982935153583615 0.5685977859778598
0 0.9178839590443686 0.6965313653136531 0.8544709897610921 0.689409594095941 0.8358703071672355 0.7662730627306273 0.8981911262798635 0.7780811808118082
0 0.7385665529010239 0.5877859778597786 0.7003071672354949 0.5806642066420664 0.7024914675767918 0.6137638376383764 0.7374744027303755 0.626789667896679
0 0.2772013651877133 0.8312546125461255 0.2454948805460751 0.8300738007380073 0.2564505119453925 0.8596309963099631 0.2695563139931741 0.8643542435424355
0 0.21706484641638227 0.903690036900369 0.19501706484641637 0.9159040590405905 0.18426621160409556 0.9563099630996311 0.20522184300341298 0.9759040590405905 0.23180887372013653 0.9673431734317343 0.23747440273037543 0.9250922509225091