0 0.20394202898550726 0.7499662162162163 0.23147826086956522 0.7660135135135135 0.2579420289855072 0.7524324324324324 0.24313043478260868 0.7215540540540542 0.20921739130434786 0.722804054054054 0.20394202898550726 0.7499662162162163
0 0.38081159420289856 0.7190878378378378 0.3617391304347826 0.7005743243243243 0.35011594202898555 0.7215540540540542 0.361768115942029 0.7264864864864865 0.38081159420289856 0.7190878378378378
0 0.03973913043478261 0.40675675675675677 0.04081159420289855 0.42527027027027026 0.06092753623188406 0.44006756756756754 0.08318840579710145 0.42033783783783785 0.059884057971014495 0.38206081081081084 0.03973913043478261 0.40675675675675677
0 0.5015652173913043 0.04996621621621621 0.5217101449275363 0.06847972972972972 0.5566376811594203 0.05858108108108108 0.5545217391304348 0.010439189189189188 0.5206376811594203 0.006756756756756757 0.5015652173913043 0.04996621621621621
0 0.3215072463768116 0.15131756756756756 0.2900579710144927 0.1383445945945946 0.27791304347826085 0.15486486486486487 0.2941159420289855 0.1666891891891892 0.3215072463768116 0.15131756756756756
0 0.3301449275362319 0.6131756756756757 0.3153623188405797 0.5364864864864866 0.28600000000000003 0.5023986486486487 0.23834782608695654 0.47283783783783784 0.19675362318840578 0.47756756756756763 0.17547826086956522 0.5295945945945946 0.1463768115942029 0.5925675675675676 0.1782608695652174 0.5868243243243243 0.20202898550724638 0.6233108108108109 0.18289855072463768 0.6581081081081082 0.23768115942028986 0.6621621621621622 0.26318840579710145 0.6304054054054054 0.3301449275362319 0.6131756756756757
0 0.8001739130434783 0.8061824324324324 0.8336521739130435 0.7943581081081081 0.8600289855072463 0.7919932432432433 0.8762608695652174 0.7730743243243243 0.8894202898550725 0.7647972972972973 0.9066666666666667 0.7411486486486486 0.9218840579710146 0.704527027027027 0.9304347826086956 0.6706081081081081 0.9434782608695652 0.6121621621621621 0.9197101449275362 0.5297297297297298 0.8605797101449275 0.4797297297297297 0.8011884057971015 0.5378716216216216 0.7758550724637682 0.5449324324324325 0.737304347826087 0.5673986486486486 0.7089275362318841 0.5827702702702703 0.6957391304347826 0.6040540540540541 0.7048695652173913 0.660777027027027 0.7109275362318841 0.6844256756756757 0.7190434782608696 0.7057094594594594 0.7362898550724638 0.7482432432432432 0.7545507246376811 0.7718918918918919 0.8001739130434783 0.8061824324324324
0 0.5195652173913043 0.21168918918918916 0.5365217391304348 0.23141891891891891 0.5767826086956522 0.22773648648648648 0.5714782608695652 0.19439189189189188 0.5322898550724637 0.18206081081081082 0.5195652173913043 0.21168918918918916
0 0.7197681159420289 0.1302027027027027 0.701768115942029 0.12155405405405405 0.6954202898550724 0.13638513513513512 0.6954202898550724 0.1437837837837838 0.7038840579710145 0.1610472972972973 0.7271884057971014 0.15118243243243243 0.7197681159420289 0.1302027027027027
0 0.5040579710144928 0.0804054054054054 0.49289855072463773 0.04966216216216216 0.46652173913043476 0.06503378378378379 0.4715942028985507 0.10405405405405406 0.5040579710144928 0.0804054054054054
0 0.9372173913043478 0.01847972972972973 0.9213333333333333 0.013547297297297296 0.8906376811594202 0.023412162162162162 0.8853333333333333 0.03206081081081081 0.8726086956521739 0.05057432432432433 0.8811014492753624 0.06537162162162162 0.8884927536231884 0.095 0.8683768115942029 0.10736486486486486 0.8715652173913043 0.13327702702702704 0.8916811594202898 0.1443918918918919 0.9277101449275362 0.13699324324324325 0.9255652173913044 0.10983108108108107 0.9382898550724638 0.07648648648648648 0.9478260869565217 0.03945945945945946 0.9372173913043478 0.01847972972972973
0 0.28295652173913044 0.2458783783783784 0.26168115942028985 0.2187162162162162 0.24544927536231886 0.23527027027027028 0.2566086956521739 0.26125 0.28295652173913044 0.2458783783783784
0 0.18057971014492752 0.8375 0.19017391304347825 0.8511824324324324 0.2187536231884058 0.8437837837837837 0.2197101449275362 0.8239864864864865 0.19544927536231885 0.8104391891891891 0.18057971014492752 0.8375
0 0.04504347826086956 0.04996621621621621 0.027043478260869565 0.05243243243243243 0.0196231884057971 0.08081081081081082 0.035507246376811595 0.0981081081081081 0.050347826086956524 0.09067567567567568 0.05669565217391304 0.06847972972972972 0.04504347826086956 0.04996621621621621
0 0.04292753623188406 0.042533783783783786 0.051391304347826086 0.04871621621621622 0.062 0.04378378378378379 0.07681159420289856 0.026486486486486487 0.06515942028985508 0.004256756756756757 0.04927536231884058 0.004256756756756757 0.03869565217391304 0.016621621621621622 0.035507246376811595 0.03266891891891892 0.04292753623188406 0.042533783783783786
0 0.12553623188405796 0.15243243243243243 0.1520289855072464 0.17341216216216215 0.1827536231884058 0.20425675675675675 0.20921739130434786 0.19317567567567567 0.21028985507246375 0.15858108108108107 0.19544927536231885 0.13266891891891894 0.16368115942028985 0.11908783783783784 0.13718840579710145 0.11537162162162162 0.12449275362318842 0.13513513513513514 0.12553623188405796 0.15243243243243243
0 0.49628985507246376 0.5203378378378378 0.5174492753623189 0.5017905405405405 0.5153333333333333 0.47587837837837843 0.49521739130434783 0.46476351351351347 0.47298550724637684 0.46969594594594594 0.4666086956521739 0.5030405405405406 0.47402898550724637 0.5116891891891893 0.49628985507246376 0.5203378378378378
0 0.3988405797101449 0.8388513513513514 0.42000000000000004 0.8425337837837837 0.42742028985507247 0.8240202702702702 0.41472463768115947 0.8104391891891891 0.4009565217391305 0.8055067567567568 0.3988405797101449 0.8388513513513514