0 0.6725345622119816 0.9097448979591837 0.6447004608294931 0.9097448979591837 0.6340552995391705 0.9303571428571429 0.6406912442396313 0.9479591836734694 0.6745622119815669 0.9457142857142857 0.6858064516129032 0.9237244897959185
0 0.3711520737327189 0.15698979591836734 0.40304147465437784 0.15816326530612246 0.43935483870967745 0.16642857142857143 0.43304147465437787 0.20903061224489794 0.42023041474654377 0.21489795918367346 0.40304147465437784 0.21846938775510205 0.38599078341013826 0.22198979591836734
0 0.8141935483870968 0.20071428571428573 0.8889400921658986 0.20193877551020406 0.89 0.23739795918367348 0.8184792626728111 0.27403061224489794 0.8163594470046083 0.2562755102040816 0.8012903225806451 0.22321428571428573
0 0.3156221198156682 0.40760204081632656 0.36046082949308755 0.4099489795918367 0.3635483870967742 0.45015306122448984 0.3156221198156682 0.4619387755102041
0 0.1415668202764977 0.6593367346938775 0.19069124423963135 0.6581632653061225 0.20138248847926268 0.6995408163265306 0.18847926267281107 0.727908163265306 0.1415668202764977 0.7303061224489795
0 0.20350230414746542 0.7752040816326531 0.2793087557603687 0.7728571428571428 0.2974654377880184 0.8331122448979591 0.2483410138248848 0.8591326530612244 0.22377880184331797 0.8248469387755102
0 0.13502304147465438 0.01239795918367347 0.11829493087557605 0.03086734693877551 0.12147465437788019 0.0564795918367347 0.15013824884792626 0.06525510204081632 0.15889400921658986 0.03704081632653061
0 0.8070046082949309 0.5748469387755102 0.7904608294930876 0.5784183673469387 0.7899539170506912 0.5993367346938775 0.805668202764977 0.6069897959183673 0.8166820276497696 0.5906632653061225
0 0.7766359447004608 0.5932142857142857 0.7599999999999999 0.6018877551020408 0.7613824884792627 0.6182142857142857 0.7752073732718894 0.6263775510204082 0.783963133640553 0.6161734693877551
0 0.763225806451613 0.5534183673469387 0.7628110599078342 0.5687244897959184 0.7743317972350231 0.5779081632653061 0.7890322580645162 0.5773979591836734 0.7904608294930876 0.5590306122448979 0.7775115207373272 0.5523979591836734
0 0.8448387096774194 0.5554591836734694 0.8374193548387097 0.554438775510204 0.8300460829493088 0.5697448979591837 0.8383410138248847 0.5814795918367347 0.8517511520737328 0.5794387755102041 0.8544700460829493 0.5651530612244898