0 0.1950531914893617 0.7018085106382979 0.17526595744680853 0.6993617021276595 0.17037234042553193 0.7079787234042553 0.17898936170212765 0.7240425531914894 0.1950531914893617 0.7240425531914894
0 0.19010638297872343 0.30925531914893617 0.16047872340425534 0.3166489361702128 0.16909574468085106 0.3388829787234043 0.1975 0.34382978723404256
0 0.19856382978723403 0.12590425531914895 0.1702127659574468 0.15069148936170212 0.18319148936170213 0.19324468085106383 0.2151063829787234 0.20388297872340425 0.2576595744680851 0.18143617021276595 0.2423404255319149 0.14595744680851064 0.2352127659574468 0.12117021276595745
0 0.1997872340425532 0.5053191489361702 0.15601063829787234 0.5845212765957447 0.22106382978723405 0.6365425531914893 0.28489361702127664 0.5856914893617021 0.25648936170212766 0.5254255319148936 0.20329787234042554 0.5136170212765958
0 0.28367021276595744 0.731063829787234 0.25648936170212766 0.7783510638297872 0.2967021276595745 0.8008510638297872 0.35340425531914893 0.7878191489361703 0.33808510638297873 0.7322872340425531
0 0.7222340425531915 0.768936170212766 0.6973936170212767 0.8138297872340425 0.7257446808510638 0.8575531914893617 0.7706914893617021 0.8528191489361703 0.7978723404255319 0.818563829787234 0.794308510638298 0.7889893617021277 0.7494148936170212 0.7724468085106383
0 0.5950531914893618 0.48579787234042554 0.5629255319148936 0.47590425531914893 0.5456382978723404 0.49069148936170215 0.5592553191489362 0.5154255319148936 0.5851595744680851 0.5178723404255319 0.5987234042553191 0.5129255319148937 0.6012234042553192 0.5005851063829787
0 0.37776595744680846 0.3351595744680851 0.3641489361702127 0.3388829787234043 0.3530851063829787 0.3623404255319149 0.36292553191489363 0.36601063829787234 0.3740425531914893 0.3548936170212766
0 0.11356382978723405 0.1524468085106383 0.0777659574468085 0.1524468085106383 0.038244680851063834 0.16234042553191488 0.07159574468085107 0.20058510638297872 0.11601063829787234 0.2092553191489362 0.13946808510638298 0.18702127659574466
0 0.18143617021276595 0.41664893617021276 0.14936170212765956 0.4117021276595745 0.14936170212765956 0.3647872340425532 0.13207446808510637 0.34382978723404256 0.08143617021276596 0.38329787234042556 0.07526595744680852 0.4339361702127659 0.10489361702127659 0.4685106382978723 0.17404255319148937 0.4697340425531915 0.1950531914893617 0.43888297872340426
0 0.26170212765957446 0.6277659574468085 0.2444148936170213 0.6450531914893617 0.2592553191489362 0.6561702127659574 0.27654255319148935 0.6388829787234043
0 0.6867553191489363 0.2629787234042553 0.6288297872340426 0.318563829787234 0.6158510638297873 0.3575531914893617 0.6047872340425532 0.43617021276595747 0.6425531914893617 0.47659574468085103 0.6914893617021277 0.47074468085106386 0.732872340425532 0.4568617021276596 0.7446808510638298 0.4391489361702128 0.7825000000000001 0.40127659574468083 0.7990425531914893 0.3646808510638298 0.7848936170212766 0.30675531914893617 0.7682978723404256 0.26654255319148934 0.7304787234042553 0.22164893617021278