0 0.6473333333333333 0.7358498023715414 0.6715714285714286 0.6684584980237155 0.588952380952381 0.664901185770751 0.5818571428571429 0.7133992094861661 0.6473333333333333 0.7358498023715414
0 0.45395238095238094 0.3543083003952569 0.4360952380952381 0.3790118577075099 0.4613809523809524 0.41110671936758897 0.5030476190476191 0.3975494071146245 0.48961904761904756 0.3641897233201581 0.45395238095238094 0.3543083003952569
0 0.9254285714285715 0.12343873517786562 0.9299047619047619 0.11110671936758892 0.8942857142857144 0.1 0.8629523809523809 0.10616600790513833 0.8629523809523809 0.11976284584980237 0.8928571428571429 0.133201581027668 0.9254285714285715 0.12343873517786562
0 0.8049523809523809 0.7740711462450593 0.8049523809523809 0.7679051383399209 0.7915714285714285 0.7641897233201581 0.7811428571428571 0.7679051383399209 0.7796666666666666 0.7827272727272727 0.793047619047619 0.7901185770750988 0.8049523809523809 0.7740711462450593
0 0.8004761904761905 0.7382608695652174 0.8049523809523809 0.7283794466403162 0.7915714285714285 0.7148221343873518 0.7737142857142857 0.7160474308300395 0.7677619047619048 0.7308695652173913 0.7767142857142858 0.7394861660079052 0.8004761904761905 0.7382608695652174
0 0.45333333333333337 0.5553359683794467 0.4522380952380952 0.5147826086956522 0.42376190476190473 0.5277865612648222 0.4266190476190476 0.5479051383399209 0.45333333333333337 0.5553359683794467
0 0.3896190476190476 0.6779051383399209 0.37961904761904763 0.6306324110671937 0.35114285714285715 0.6377470355731225 0.34261904761904766 0.6755731225296442 0.3896190476190476 0.6779051383399209
0 0 0.8239673596837944 0.020761904761904763 0.8150197628458498 0.015047619047619048 0.7878656126482214 0 0.7886605612648222 0 0.8239673596837944
0 0.13042857142857142 0.35996047430830036 0.1061904761904762 0.3410276679841897 0.07204761904761905 0.3635177865612648 0.119 0.3847826086956522 0.13042857142857142 0.35996047430830036
0 0.13042857142857142 0.4001581027667984 0.0890952380952381 0.396600790513834 0.08628571428571429 0.4226086956521739 0.119 0.44031620553359685 0.13042857142857142 0.4001581027667984
0 0.2543333333333333 0.2641897233201581 0.29847619047619045 0.2937549407114624 0.3326190476190476 0.30086956521739133 0.3212380952380952 0.2618577075098814 0.2713809523809524 0.24648221343873516 0.2543333333333333 0.2641897233201581
0 0.5490952380952381 0.42142292490118577 0.6003809523809523 0.46750988142292493 0.6644285714285715 0.4935177865612648 0.6501904761904762 0.43442687747035574 0.6031904761904762 0.4166798418972332 0.5490952380952381 0.42142292490118577
0 0.8424285714285714 0.5514229249011857 0.7755238095238096 0.5502766798418972 0.7911904761904762 0.5928063241106719 0.8253809523809524 0.5951778656126483 0.8424285714285714 0.5514229249011857
0 1 0.593691466403162 0.9976666666666666 0.5833596837944665 0.9108095238095238 0.5656126482213438 0.8908571428571429 0.6058102766798419 0.8908571428571429 0.6554545454545455 0.9307619047619048 0.6838339920948616 0.9933809523809525 0.6814624505928853 1 0.6654393517786561 1 0.593691466403162