0 0.6764788732394367 0.1146969696969697 0.6930516431924882 0.11542424242424243 0.7007981220657278 0.10254545454545455 0.6941784037558686 0.08684848484848486 0.6808920187793427 0.0896969696969697 0.6753521126760563 0.10112121212121211 0.6764788732394367 0.1146969696969697
0 0.7051173708920188 0.10872727272727274 0.7270892018779342 0.13 0.7765258215962442 0.13472727272727272 0.8186384976525822 0.11936363636363637 0.8351173708920188 0.09096969696969696 0.7563849765258217 0.05551515151515152 0.7051173708920188 0.10872727272727274
0 0.8570892018779342 0.3853030303030303 0.8570892018779342 0.3203030303030303 0.7582159624413145 0.3073030303030303 0.6886384976525822 0.31203030303030305 0.6868075117370892 0.37466666666666665 0.7124413145539906 0.4101212121212121 0.7765258215962442 0.4113030303030303 0.825962441314554 0.39830303030303027 0.8570892018779342 0.3853030303030303
0 0.2613145539906103 0.9394848484848484 0.3320657276995305 0.9382727272727273 0.3511737089201878 0.9024545454545455 0.35882629107981223 0.8839393939393939 0.2823474178403756 0.8629393939393939 0.23070422535211269 0.8826969696969698 0.2613145539906103 0.9394848484848484
0 0.6753521126760563 0.5091515151515151 0.597887323943662 0.5105757575757576 0.5646478873239437 0.5391515151515152 0.5812676056338029 0.5727272727272728 0.6676056338028169 0.5706060606060607 0.6753521126760563 0.5091515151515151
0 0.605586854460094 0.36293939393939395 0.5902816901408451 0.36293939393939395 0.5500938967136151 0.36048484848484846 0.5500938967136151 0.3864242424242424 0.5981220657276995 0.39878787878787875 0.605586854460094 0.36293939393939395
0 0.9402816901408451 0.9283939393939394 0.9900469483568075 0.9259090909090909 0.9919248826291079 0.9 0.9804694835680752 0.879 0.9269014084507042 0.8691212121212122 0.9154460093896714 0.8975151515151515 0.9402816901408451 0.9283939393939394
0 0.2960093896713615 0.2708787878787879 0.2805164319248826 0.2487272727272727 0.21521126760563383 0.2573030303030303 0.2107981220657277 0.2858787878787879 0.26723004694835684 0.29303030303030303 0.2960093896713615 0.2708787878787879
0 0.20525821596244131 0.22015151515151518 0.22629107981220659 0.2258787878787879 0.234037558685446 0.20657575757575758 0.21187793427230048 0.20445454545454544 0.20525821596244131 0.22015151515151518
0 0.43436619718309855 0.12227272727272728 0.43436619718309855 0.10584848484848484 0.4177934272300469 0.10369696969696969 0.40338028169014084 0.11442424242424241 0.41112676056338027 0.1236969696969697 0.43436619718309855 0.12227272727272728
0 0.49934272300469484 0.6463333333333333 0.5558215962441314 0.652030303030303 0.597887323943662 0.6434545454545455 0.5934272300469484 0.6106060606060606 0.5535680751173708 0.5713030303030303 0.486056338028169 0.5906060606060606 0.49934272300469484 0.6463333333333333
0 0.34544600938967135 0.4641818181818182 0.3951643192488263 0.479 0.38370892018779346 0.4444242424242424 0.35882629107981223 0.44072727272727275 0.34544600938967135 0.4641818181818182