0 0.6337408312958435 0.34444444444444444 0.6134474327628362 0.38333333333333336 0.6356968215158925 0.4132478632478633 0.6635696821515892 0.35555555555555557
0 0.9952078239608803 0.9063675213675214 0.9812713936430317 0.9012393162393162 0.9727139364303178 0.920042735042735 0.9749144254278729 0.9585042735042735 0.9878728606356969 0.9627777777777777 0.9961858190709046 0.9593589743589744 1 0.9513675213675213 1 0.9182051282051282
0 0.8389731051344743 0.03773504273504274 0.8217114914425427 0.02294871794871795 0.8076283618581906 0.018632478632478633 0.7949633251833741 0.03277777777777778 0.7949633251833741 0.06294871794871795 0.8058679706601467 0.09679487179487178 0.8298044009779951 0.11034188034188035 0.8491687041564793 0.10726495726495727 0.8583374083129585 0.09123931623931625
0 0.151320293398533 0.5646581196581196 0.13427872860635698 0.5708119658119658 0.12775061124694376 0.6032051282051283 0.14579462102689486 0.6286324786324786 0.1678728606356968 0.5961965811965811 0.16987775061124696 0.5734188034188035
0 0.48117359413202937 0.1958119658119658 0.46662591687041566 0.20542735042735044 0.46009779951100244 0.24047008547008547 0.47564792176039117 0.24923076923076923 0.49168704156479215 0.20982905982905983
0 0.08405867970660147 0.1717948717948718 0.067799511002445 0.22863247863247863 0.08136919315403424 0.27363247863247864 0.10168704156479219 0.24521367521367524 0.11523227383863081 0.19786324786324785 0.10371638141809292 0.18837606837606838
0 0.2840586797066015 0.5612820512820513 0.27188264058679706 0.6311538461538462 0.292200488997555 0.6844444444444444 0.333520782396088 0.6276068376068377 0.333520782396088 0.5814102564102565
0 0.9168704156479217 0.4511538461538461 0.9012713936430318 0.5162820512820513 0.9344743276283618 0.4985470085470085 0.9365036674816625 0.4558974358974359
0 0.9324449877750611 0.6690598290598291 0.9290464547677262 0.7294444444444445 0.9629339853300732 0.7211538461538461 0.9703911980440098 0.6761538461538461 0.9507334963325184 0.6619230769230768
0 0.8118337408312959 0.5541880341880342 0.8016870415647921 0.5956410256410256 0.825403422982885 0.6050854700854701 0.8328606356968214 0.5766666666666667
0 0.16987775061124696 0.6426495726495727 0.15183374083129586 0.6452564102564103 0.1447921760391198 0.6934615384615385 0.16034229828850854 0.7144871794871794 0.17537897310513448 0.7118803418803419 0.17789731051344745 0.6925641025641026
0 0.8417359413202934 0.3793162393162393 0.8152567237163814 0.42559829059829063 0.8356968215158924 0.4644871794871795 0.8627872860635697 0.45294871794871794 0.8573594132029341 0.4024786324786325
0 0.21144254278728608 0.002606837606837607 0.19097799511002445 0.006837606837606838 0.20119804400977997 0.03730769230769231 0.21745721271393642 0.04047008547008547 0.21985330073349635 0.027863247863247863
0 0.538361858190709 0.016880341880341883 0.5173105134474328 0.041410256410256405 0.5238141809290954 0.06594017094017093 0.5398533007334964 0.06418803418803419 0.5443765281173595 0.04841880341880342 0.5422982885085574 0.03162393162393162
0 0.5424449877750611 0.7688461538461538 0.5253056234718826 0.7695726495726496 0.5119315403422983 0.7695726495726496 0.5040097799511002 0.7702991452991453 0.5014914425427873 0.7936752136752137 0.5065036674816625 0.8141025641025641 0.5182151589242053 0.8163247863247863 0.5311491442542787 0.8017094017094016
0 0.8668459657701711 0.12431623931623932 0.8410757946210269 0.1523076923076923 0.8396821515892421 0.19854700854700855 0.8598777506112469 0.22773504273504272 0.8842298288508557 0.22653846153846152 0.8863325183374083 0.1656837606837607 0.8845965770171149 0.13952991452991453