0 0.7016019417475728 0.21851612903225806 0.6923300970873787 0.21729032258064515 0.6849029126213593 0.24070967741935487 0.693252427184466 0.2506451612903226 0.7081067961165048 0.24690322580645163 0.7118446601941747 0.23703225806451614
0 0.9830582524271845 0.7296129032258065 0.9486893203883495 0.7308387096774194 0.9375728155339805 0.7839354838709678 0.9542718446601942 0.8296129032258065 0.9775242718446602 0.8555483870967743 1 0.846 1 0.7654193548387097 0.9979611650485437 0.7530967741935484
0 0.2602912621359223 0.3315483870967742 0.24427184466019417 0.3764516129032258 0.2816504854368932 0.3989032258064516 0.31097087378640775 0.3953548387096774 0.30655339805825244 0.3575483870967742
0 0.2291747572815534 0.4639354838709677 0.21048543689320387 0.5064516129032258 0.24606796116504853 0.5076129032258065
0 0.5617961165048544 0.5643870967741935 0.549368932038835 0.5974838709677419 0.5706796116504854 0.6045806451612903 0.5929126213592233 0.5750322580645161 0.5831553398058252 0.5608387096774194
0 0.5813592233009709 0.740516129032258 0.5626699029126213 0.7689032258064517 0.5235436893203883 0.7665161290322581 0.5626699029126213 0.8149677419354838 0.5635922330097087 0.8622580645161291 0.5938349514563107 0.8681935483870967 0.6222815533980582 0.8575483870967742 0.6489805825242718 0.8315483870967741 0.6587378640776699 0.8078709677419355 0.665873786407767 0.7534838709677419 0.665873786407767 0.745225806451613 0.6204854368932039 0.7263225806451613
0 0.7636893203883495 0.05845161290322581 0.743252427184466 0.1152258064516129 0.7770388349514563 0.1187741935483871 0.783252427184466 0.062
0 0.49271844660194175 0.4664516129032258 0.47495145631067964 0.47780645161290325 0.47218446601941744 0.5148387096774193 0.4898058252427185 0.5271612903225806 0.5111650485436893 0.5096774193548387
0 0.32354368932038835 0.45064516129032256 0.2770873786407767 0.4481290322580645 0.275242718446602 0.5247096774193548 0.31519417475728156 0.5493548387096775 0.353252427184466 0.5024516129032258 0.35417475728155334 0.4925806451612903
0 0.6718932038834952 0.3074193548387097 0.5994174757281554 0.32219354838709674 0.587378640776699 0.38890322580645165 0.591990291262136 0.4234838709677419 0.6449514563106796 0.4148387096774193 0.6755825242718446 0.3703870967741935 0.6876699029126213 0.3481290322580645
0 0.8102912621359223 0.618516129032258 0.7462135922330096 0.5987741935483871 0.7183495145631067 0.619741935483871 0.7164563106796117 0.6913548387096774 0.7499029126213592 0.7172903225806452 0.7898543689320389 0.7160645161290322 0.8075242718446601 0.6839354838709678
0 0.7694174757281553 0.7271612903225806 0.7266990291262135 0.7345806451612903 0.7201941747572816 0.7752903225806451 0.7359708737864078 0.7950322580645162 0.7675728155339806 0.7938064516129033 0.7815048543689321 0.7814838709677419
0 0.4405825242718447 0.8407096774193549 0.4192233009708738 0.8654193548387096 0.39228155339805826 0.8889032258064516 0.3932038834951456 0.9061935483870969 0.40621359223300973 0.9221935483870968 0.4322330097087379 0.9135483870967741 0.45082524271844665 0.9 0.4600970873786408 0.8864516129032258 0.45359223300970875 0.8580000000000001
0 0.7192718446601941 0.18393548387096775 0.7136893203883495 0.18270967741935484 0.7053398058252428 0.1876774193548387 0.7099514563106796 0.20122580645161292 0.7201941747572816 0.20122580645161292 0.7229611650485437 0.19632258064516128