0 0.9539041095890411 0.13454545454545455 0.9769520547945205 0.15253246753246752 0.9816780821917808 0.1474025974025974 0.9830479452054794 0.06902597402597403 0.9511986301369864 0.07285714285714286 0.9539041095890411 0.13454545454545455
0 0.9789726027397261 0.8282467532467532 0.9688013698630137 0.7922727272727274 0.9532191780821917 0.790974025974026 0.9511986301369864 0.8064285714285714 0.96 0.8616233766233766 0.975582191780822 0.8590909090909091 0.9789726027397261 0.8282467532467532
0 0.504041095890411 0.898896103896104 0.4993150684931507 0.9142857142857144 0.5108219178082192 0.9258441558441559 0.5155479452054794 0.9130519480519481 0.5094520547945205 0.8911688311688313 0.504041095890411 0.898896103896104
0 0.48575342465753424 0.8744805194805194 0.48575342465753424 0.8950649350649351 0.4931849315068493 0.8950649350649351 0.4965753424657534 0.8757792207792208 0.49253424657534245 0.8655194805194805 0.48575342465753424 0.8744805194805194
0 0.3996917808219178 0.8564935064935065 0.40986301369863015 0.8706493506493508 0.4281506849315068 0.8629220779220779 0.4281506849315068 0.8231168831168831 0.40784246575342464 0.8218181818181818 0.3996917808219178 0.8564935064935065
0 0.333972602739726 0.94 0.3333219178082192 0.9027272727272728 0.3265410958904109 0.8847402597402597 0.29808219178082196 0.8873376623376624 0.2885958904109589 0.9220129870129871 0.2940068493150685 0.9348701298701299 0.3224657534246575 0.9553896103896103 0.333972602739726 0.94
0 0.16393835616438354 0.12298701298701299 0.16934931506849316 0.15123376623376622 0.18900684931506848 0.15123376623376622 0.2079794520547945 0.11012987012987013 0.18291095890410958 0.1075974025974026 0.16393835616438354 0.12298701298701299
0 0.7855479452054794 0.46922077922077926 0.7868835616438357 0.4037012987012987 0.790958904109589 0.3561688311688312 0.73 0.3561688311688312 0.7191438356164384 0.4113636363636364 0.7421917808219178 0.47045454545454546 0.7672602739726027 0.5038961038961038 0.7855479452054794 0.46922077922077926
0 0.8018150684931507 0.16603896103896104 0.7780821917808218 0.18785714285714286 0.7814726027397261 0.22642857142857142 0.7963698630136986 0.22642857142857142 0.8018150684931507 0.16603896103896104
0 0.05147260273972602 0.23474025974025972 0.053493150684931504 0.25655844155844154 0.07517123287671233 0.2681168831168831 0.09551369863013699 0.23090909090909092 0.06907534246575343 0.21162337662337666 0.05147260273972602 0.23474025974025972
0 0.4000342465753425 0.6888311688311688 0.3865068493150685 0.7132467532467532 0.37496575342465754 0.7376623376623376 0.3865068493150685 0.7646753246753247 0.4075 0.7711038961038961 0.4176712328767123 0.7351298701298701 0.4000342465753425 0.6888311688311688
0 0.05924657534246575 0.7967532467532468 0.09448630136986301 0.7762337662337663 0.0910958904109589 0.7531168831168832 0.07143835616438356 0.7248051948051948 0.07143835616438356 0.7120129870129871 0.04773972602739726 0.7287012987012987 0.040273972602739724 0.7646753246753247 0.03284246575342466 0.7942207792207793 0.05924657534246575 0.7967532467532468
0 0.6524315068493151 0.4505844155844156 0.6896917808219177 0.4441558441558442 0.6930479452054795 0.34136363636363637 0.6835958904109589 0.25272727272727274 0.6429452054794521 0.22448051948051947 0.6029452054794521 0.2501948051948052 0.6198972602739725 0.307987012987013 0.6246232876712329 0.37733766233766236 0.6524315068493151 0.4505844155844156
0 0.4363013698630137 0.15253246753246752 0.4403424657534247 0.17824675324675324 0.4721917808219178 0.1846753246753247 0.47489726027397255 0.1487012987012987 0.4525342465753424 0.1294155844155844 0.4363013698630137 0.15253246753246752
0 0.40784246575342464 0.4813636363636363 0.4118835616438356 0.5070779220779221 0.42883561643835616 0.5135064935064935 0.4254452054794521 0.4775324675324676 0.408527397260274 0.4505844155844156 0.40784246575342464 0.4813636363636363
0 0.7369520547945205 0 0.7289726027397261 0.016363636363636365 0.7465753424657534 0.02409090909090909 0.7676027397260273 0.02279220779220779 0.7716438356164383 0.012532467532467532 0.7716438356164383 0.011233766233766233 0.7689383561643836 0.0035064935064935067 0.7655479452054794 0.002207792207792208 0.7581164383561644 0.000974025974025974 0.7472602739726028 0.000974025974025974 0.7397945205479453 0 0.7369520547945205 0