0 0.20241206030150755 0.1655 0.21690954773869348 0.20994444444444443 0.2593467336683417 0.21858333333333332 0.26829145728643217 0.1753611111111111 0.24595477386934675 0.13822222222222222 0.20351758793969849 0.14202777777777778 0.20241206030150755 0.1655
0 0.8720854271356784 0.7665 0.8496231155778894 0.73575 0.8239698492462312 0.7168333333333333 0.7929648241206031 0.7156666666666667 0.7608793969849246 0.7180277777777778 0.7234673366834171 0.73575 0.6913819095477387 0.7747777777777778 0.6817587939698492 0.8350555555555556 0.7234673366834171 0.9118888888888889 0.7555276381909547 0.9556111111111111 0.7705025125628141 0.9768888888888889 0.7929648241206031 0.9816111111111111 0.8100502512562814 0.96625 0.8804020100502512 0.9888888888888889 0.871608040201005 0.9375 0.8962311557788945 0.9083333333333333 0.8945226130653265 0.8634166666666666 0.8923869346733668 0.8456944444444444 0.8720854271356784 0.7665
0 0.21690954773869348 0.46302777777777776 0.23477386934673367 0.46425 0.24819095477386935 0.4506666666666667 0.23032663316582916 0.4321666666666667 0.21690954773869348 0.4506666666666667 0.21690954773869348 0.46302777777777776
0 0.1677889447236181 0.3766111111111111 0.1342713567839196 0.3888333333333333 0.1342713567839196 0.4036388888888889 0.16889447236180904 0.3963611111111111 0.1677889447236181 0.3766111111111111
0 0.22472361809045224 0.24686111111111111 0.21467336683417085 0.2604444444444445 0.21804020100502514 0.28019444444444447 0.2492964824120603 0.28525 0.2772110552763819 0.2951111111111111 0.2749748743718593 0.2703055555555556 0.25824120603015077 0.24080555555555555 0.22472361809045224 0.24686111111111111
0 0.06728643216080402 0.3913055555555556 0.05386934673366835 0.38019444444444445 0.049422110552763826 0.3766111111111111 0.04773869346733668 0.38027777777777777 0.04773869346733668 0.405 0.05052763819095477 0.4185833333333333 0.0650502512562814 0.4024166666666667 0.06728643216080402 0.3913055555555556
0 0.250427135678392 0.07030555555555555 0.2314321608040201 0.10241666666666666 0.2571105527638191 0.11352777777777777 0.2928643216080402 0.09883333333333333 0.3241206030150754 0.050666666666666665 0.30178391959798995 0.04808333333333333 0.250427135678392 0.07030555555555555
0 0.20128140703517589 0.6395555555555555 0.1934673366834171 0.6715555555555556 0.2057537688442211 0.6766111111111112 0.23701005025125627 0.6741388888888888 0.2526633165829146 0.6555 0.2414824120603015 0.6345 0.20128140703517589 0.6395555555555555
0 0.48268844221105534 0.09994444444444443 0.5173115577889447 0.08772222222222222 0.5206532663316583 0.05438888888888888 0.4860301507537688 0.04080555555555555 0.4625879396984925 0.06908333333333333 0.48268844221105534 0.09994444444444443
0 0.3207788944723618 0.12216666666666666 0.31964824120603014 0.1468611111111111 0.3409547738693467 0.15916666666666665 0.3598492462311558 0.13091666666666668 0.35203517587939703 0.0963611111111111 0.34198492462311564 0.09005555555555556 0.3207788944723618 0.12216666666666666
0 0.43133165829145725 0.4543888888888889 0.41791457286432165 0.45191666666666663 0.3967085427135678 0.4567222222222222 0.3833165829145729 0.4741388888888889 0.39223618090452267 0.4864722222222222 0.4067587939698492 0.48266666666666663 0.42796482412060305 0.4728888888888889 0.43133165829145725 0.4543888888888889
0 0.6993216080402009 0.5258611111111111 0.7082663316582914 0.5395555555555556 0.721608040201005 0.5505555555555556 0.7540452261306533 0.5271111111111111 0.7439949748743719 0.5122777777777777 0.7216582914572865 0.5110555555555555 0.6993216080402009 0.5258611111111111
0 0.5160301507537688 0.9958055555555556 0.5427638190954774 0.997 0.5694974874371859 0.9887222222222222 0.5694974874371859 0.9496944444444444 0.5481155778894472 0.9556111111111111 0.5160301507537688 0.9958055555555556
0 0.5737688442211055 0.6648333333333334 0.5566582914572865 0.6778333333333334 0.5566582914572865 0.7286666666666667 0.5705778894472362 0.7310277777777778 0.5951507537688442 0.7133055555555556 0.5930150753768845 0.6884722222222222 0.5737688442211055 0.6648333333333334
0 0.3310804020100503 0.5525555555555555 0.33 0.5655555555555556 0.3407035175879397 0.5809166666666666 0.35994974874371855 0.5832777777777778 0.3310804020100503 0.5525555555555555
0 0.3674120603015075 0.5986388888888888 0.36100502512562815 0.6211111111111111 0.39095477386934674 0.6518333333333334 0.41766331658291456 0.64 0.4198241206030151 0.614 0.402713567839196 0.5868333333333333 0.3674120603015075 0.5986388888888888
0 0.15894472361809045 0.5856388888888889 0.16427135678391958 0.5998333333333333 0.1878140703517588 0.6010000000000001 0.19100502512562814 0.5915555555555556 0.15894472361809045 0.5856388888888889
0 0.21133165829145728 0.7511388888888889 0.23057788944723617 0.7712222222222221 0.25409547738693467 0.7653055555555556 0.2743969849246231 0.7593888888888889 0.2743969849246231 0.7463888888888889 0.26690954773869346 0.73575 0.2551507537688442 0.7322222222222223 0.21238693467336683 0.7298611111111111 0.2091959798994975 0.7404999999999999 0.15894472361809045 0.7333888888888889 0.18032663316582914 0.7570277777777777 0.21133165829145728 0.7511388888888889
0 0.04773869346733668 0.28825 0.056281407035175875 0.3090555555555556 0.06484924623115577 0.3185 0.08301507537688442 0.33622222222222226 0.09158291457286433 0.3445 0.12577889447236182 0.2925 0.08515075376884422 0.2795 0.06912060301507537 0.26530555555555557 0.050954773869346735 0.26766666666666666 0.04773869346733668 0.2768888888888889 0.04773869346733668 0.28825
0 0.17603015075376885 0.07972222222222222 0.16748743718592965 0.09155555555555556 0.16108040201005025 0.11283333333333333 0.1685678391959799 0.114 0.1771105527638191 0.10811111111111112 0.207035175879397 0.10572222222222223 0.17603015075376885 0.07972222222222222