0 0.5425531914893617 0.32618556701030926 0.5231382978723403 0.3325773195876289 0.5218085106382978 0.35917525773195874 0.5426329787234042 0.3712164948453608 0.567845744680851 0.35364948453608247 0.5614627659574468 0.33014432989690723 0.5425531914893617 0.32618556701030926
0 0.41007978723404254 0.18507216494845363 0.42109042553191495 0.20109278350515464 0.4390159574468085 0.2007422680412371 0.4454521276595745 0.18185567010309278 0.420186170212766 0.17723711340206183 0.41007978723404254 0.18507216494845363
0 0.266436170212766 0.1028041237113402 0.27414893617021274 0.12032989690721649 0.32821808510638295 0.12032989690721649 0.3419946808510638 0.08014432989690722 0.27803191489361706 0.08441237113402061 0.266436170212766 0.1028041237113402
0 0.8645478723404255 0.039113402061855665 0.8492287234042554 0.03639175257731959 0.8345478723404256 0.03416494845360825 0.8272074468085105 0.03936082474226804 0.8371010638297872 0.05791752577319587 0.8568882978723404 0.05865979381443299 0.8645478723404255 0.039113402061855665
0 0.832313829787234 0.055443298969072165 0.8205053191489361 0.05 0.8032712765957446 0.05074226804123711 0.8016755319148936 0.05841237113402061 0.8118882978723404 0.06905154639175258 0.8316755319148935 0.06608247422680412 0.832313829787234 0.055443298969072165
0 0.31492021276595744 0.4777938144329897 0.3165691489361702 0.48721649484536084 0.3215425531914894 0.4961855670103093 0.34688829787234043 0.4867835051546392 0.3320212765957447 0.478659793814433 0.31492021276595744 0.4777938144329897
0 0.5898936170212766 0.5490721649484537 0.6071808510638298 0.5571134020618557 0.6188829787234043 0.5503092783505155 0.6146276595744681 0.5432989690721649 0.6031914893617022 0.5412371134020618 0.5898936170212766 0.5490721649484537
0 0.07329787234042554 0.6881030927835052 0.049574468085106384 0.7017731958762887 0.03922872340425532 0.729381443298969 0.057606382978723406 0.7412577319587629 0.07638297872340426 0.7338350515463918 0.08978723404255319 0.7088865979381443 0.07329787234042554 0.6881030927835052
0 0.002446808510638298 0.6711958762886597 0.013563829787234041 0.6931546391752578 0.043058510638297874 0.6970103092783505 0.040372340425531915 0.6786185567010309 0.010106382978723403 0.6593195876288659 0.002446808510638298 0.6711958762886597
0 0.012420212765957447 0.8371546391752577 0.02045212765957447 0.8496288659793815 0.06603723404255318 0.8434020618556701 0.06986702127659575 0.8154845360824742 0.03117021276595745 0.8145979381443299 0.012420212765957447 0.8371546391752577
0 0.41553191489361707 0.8802268041237113 0.397154255319149 0.8684742268041237 0.3829255319148936 0.8652577319587629 0.3806117021276596 0.87059793814433 0.38888297872340427 0.891979381443299 0.4095744680851064 0.8948247422680412 0.41553191489361707 0.8802268041237113
0 0.5656914893617021 0.9995876288659794 0.5691489361702128 0.9938144329896907 0.5646276595744681 0.989278350515464 0.5547872340425531 0.9898969072164949 0.5529255319148937 0.9981443298969073 0.5553191489361703 0.9991752577319588 0.5617021276595744 0.9997938144329896 0.5656914893617021 0.9995876288659794
0 0.7274468085106383 0.8482680412371134 0.7303191489361702 0.8616288659793814 0.7625531914893617 0.863360824742268 0.7657446808510638 0.8462886597938144 0.7456382978723405 0.8341649484536082 0.7274468085106383 0.8482680412371134
0 0.4384840425531915 0.6202680412371133 0.41454787234042556 0.6116082474226804 0.40550531914893617 0.6186185567010308 0.4057712765957447 0.6425360824742268 0.4180053191489361 0.6641855670103093 0.4310372340425532 0.6637731958762887 0.4384840425531915 0.6202680412371133
0 0.19186170212765957 0.5152783505154639 0.15470744680851065 0.5190309278350516 0.14824468085106385 0.528639175257732 0.15686170212765957 0.5499175257731959 0.18486702127659577 0.5541030927835052 0.1999468085106383 0.5365773195876289 0.19186170212765957 0.5152783505154639
0 0.22029255319148935 0.7736288659793814 0.2431648936170213 0.8244536082474228 0.3132978723404255 0.8232783505154639 0.3285372340425532 0.7783505154639175 0.275186170212766 0.7618144329896908 0.22029255319148935 0.7736288659793814
0 0.7367021276595744 0.7131134020618557 0.7199202127659574 0.7308453608247423 0.755 0.7355670103092784 0.7702393617021277 0.7190103092783505 0.7458510638297873 0.7178350515463917 0.7367021276595744 0.7131134020618557
0 0.9135372340425533 0.3311134020618557 0.9357446808510638 0.3162680412371134 0.9311436170212767 0.2942886597938144 0.8947606382978723 0.2827216494845361 0.8809840425531915 0.2880618556701031 0.8748404255319149 0.299340206185567 0.8825 0.326659793814433 0.9135372340425533 0.3311134020618557