0 0.5155376344086021 0.5925748502994012 0.4867204301075269 0.6110778443113772 0.5011290322580645 0.6295808383233533 0.525483870967742 0.6209580838323353 0.5155376344086021 0.5925748502994012
0 0.3004301075268817 0.03305389221556886 0.3174193548387097 0.06970059880239521 0.3513978494623656 0.06143712574850299 0.37790322580645164 0.01652694610778443 0.34607526881720435 0.004730538922155689 0.305752688172043 0.005868263473053892 0.3004301075268817 0.03305389221556886
0 0.5413440860215054 0.2647305389221557 0.5816666666666667 0.26239520958083834 0.5954838709677419 0.22694610778443114 0.5753225806451613 0.2080239520958084 0.5286021505376344 0.20449101796407185 0.5413440860215054 0.2647305389221557
0 0.8151612903225807 0.011796407185628742 0.790752688172043 0.050778443113772456 0.868225806451613 0.04610778443113773 0.8544086021505376 0.007065868263473054 0.8151612903225807 0.011796407185628742
0 0.9043010752688171 0.35694610778443114 0.9064516129032257 0.3876646706586826 0.9372043010752688 0.38293413173652696 0.9435483870967742 0.3593413173652695 0.9043010752688171 0.35694610778443114
0 0.30150537634408603 0.5425149700598803 0.3205913978494624 0.5319161676646706 0.30258064516129035 0.5094610778443114 0.2876881720430107 0.5129940119760479 0.2802688172043011 0.5283233532934132 0.30150537634408603 0.5425149700598803
0 0.2579569892473118 0.561437125748503 0.23887096774193547 0.5980838323353294 0.28876344086021505 0.6146107784431137 0.31526881720430106 0.602814371257485 0.29301075268817206 0.568562874251497 0.2675268817204301 0.5579041916167665 0.2579569892473118 0.561437125748503
0 0.5519354838709677 0.7635928143712575 0.5954838709677419 0.787185628742515 0.6071505376344086 0.7611976047904192 0.6039784946236559 0.7352095808383233 0.5816666666666667 0.7304790419161676 0.5392473118279569 0.7068263473053893 0.5095161290322581 0.7659281437125748 0.522258064516129 0.7919161676646707 0.5519354838709677 0.7635928143712575
0 0.32698924731182794 0.8486826347305388 0.3205913978494624 0.8167664670658683 0.30258064516129035 0.8179640718562874 0.2579569892473118 0.815568862275449 0.2675268817204301 0.8912574850299402 0.3174193548387097 0.897125748502994 0.31209677419354837 0.8640718562874252 0.32698924731182794 0.8486826347305388
0 0.710752688172043 0.4754491017964072 0.6752688172043011 0.5335329341317365 0.7016129032258065 0.6023952095808383 0.7620967741935484 0.5720958083832336 0.7759139784946236 0.5141916167664671 0.7811827956989248 0.4716167664670659 0.710752688172043 0.4754491017964072
0 0.4002688172043011 0.3530538922155689 0.38360215053763436 0.36419161676646705 0.3736559139784946 0.41233532934131734 0.3791935483870968 0.43700598802395213 0.4246236559139785 0.41970059880239524 0.4268279569892473 0.36790419161676646 0.4002688172043011 0.3530538922155689
0 0.22510752688172042 0.15550898203592814 0.23618279569892472 0.12592814371257485 0.19182795698924732 0.12838323353293413 0.16526881720430106 0.13826347305389222 0.14306451612903226 0.17778443113772455 0.12865591397849463 0.17035928143712575 0.1264516129032258 0.1332934131736527 0.10763440860215054 0.11724550898203592 0.08763440860215053 0.1332934131736527 0.08209677419354838 0.17035928143712575 0.09096774193548388 0.20988023952095808 0.15193548387096775 0.22712574850299402 0.20403225806451614 0.19748502994011974 0.22510752688172042 0.15550898203592814
0 0.7770967741935484 0.7913173652694611 0.7993010752688171 0.7876047904191616 0.8070430107526883 0.7641916167664671 0.7826881720430108 0.7493413173652694 0.7604838709677418 0.7802395209580839 0.7770967741935484 0.7913173652694611
0 0.30048387096774193 0.7950299401197606 0.33043010752688173 0.7974850299401198 0.33817204301075265 0.7604790419161677 0.31048387096774194 0.7160479041916168 0.3038172043010753 0.7197604790419162 0.26946236559139786 0.7135329341317365 0.24618279569892473 0.7444311377245508 0.2727956989247312 0.7765269461077845 0.30048387096774193 0.7950299401197606
0 0.35698924731182796 0.9814371257485031 0.3813978494623656 0.9864071856287424 0.39580645161290323 0.972814371257485 0.38360215053763436 0.9518562874251497 0.35698924731182796 0.9567664670658683 0.35698924731182796 0.9814371257485031