0 0.27595744680851064 0.8049468085106384 0.27595744680851064 0.8210106382978724 0.29202127659574467 0.829627659574468 0.3006382978723404 0.8247340425531916 0.29819148936170214 0.8049468085106384 0.27595744680851064 0.8049468085106384
0 0.6833510638297873 0.8395212765957447 0.6907446808510639 0.8098936170212766 0.6561702127659574 0.8025 0.6611170212765958 0.830904255319149 0.6833510638297873 0.8395212765957447
0 0.7961170212765957 0.7848936170212766 0.8067553191489361 0.8168085106382978 0.8493085106382978 0.8297872340425532 0.8740957446808512 0.8014361702127659 0.8788297872340426 0.7647872340425532 0.8540425531914894 0.7576595744680851 0.818563829787234 0.7423404255319149 0.7961170212765957 0.7848936170212766
0 0.4154787234042553 0.8439893617021276 0.4946808510638298 0.8002127659574468 0.48638297872340425 0.7967021276595745 0.4745744680851064 0.7435106382978723 0.4143085106382979 0.7151063829787234 0.3634574468085106 0.778936170212766 0.4154787234042553 0.8439893617021276
0 0.2677127659574468 0.6619148936170213 0.21218085106382978 0.6465957446808511 0.19914893617021276 0.7032978723404255 0.22164893617021278 0.7435106382978723 0.26893617021276595 0.7163297872340425 0.2677127659574468 0.6619148936170213
0 0.1471808510638298 0.22930851063829788 0.14244680851063832 0.2742553191489362 0.18617021276595744 0.3026063829787234 0.23106382978723403 0.2777659574468085 0.2275531914893617 0.2505851063829787 0.21101063829787234 0.20569148936170215 0.18143617021276595 0.20212765957446807 0.1471808510638298 0.22930851063829788
0 0.48457446808510635 0.44074468085106383 0.5093085106382979 0.4543617021276596 0.5240957446808511 0.4370744680851064 0.5142021276595745 0.4049468085106383 0.4994148936170213 0.39877659574468083 0.48707446808510635 0.40127659574468083 0.48212765957446807 0.41484042553191486 0.48457446808510635 0.44074468085106383
0 0.6451063829787234 0.6259574468085106 0.6339893617021276 0.6370744680851064 0.6376595744680851 0.6469148936170213 0.6611170212765958 0.6358510638297873 0.6648404255319149 0.6222340425531915 0.6451063829787234 0.6259574468085106
0 0.8475531914893617 0.9222340425531914 0.8475531914893617 0.886436170212766 0.8129787234042554 0.860531914893617 0.7907446808510639 0.8839893617021276 0.7994148936170212 0.9284042553191489 0.837659574468085 0.9617553191489362 0.8475531914893617 0.9222340425531914
0 0.5302659574468085 0.8259574468085107 0.5314893617021277 0.8951063829787234 0.566063829787234 0.9247340425531915 0.6167021276595744 0.918563829787234 0.6561702127659574 0.8679255319148935 0.6352127659574468 0.8506382978723404 0.5882978723404255 0.8506382978723404 0.5833510638297873 0.818563829787234 0.5611170212765957 0.8049468085106384 0.5302659574468085 0.8259574468085107
0 0.3549468085106383 0.7555851063829788 0.37223404255319154 0.7382978723404255 0.36111702127659573 0.7234574468085105 0.34382978723404256 0.7407446808510638 0.3549468085106383 0.7555851063829788
0 0.6424468085106383 0.3841489361702128 0.681436170212766 0.37117021276595746 0.7370212765957447 0.31324468085106383 0.7783510638297872 0.2695212765957447 0.7334574468085105 0.23170212765957449 0.6932446808510639 0.2151063829787234 0.6353191489361703 0.20095744680851063 0.5987234042553191 0.2175 0.5608510638297872 0.2553191489361702 0.5431382978723405 0.2671276595744681 0.5292553191489362 0.30851063829787234 0.5234042553191489 0.3574468085106383 0.5638297872340425 0.3952127659574468 0.6424468085106383 0.3841489361702128