0 0.5388095238095237 0.21237410071942445 0.5285714285714286 0.2346043165467626 0.534702380952381 0.2642446043165467 0.5551785714285714 0.2715827338129496 0.5694642857142858 0.26050359712230214 0.5704761904761905 0.238273381294964 0.5592261904761905 0.21115107913669065 0.5388095238095237 0.21237410071942445
0 0.23107142857142857 0.6442446043165467 0.21440476190476193 0.6206474820143885 0.19976190476190478 0.6194244604316547 0.1948809523809524 0.6489928057553956 0.20369047619047617 0.6856115107913668 0.21636904761904763 0.6986330935251799 0.2280952380952381 0.6986330935251799 0.23595238095238097 0.6726618705035972 0.23107142857142857 0.6442446043165467
0 0.7357142857142857 0.887769784172662 0.7180952380952381 0.8771223021582734 0.6916666666666667 0.8712230215827338 0.6642857142857143 0.87 0.6545238095238095 0.9102158273381294 0.68875 0.9279136690647481 0.7200595238095238 0.9326618705035971 0.7376785714285715 0.9184892086330936 0.7357142857142857 0.887769784172662
0 0.17720238095238094 0.40618705035971225 0.21910714285714286 0.4123741007194245 0.24565476190476193 0.39258992805755394 0.23339285714285715 0.35805755395683453 0.19148809523809524 0.3481294964028777 0.17107142857142857 0.3777697841726619 0.17720238095238094 0.40618705035971225
0 0.5582142857142858 0.2839568345323741 0.5418452380952381 0.3012230215827338 0.5500595238095238 0.3420143884892086 0.6031547619047619 0.36424460431654676 0.618452380952381 0.33705035971223024 0.6164285714285714 0.30000000000000004 0.5867857142857142 0.2802877697841727 0.5582142857142858 0.2839568345323741
0 0.5827380952380953 0.4851798561151079 0.6133928571428571 0.4802877697841727 0.6245833333333334 0.4543165467625899 0.6154166666666667 0.42841726618705034 0.6001190476190476 0.3975539568345324 0.5694642857142858 0.36913669064748206 0.5479761904761905 0.3629496402877698 0.5296428571428572 0.3827338129496403 0.534702380952381 0.4197841726618705 0.5469642857142857 0.42467625899280576 0.5602380952380953 0.43460431654676257 0.5602380952380953 0.4642446043165468 0.5827380952380953 0.4851798561151079
0 0.6613690476190476 0.40863309352517985 0.6900000000000001 0.4197841726618705 0.6910119047619048 0.3975539568345324 0.6858928571428572 0.3876978417266187 0.6644642857142857 0.38151079136690647 0.65625 0.39136690647482014 0.6613690476190476 0.40863309352517985
0 0.5029166666666667 0.3523021582733813 0.5097619047619047 0.3428057553956834 0.5097619047619047 0.32273381294964026 0.5097619047619047 0.31093525179856113 0.5 0.30503597122302156 0.46869047619047616 0.29676258992805754 0.45011904761904764 0.30971223021582733 0.45208333333333334 0.33575539568345325 0.4598809523809524 0.34992805755395684 0.47851190476190475 0.3451798561151079 0.5029166666666667 0.3523021582733813
0 0.763095238095238 0.26366906474820145 0.7572023809523809 0.26007194244604315 0.7464285714285714 0.23410071942446042 0.7317857142857143 0.2305755395683453 0.7278571428571429 0.23647482014388488 0.7298214285714286 0.26007194244604315 0.7288690476190476 0.2837410071942446 0.7395833333333334 0.299136690647482 0.7523214285714286 0.2837410071942446 0.763095238095238 0.26366906474820145
0 0.36601190476190476 0.21402877697841727 0.38654761904761903 0.21402877697841727 0.40511904761904766 0.20215827338129497 0.39732142857142855 0.17733812949640287 0.37386904761904766 0.18798561151079135 0.35035714285714287 0.20805755395683453 0.36601190476190476 0.21402877697841727
0 0.6339880952380953 0.28611510791366906 0.6359523809523809 0.2506474820143885 0.6183333333333333 0.2328776978417266 0.5988095238095238 0.24115107913669068 0.6183333333333333 0.261294964028777 0.6339880952380953 0.28611510791366906
0 0.6741071428571429 0.07928057553956834 0.68875 0.08755395683453238 0.6985119047619047 0.0697841726618705 0.6858333333333333 0.05913669064748202 0.6741071428571429 0.07928057553956834
0 0.816845238095238 0.1537410071942446 0.831547619047619 0.15014388489208633 0.8501190476190476 0.11705035971223021 0.8236904761904762 0.12064748201438849 0.816845238095238 0.1537410071942446
0 0.5684523809523809 0.7328776978417266 0.5371428571428571 0.7282014388489209 0.5469642857142857 0.7707194244604316 0.5616071428571429 0.7872661870503598 0.5889880952380953 0.7884892086330935 0.6105357142857143 0.7541726618705036 0.5860714285714286 0.7210791366906475 0.5684523809523809 0.7328776978417266
0 0.9136904761904762 0.6146762589928058 0.893154761904762 0.601726618705036 0.8697023809523811 0.5993525179856115 0.8628571428571429 0.626546762589928 0.870654761904762 0.6584172661870503 0.8980357142857143 0.6548920863309352 0.9371428571428572 0.6572661870503597 0.930297619047619 0.6489928057553956 0.9136904761904762 0.6146762589928058
0 0.534702380952381 0.9963309352517986 0.5714880952380953 0.992589928057554 0.5847619047619047 0.9666906474820144 0.5786309523809523 0.9481294964028777 0.5469642857142857 0.9308633093525179 0.5163095238095238 0.9629496402877697 0.534702380952381 0.9963309352517986