0 0.46195555555555556 0.39060913705583755 0.4968 0.3738578680203046 0.5050222222222222 0.3309137055837563 0.4692888888888889 0.3372081218274112 0.43995555555555554 0.3633502538071066 0.46195555555555556 0.39060913705583755
0 0.613111111111111 0.20482233502538072 0.6255555555555555 0.2485786802030457 0.6565777777777777 0.2580203045685279 0.6545333333333334 0.19538071065989848 0.613111111111111 0.20482233502538072
0 0.6152 0.480253807106599 0.6120888888888889 0.5476142131979695 0.6648888888888889 0.5783756345177665 0.6741777777777778 0.4838071065989848 0.6152 0.480253807106599
0 0.7275111111111111 0.09401015228426396 0.7527111111111112 0.09314720812182742 0.7534666666666666 0.06781725888324873 0.7320888888888889 0.06345177664974619 0.7168 0.07568527918781726 0.7275111111111111 0.09401015228426396
0 0.9328888888888889 0.14304568527918782 0.9317777777777778 0.07644670050761422 0.9164 0.045025380710659896 0.8844888888888889 0.04751269035532995 0.8283555555555555 0.05883248730964467 0.8217333333333333 0.11289340101522842 0.8679555555555555 0.1468020304568528 0.9185777777777778 0.17822335025380712 0.9328888888888889 0.14304568527918782
0 0.8118666666666666 0.3504060913705584 0.8239555555555554 0.34664974619289346 0.8217333333333333 0.320253807106599 0.8030222222222223 0.31644670050761425 0.7898222222222222 0.34035532994923856 0.8118666666666666 0.3504060913705584
0 0.8404444444444444 0.7160913705583756 0.8657777777777779 0.6959898477157361 0.8712444444444445 0.6608121827411167 0.8690666666666667 0.606751269035533 0.8426666666666667 0.5640609137055838 0.8008444444444445 0.5514720812182741 0.7469333333333333 0.560253807106599 0.7326222222222223 0.6633502538071067 0.8008444444444445 0.7148730964467006 0.8404444444444444 0.7160913705583756
0 0.6754222222222223 0.8983248730964467 0.6919111111111111 0.878223350253807 0.6864 0.8304568527918782 0.6391111111111112 0.836751269035533 0.6336 0.8895431472081219 0.6754222222222223 0.8983248730964467
0 0.46524444444444446 0.9033502538071067 0.42671111111111115 0.9486294416243655 0.45315555555555553 0.9737563451776651 0.4861333333333333 0.9473604060913705 0.46524444444444446 0.9033502538071067
0 0.33542222222222223 0.3792893401015228 0.39262222222222226 0.36923857868020304 0.3739111111111111 0.32274111675126904 0.3310222222222222 0.27375634517766495 0.2253777777777778 0.21969543147208123 0.14724444444444446 0.24984771573604062 0.09884444444444444 0.29258883248730966 0.09444444444444444 0.40192893401015234 0.10324444444444444 0.49116751269035536 0.20995555555555556 0.5326395939086295 0.23528888888888888 0.5339086294416244 0.2672 0.5288324873096447 0.3056888888888889 0.5162944162436548 0.34528888888888887 0.5414213197969543 0.37279999999999996 0.5225888324873097 0.3596 0.4861421319796954 0.34528888888888887 0.4458883248730965 0.33542222222222223 0.4145177664974619 0.31448888888888893 0.38685279187817256 0.33542222222222223 0.3792893401015228
0 0.3950222222222222 0.4314213197969543 0.40968888888888894 0.42096446700507617 0.41333333333333333 0.3801015228426396 0.38582222222222223 0.38223350253807103 0.37208888888888886 0.41888324873096444 0.3950222222222222 0.4314213197969543