0 0.4730575539568345 0.2073127753303965 0.4571223021582734 0.2048898678414097 0.4551079136690647 0.22929515418502203 0.45611510791366905 0.23784140969162995 0.47007194244604317 0.24026431718061675 0.4770143884892087 0.23171806167400882 0.4730575539568345 0.2073127753303965
0 0.8744244604316547 0.22563876651982379 0.9162589928057554 0.24757709251101323 0.9491366906474821 0.23537444933920704 0.9580935251798562 0.20365638766519822 0.9302158273381296 0.15731277533039648 0.8893884892086331 0.16220264317180616 0.8704316546762589 0.16220264317180616 0.8644604316546762 0.1817180616740088 0.8744244604316547 0.22563876651982379
0 0.7051079136690648 0.41101321585903083 0.6941726618705035 0.4256828193832599 0.6722302158273381 0.45127753303964757 0.6694244604316547 0.479295154185022 0.6722302158273381 0.5098237885462555 0.6961510791366906 0.5293392070484582 0.7459352517985611 0.5366519823788546 0.7748201438848921 0.517136563876652 0.772841726618705 0.4769162995594714 0.7469424460431655 0.43176211453744495 0.7290287769784172 0.41837004405286343 0.7051079136690648 0.41101321585903083
0 0.6164748201438849 0.4293392070484581 0.5855755395683453 0.4293392070484581 0.5746402877697842 0.46105726872246694 0.5746402877697842 0.4695594713656388 0.5806115107913669 0.4976211453744493 0.5955395683453237 0.5159471365638767 0.6114748201438849 0.5183700440528635 0.6364028776978417 0.5147136563876652 0.6592805755395683 0.5134801762114538 0.6632733812949639 0.4878854625550661 0.6583093525179856 0.4622466960352423 0.6493525179856116 0.4488546255506608 0.6164748201438849 0.4293392070484581
0 0.20910071942446043 0.7964757709251101 0.1981654676258993 0.8281938325991189 0.2031294964028777 0.8806607929515419 0.2360071942446043 0.9025991189427313 0.2798201438848921 0.8903964757709252 0.30769784172661874 0.8672246696035243 0.3166546762589928 0.8318502202643172 0.308705035971223 0.8025550660792952 0.2788129496402878 0.7903964757709251 0.2260431654676259 0.7818502202643172 0.20910071942446043 0.7964757709251101
0 0.4601079136690647 0.8562555066079295 0.45212230215827337 0.8513656387665198 0.44514388489208634 0.8586784140969163 0.447158273381295 0.872114537444934 0.4551079136690647 0.872114537444934 0.46309352517985614 0.8672246696035243 0.4601079136690647 0.8562555066079295
0 0.2828057553956835 0.46590308370044053 0.2579136690647482 0.47933920704845817 0.2479496402877698 0.5049339207048459 0.2579136690647482 0.5391189427312775 0.2808273381294964 0.5329955947136563 0.2947482014388489 0.4988546255506608 0.2828057553956835 0.46590308370044053
0 0.05870503597122302 0.2817180616740088 0.05971223021582734 0.3170925110132159 0.08161870503597123 0.3281057268722467 0.13241007194244606 0.34149779735682817 0.19118705035971223 0.3549339207048458 0.23003597122302158 0.3256387665198238 0.22802158273381296 0.2622026431718062 0.19514388489208634 0.2341850220264317 0.1573021582733813 0.23171806167400882 0.13341726618705038 0.2341850220264317 0.07266187050359713 0.2548898678414097 0.05870503597122302 0.2817180616740088
0 0.8535251798561151 0.872114537444934 0.8525179856115108 0.8611453744493391 0.8445323741007195 0.8574449339207048 0.839568345323741 0.8586784140969163 0.8355755395683453 0.8769603524229075 0.8385611510791368 0.8867400881057268 0.8495323741007194 0.8855066079295154 0.8535251798561151 0.872114537444934
0 0.44514388489208634 0.3988546255506608 0.44417266187050364 0.3914977973568282 0.4382014388489208 0.37563876651982375 0.43021582733812946 0.37563876651982375 0.4252517985611511 0.39396475770925116 0.42823741007194244 0.3963876651982379 0.43719424460431655 0.40370044052863435 0.44514388489208634 0.3988546255506608
0 0.8465467625899281 0.2866079295154185 0.8495323741007194 0.285374449339207 0.8605035971223022 0.27806167400881054 0.8525179856115108 0.2683259911894273 0.8465467625899281 0.2646696035242291 0.8355755395683453 0.2646696035242291 0.8385611510791368 0.27806167400881054 0.839568345323741 0.28295154185022026 0.8465467625899281 0.2866079295154185