0 0.6447004608294931 0.09025510204081633 0.6725345622119816 0.09025510204081633 0.6858064516129032 0.07627551020408163 0.6745622119815669 0.05428571428571429 0.6406912442396313 0.05204081632653061 0.6340552995391705 0.06964285714285715 0.6447004608294931 0.09025510204081633
0 0.40304147465437784 0.781530612244898 0.38599078341013826 0.7780102040816327 0.3711520737327189 0.8430102040816326 0.40304147465437784 0.8418367346938775 0.43935483870967745 0.8335714285714285 0.43304147465437787 0.7909693877551021 0.42023041474654377 0.7851020408163265 0.40304147465437784 0.781530612244898
0 0.8141935483870968 0.7992857142857143 0.8889400921658986 0.7980612244897959 0.89 0.7626020408163265 0.8184792626728111 0.725969387755102 0.8163594470046083 0.7437244897959184 0.8012903225806451 0.7767857142857143 0.8141935483870968 0.7992857142857143
0 0.3156221198156682 0.5923979591836734 0.36046082949308755 0.5900510204081633 0.3635483870967742 0.5498469387755102 0.3156221198156682 0.5380612244897959 0.3156221198156682 0.5923979591836734
0 0.20138248847926268 0.3004591836734694 0.18847926267281107 0.2720918367346939 0.1415668202764977 0.2696938775510204 0.1415668202764977 0.34066326530612245 0.19069124423963135 0.34183673469387754 0.20138248847926268 0.3004591836734694
0 0.2974654377880184 0.16688775510204082 0.2483410138248848 0.1408673469387755 0.22377880184331797 0.1751530612244898 0.20350230414746542 0.22479591836734694 0.2793087557603687 0.22714285714285715 0.2974654377880184 0.16688775510204082
0 0.15889400921658986 0.9629591836734694 0.15013824884792626 0.9347448979591837 0.12147465437788019 0.9435204081632653 0.11829493087557605 0.9691326530612244 0.13502304147465438 0.9876020408163265 0.15889400921658986 0.9629591836734694
0 0.8166820276497696 0.40933673469387755 0.805668202764977 0.3930102040816327 0.7899539170506912 0.40066326530612245 0.7904608294930876 0.4215816326530612 0.8070046082949309 0.4251530612244898 0.8166820276497696 0.40933673469387755
0 0.783963133640553 0.3838265306122449 0.7752073732718894 0.37362244897959185 0.7613824884792627 0.3817857142857143 0.7599999999999999 0.3981122448979592 0.7766359447004608 0.4067857142857143 0.783963133640553 0.3838265306122449
0 0.7628110599078342 0.4312755102040816 0.763225806451613 0.4465816326530612 0.7775115207373272 0.44760204081632654 0.7904608294930876 0.4409693877551021 0.7890322580645162 0.4226020408163265 0.7743317972350231 0.4220918367346939 0.7628110599078342 0.4312755102040816
0 0.8374193548387097 0.4455612244897959 0.8448387096774194 0.4445408163265306 0.8544700460829493 0.43484693877551023 0.8517511520737328 0.42056122448979594 0.8383410138248847 0.4185204081632653 0.8300460829493088 0.4302551020408163 0.8374193548387097 0.4455612244897959