0 0.6201930501930502 0.2098974358974359 0.658030888030888 0.1931282051282051 0.6838996138996138 0.13758974358974357 0.7011583011583011 0.11292307692307692 0.6805791505791506 0.07851282051282052 0.6215057915057915 0.06 0.5976061776061776 0.07497435897435897 0.6022779922779923 0.13584615384615384 0.6055984555984556 0.1772820512820513 0.6069111969111969 0.20902564102564103 0.6201930501930502 0.2098974358974359
0 0.6474131274131274 0.6022051282051283 0.6845559845559847 0.5907692307692308 0.66996138996139 0.5325641025641026 0.6208494208494209 0.5378461538461539 0.6175289575289575 0.5651794871794872 0.6474131274131274 0.6022051282051283
0 0.8156756756756757 0.611948717948718 0.8059073359073359 0.6568205128205129 0.8281467181467181 0.6544615384615385 0.8833204633204633 0.6556410256410257 0.8655212355212355 0.6166666666666667 0.8352509652509653 0.6012820512820513 0.8156756756756757 0.611948717948718
0 0.7533976833976834 0.767948717948718 0.7347104247104247 0.7986666666666667 0.7462548262548263 0.8424102564102565 0.7854054054054054 0.8412307692307692 0.7907722007722008 0.8069743589743591 0.7791891891891892 0.7821538461538462 0.7533976833976834 0.767948717948718
0 0.17401544401544403 0.632 0.17135135135135135 0.6024615384615385 0.18115830115830117 0.5575384615384615 0.13664092664092664 0.5563589743589743 0.10907335907335908 0.5918461538461538 0.10104247104247105 0.6296410256410256 0.12687258687258687 0.6639487179487179 0.15266409266409267 0.676923076923077 0.17401544401544403 0.632
0 0.9277606177606177 0.6331282051282051 0.9626254826254826 0.6073846153846154 0.944942084942085 0.5427692307692308 0.9128571428571429 0.5574358974358975 0.905096525096525 0.5927179487179487 0.9277606177606177 0.6331282051282051
0 0.16247104247104246 0.3294358974358974 0.19181467181467182 0.3459487179487179 0.2132046332046332 0.3731794871794872 0.22474903474903477 0.3636923076923077 0.23366795366795368 0.32471794871794873 0.2372200772200772 0.26087179487179485 0.19922779922779923 0.1605128205128205 0.1138996138996139 0.19076923076923077 0.08185328185328185 0.22871794871794873 0.11884169884169885 0.28923076923076924 0.1393050193050193 0.3270769230769231 0.16247104247104246 0.3294358974358974
0 0.9277992277992279 0.2655897435897436 0.9055598455598455 0.2620512820512821 0.8904247104247105 0.2786153846153846 0.8699613899613899 0.306974358974359 0.901119691119691 0.32589743589743586 0.9242471042471042 0.332974358974359 0.9455984555984556 0.2856923076923077 0.9277992277992279 0.2655897435897436
0 0.4564864864864865 0.20671794871794874 0.4717760617760618 0.18200000000000002 0.4584942084942085 0.1458974358974359 0.4379150579150579 0.14148717948717948 0.4233204633204633 0.18200000000000002 0.4564864864864865 0.20671794871794874
0 0.09007722007722008 0.5196923076923077 0.11135135135135135 0.5082051282051282 0.10667953667953668 0.4614871794871795 0.08015444015444016 0.4500512820512821 0.06687258687258688 0.49323076923076925 0.09007722007722008 0.5196923076923077
0 0.4774903474903475 0.5246153846153846 0.4449420849420849 0.5166666666666667 0.42305019305019304 0.5325641025641026 0.42173745173745175 0.5669230769230769 0.44961389961389964 0.5951794871794872 0.47814671814671816 0.5863589743589743 0.4874517374517375 0.5563589743589743 0.4774903474903475 0.5246153846153846
0 0.48942084942084946 0.7132820512820514 0.47482625482625485 0.738 0.4754826254826255 0.7829230769230768 0.504015444015444 0.775897435897436 0.5259459459459459 0.7344615384615385 0.5232818532818533 0.7053846153846154 0.48942084942084946 0.7132820512820514
0 0.8092664092664092 0.7774358974358974 0.8286100386100387 0.7670769230769231 0.8274131274131274 0.7292307692307691 0.7999999999999999 0.7292307692307691 0.7806949806949807 0.7615384615384615 0.8092664092664092 0.7774358974358974