0 0.31456140350877193 0.1271604938271605 0.29467836257309943 0.1271604938271605 0.2857309941520468 0.1408641975308642 0.2897076023391813 0.1702469135802469 0.31853801169590645 0.15345679012345678 0.31456140350877193 0.1271604938271605
0 0.616140350877193 0.23308641975308642 0.6295906432748538 0.30049382716049383 0.6610526315789474 0.3158641975308642 0.7058479532163743 0.2969135802469136 0.7392982456140351 0.275679012345679 0.7931578947368421 0.22246913580246913 0.7584795321637426 0.19648148148148148 0.7863157894736843 0.17635802469135803 0.7853216374269005 0.1515432098765432 0.7674269005847952 0.13141975308641976 0.7370760233918129 0.1385185185185185 0.7192397660818713 0.1515432098765432 0.7068421052631579 0.13382716049382715 0.6709941520467836 0.1562962962962963 0.6397660818713451 0.20944444444444443 0.616140350877193 0.23308641975308642
0 0.14578947368421052 0.5865432098765432 0.13807017543859648 0.6184567901234568 0.17157894736842105 0.6314197530864198 0.19397660818713452 0.6373456790123457 0.18497076023391812 0.5794444444444444 0.14578947368421052 0.5865432098765432
0 0.4571345029239766 0.7532098765432098 0.4615789473684211 0.7791975308641975 0.4930409356725146 0.7496296296296296 0.5042690058479532 0.7271604938271605 0.47736842105263155 0.6940740740740741 0.46730994152046784 0.6811111111111111 0.453859649122807 0.6562962962962963 0.4201754385964912 0.6645679012345679 0.3921637426900585 0.671604938271605 0.4001169590643275 0.6988271604938271 0.4270175438596491 0.7437654320987654 0.4571345029239766 0.7532098765432098
0 0.4034502923976608 0.10425925925925926 0.37321637426900584 0.11370370370370371 0.3406432748538012 0.16098765432098763 0.36754385964912284 0.16925925925925928 0.39590643274853804 0.1845679012345679 0.43157894736842106 0.18024691358024691 0.42473684210526313 0.14919753086419754 0.4124561403508772 0.14092592592592593 0.4034502923976608 0.10425925925925926
0 0.4678947368421053 0.5748148148148149 0.4629239766081871 0.6021604938271605 0.47385964912280704 0.6578395061728395 0.5305847953216375 0.6599382716049382 0.5704093567251463 0.6220987654320987 0.5644444444444444 0.5779629629629629 0.5097076023391812 0.5601234567901234 0.4678947368421053 0.5748148148148149
0 0.6789473684210526 0.8648148148148148 0.719766081871345 0.8490740740740741 0.730701754385965 0.8091358024691359 0.7177777777777777 0.7808024691358024 0.667953216374269 0.7923456790123458 0.6440935672514619 0.8185802469135803 0.6789473684210526 0.8648148148148148
0 0.7914035087719299 0.7712962962962964 0.8431578947368421 0.7691975308641975 0.8601169590643276 0.7356172839506173 0.856140350877193 0.7051234567901234 0.8262573099415205 0.6967283950617285 0.785438596491228 0.7271604938271605 0.7914035087719299 0.7712962962962964
0 0.9069005847953218 0.7912962962962963 0.958654970760234 0.7608024691358025 0.955672514619883 0.7072222222222222 0.9228070175438597 0.6883333333333334 0.8919298245614036 0.7324074074074074 0.8899415204678363 0.7524074074074074 0.9069005847953218 0.7912962962962963
0 0.9019298245614035 0.27641975308641975 0.8790058479532163 0.27641975308641975 0.8591228070175438 0.3310493827160494 0.8700584795321638 0.35203703703703704 0.905906432748538 0.3068518518518519 0.9019298245614035 0.27641975308641975
0 0.8720467836257311 0.12820987654320987 0.9118713450292398 0.1408641975308642 0.9367836257309942 0.11771604938271606 0.9198245614035088 0.0819753086419753 0.8869590643274853 0.0704320987654321 0.8551461988304093 0.08728395061728396 0.8720467836257311 0.12820987654320987
0 0 0.2766049382716049 0.00695906432748538 0.2921604938271605 0.019941520467836257 0.2806172839506173 0.02888888888888889 0.2532716049382716 0.021929824561403508 0.24277777777777776 0.0059649122807017545 0.24592592592592594 0.000994152046783626 0.25746913580246916 0 0.2624074074074074 0 0.2766049382716049
0 1 0.4100617283950618 0.9765497076023393 0.3961728395061729 0.9487134502923976 0.45080246913580246 0.958654970760234 0.466604938271605 0.9945029239766082 0.4518518518518519 1 0.41950617283950614 1 0.4100617283950618
0 0.3518713450292398 0 0.34076023391812865 0.010555555555555556 0.3495321637426901 0.04141975308641975 0.3776023391812865 0.025370370370370373 0.374093567251462 0.0019135802469135803 0.35730994152046786 0 0.3518713450292398 0