0 0.2590287769784173 0.44748898678414095 0.26100719424460433 0.4670044052863436 0.2809352517985611 0.47185022026431717 0.28791366906474825 0.4633480176211454 0.2859352517985611 0.4462555066079295 0.2789568345323741 0.44502202643171807 0.2590287769784173 0.44748898678414095
0 0.29046543165467625 1 0.2759712230215827 0.958546255506608 0.24010791366906475 0.9463436123348017 0.2241726618705036 0.9536563876651982 0.2241726618705036 0.9768722466960352 0.22232576978417268 1 0.29046543165467625 1
0 0.4333453237410072 0.7804845814977973 0.44428057553956835 0.8024229074889868 0.48115107913669064 0.8341409691629955 0.5139928057553956 0.8365638766519824 0.5299280575539568 0.8011894273127753 0.5239568345323741 0.7402202643171806 0.5080215827338129 0.7109251101321585 0.48309352517985615 0.707488986784141 0.4602158273381295 0.7109251101321585 0.4393165467625899 0.7377973568281938 0.4273381294964029 0.7511894273127754 0.4333453237410072 0.7804845814977973
0 0.44230215827338126 0.6048017621145374 0.44230215827338126 0.6426431718061674 0.45823741007194246 0.6829074889867842 0.4691726618705036 0.6938766519823788 0.49010791366906475 0.6999559471365638 0.5110071942446043 0.6950660792951542 0.5120143884892087 0.6670484581497796 0.5149999999999999 0.6365198237885463 0.5130215827338129 0.6170044052863436 0.49805755395683454 0.5987224669603524 0.47514388489208637 0.5914096916299559 0.46820143884892085 0.5914096916299559 0.44230215827338126 0.6048017621145374
0 0.7470503597122302 0.26572687224669606 0.7709712230215828 0.2754625550660793 0.7998561151079138 0.26449339207048456 0.8187769784172662 0.23035242290748897 0.8287410071942446 0.17669603524229074 0.8108273381294964 0.136431718061674 0.7679856115107914 0.130352422907489 0.7420863309352519 0.1437444933920705 0.7301438848920863 0.1644933920704846 0.7371223021582733 0.22911894273127753 0.7470503597122302 0.26572687224669606
0 0.7869064748201439 0.4413656387665198 0.7908992805755396 0.45114537444933916 0.7998561151079138 0.45480176211453743 0.8038489208633094 0.44502202643171807 0.8038489208633094 0.4352863436123348 0.7928776978417266 0.43281938325991187 0.7869064748201439 0.4413656387665198
0 0.4831294964028777 0.20352422907488987 0.47215827338129496 0.23400881057268721 0.49906474820143887 0.24863436123348018 0.5269424460431655 0.23158590308370045 0.5319424460431654 0.20352422907488987 0.5040287769784173 0.1913215859030837 0.4831294964028777 0.20352422907488987
0 0.2945509460431655 0 0.28294964028776975 0.05105726872246696 0.2809352517985611 0.08030837004405286 0.28294964028776975 0.12665198237885464 0.30582733812949636 0.16691629955947138 0.35762589928057553 0.1693832599118943 0.38154676258992803 0.12180616740088106 0.3705755395683453 0.04982378854625551 0.3618164964028777 0 0.2945509460431655 0
0 0.8157913669064748 0.914625550660793 0.8078057553956834 0.9109691629955947 0.7928776978417266 0.9158590308370045 0.7918705035971223 0.9219383259911894 0.7948920863309352 0.9317180616740088 0.8038489208633094 0.9329515418502202 0.8147841726618704 0.9280616740088106 0.8157913669064748 0.914625550660793
0 0.4153956834532374 0.4121145374449339 0.4134172661870504 0.40845814977973566 0.39845323741007194 0.4145374449339207 0.39845323741007194 0.42431718061674006 0.41140287769784173 0.4316299559471366 0.41741007194244606 0.43281938325991187 0.42136690647482017 0.4230837004405287 0.4153956834532374 0.4121145374449339
0 0.3247482014388489 0.9280616740088106 0.32575539568345324 0.9244052863436123 0.3227697841726619 0.9158590308370045 0.3187769784172662 0.914625550660793 0.307841726618705 0.9109691629955947 0.307841726618705 0.9244052863436123 0.31082733812949637 0.9317180616740088 0.3187769784172662 0.9414977973568281 0.3247482014388489 0.9280616740088106