0 0.6135499999999999 0.20938775510204083 0.5607 0.20938775510204083 0.51105 0.21554421768707482 0.48200000000000004 0.2251700680272109 0.48524999999999996 0.23659863945578233 0.49685 0.2514965986394558 0.5233 0.26727891156462585 0.5555 0.26948979591836736 0.59355 0.2646598639455782 0.6329 0.2497278911564626 0.6819 0.22605442176870746 0.66255 0.21333333333333332 0.6135499999999999 0.20938775510204083
0 0.7863500000000001 0.24448979591836734 0.8192 0.23482993197278915 0.8057 0.2142176870748299 0.7831 0.20761904761904762 0.767 0.22210884353741495 0.7863500000000001 0.24448979591836734
0 0.8262999999999999 0.26421768707482995 0.816 0.286156462585034 0.8431000000000001 0.2922789115646259 0.86175 0.286156462585034 0.8695 0.2707823129251701 0.8514499999999999 0.2589455782312925 0.8262999999999999 0.26421768707482995
0 0.21875 0.4439115646258503 0.2455 0.41479591836734697 0.2669 0.3884353741496599 0.2642 0.3665986394557823 0.22545 0.35659863945578235 0.17600000000000002 0.3656802721088436 0.14525 0.3875170068027211 0.1185 0.40751700680272107 0.1653 0.444795918367347 0.21875 0.4439115646258503
0 0.838 0.13197278911564625 0.74015 0.10904761904761906 0.6485 0.10034013605442177 0.5975 0.1391156462585034 0.6809999999999999 0.20748299319727892 0.7784 0.20125850340136056 0.82875 0.1598639455782313 0.838 0.13197278911564625
0 0.8765999999999999 0.14139455782312926 0.85985 0.13877551020408163 0.8431000000000001 0.14404761904761906 0.83855 0.1563265306122449 0.8521 0.15806122448979593 0.8695 0.15894557823129252 0.8792 0.15149659863945578 0.8765999999999999 0.14139455782312926
0 0.6083500000000001 0.5922789115646259 0.5703499999999999 0.5871768707482993 0.54235 0.5970408163265306 0.52935 0.6174489795918368 0.54635 0.6385034013605442 0.62035 0.6473809523809524 0.62735 0.6116666666666667 0.6083500000000001 0.5922789115646259
0 0.28165 0.8622108843537415 0.2419 0.8692517006802721 0.22895 0.9045238095238095 0.22719999999999999 0.9233333333333332 0.25315 0.9486054421768707 0.32655 0.9409523809523809 0.3257 0.8839455782312925 0.28165 0.8622108843537415
0 0.46215000000000006 0.22829931972789116 0.44825000000000004 0.23078231292517004 0.42565 0.2733673469387755 0.46909999999999996 0.2769047619047619 0.46215000000000006 0.22829931972789116
0 0.00165 0.4684013605442177 0.0625 0.44357142857142856 0.09029999999999999 0.3784353741496599 0.055549999999999995 0.36435374149659866 0.0069 0.3679251700680272 0.00165 0.4684013605442177
0 0.8218000000000001 0.5936734693877551 0.8322499999999999 0.5451020408163265 0.80965 0.5322108843537415 0.75925 0.5664965986394558 0.7523000000000001 0.601938775510204 0.8218000000000001 0.5936734693877551
0 0.7193 0.6811564625850339 0.7071500000000001 0.7107142857142856 0.73665 0.7294897959183674 0.7662 0.697687074829932 0.7193 0.6811564625850339
0 0.3822 0.7531292517006802 0.34225 0.801734693877551 0.3544 0.8312585034013605 0.41869999999999996 0.7757142857142857 0.3822 0.7531292517006802