0 0.7023333333333334 0.27529644268774706 0.7231428571428572 0.2740711462450593 0.7380476190476191 0.2617391304347826 0.7320952380952381 0.24197628458498024 0.6949047619047619 0.23948616600790515 0.6844761904761906 0.2580237154150198 0.7023333333333334 0.27529644268774706
0 0.5759047619047619 0.7333201581027669 0.5431904761904761 0.7061660079051383 0.5208571428571428 0.7209881422924901 0.5268095238095238 0.7481422924901185 0.5520952380952381 0.7518577075098815 0.5759047619047619 0.7333201581027669
0 0 0.8453060079051383 0.01219047619047619 0.8543083003952568 0.05085714285714286 0.839486166007905 0.05085714285714286 0.818498023715415 0.030047619047619045 0.7987747035573123 0.004761904761904762 0.8135968379446641 0 0.8382608695652174 0 0.8453060079051383
0 0.19961904761904764 0.5506324110671937 0.18623809523809523 0.5184980237154151 0.16095238095238093 0.5382608695652175 0.1669047619047619 0.5641897233201582 0.18623809523809523 0.5703557312252965 0.19961904761904764 0.5506324110671937
0 0.6666190476190477 0.35308300395256914 0.6710952380952381 0.386403162055336 0.6919047619047619 0.41110671936758897 0.7171904761904763 0.413596837944664 0.7335714285714287 0.39260869565217393 0.7365238095238095 0.35063241106719367 0.6949047619047619 0.33581027667984187 0.6666190476190477 0.35308300395256914
0 1 0.3173715415019763 0.9968095238095239 0.3160474308300395 0.9477619047619048 0.31110671936758894 0.9299047619047619 0.3407509881422925 0.9328571428571428 0.36790513833992095 0.9774761904761905 0.37529644268774703 1 0.37291491304347824 1 0.3173715415019763
0 0.8183333333333334 0.35802371541501976 0.8778571428571428 0.37035573122529647 0.9135238095238095 0.35308300395256914 0.8719047619047618 0.30371541501976285 0.8109047619047619 0.2987747035573123 0.7900952380952381 0.324703557312253 0.8183333333333334 0.35802371541501976
0 0.6041904761904762 0.3444268774703557 0.5878095238095238 0.3691304347826087 0.5997142857142858 0.40739130434782606 0.6413333333333333 0.41727272727272724 0.6740952380952381 0.41727272727272724 0.6681428571428571 0.3851778656126482 0.6264761904761905 0.3592490118577075 0.6041904761904762 0.3444268774703557
0 0.6402380952380952 0.7015415019762846 0.6501904761904762 0.7618577075098815 0.6971904761904761 0.7535573122529644 0.6800952380952381 0.6944664031620553 0.6402380952380952 0.7015415019762846
0 0.5565714285714285 0.29383399209486166 0.5431904761904761 0.27284584980237153 0.5208571428571428 0.2703557312252965 0.5074761904761904 0.28766798418972334 0.5208571428571428 0.2950592885375494 0.5565714285714285 0.29383399209486166
0 0.23976190476190476 0.3073913043478261 0.18771428571428572 0.33948616600790515 0.155 0.3728458498023715 0.155 0.41482213438735177 0.1980952380952381 0.43086956521739134 0.2561428571428571 0.4197628458498024 0.2784285714285714 0.39383399209486164 0.2665238095238095 0.3308695652173913 0.23976190476190476 0.3073913043478261