0 0.27933673469387754 0.6025174825174825 0.27377551020408164 0.5948951048951049 0.2631887755102041 0.5990559440559441 0.26369897959183675 0.6232517482517482 0.2742857142857143 0.6246153846153846 0.27933673469387754 0.6025174825174825
0 0.30459183673469387 0.59006993006993 0.2960204081632653 0.5859090909090909 0.2904591836734694 0.5914335664335665 0.2914795918367347 0.6073426573426574 0.3020663265306122 0.6025174825174825 0.30459183673469387 0.59006993006993
0 0.11285714285714286 0.8636713286713287 0.11895408163265307 0.8672727272727272 0.1939030612244898 0.9043006993006993 0.23051020408163264 0.8995104895104895 0.25839285714285715 0.878006993006993 0.2732142857142857 0.8111188811188811 0.26362244897959186 0.7000349650349651 0.24533163265306124 0.6439160839160839 0.16515306122448978 0.6546503496503496 0.12767857142857142 0.6666083916083916 0.10849489795918367 0.6976573426573427 0.10502551020408164 0.749020979020979 0.11285714285714286 0.8636713286713287
0 0.3983928571428571 0.4787762237762238 0.3908163265306122 0.48017482517482524 0.38579081632653056 0.4912237762237763 0.3938520408163265 0.5043706293706294 0.40040816326530615 0.48982517482517485 0.3983928571428571 0.4787762237762238
0 0.5375765306122449 0.473951048951049 0.5284948979591837 0.46426573426573425 0.5164030612244899 0.46632867132867134 0.5063010204081633 0.47465034965034963 0.5078316326530612 0.493986013986014 0.5249744897959183 0.502972027972028 0.5365561224489797 0.5002097902097902 0.5421173469387754 0.4946853146853146 0.5375765306122449 0.473951048951049
0 0.6144897959183674 0.48426573426573427 0.6253571428571428 0.47227272727272723 0.6144897959183674 0.46076923076923076 0.6071428571428571 0.46940559440559443 0.6144897959183674 0.48426573426573427
0 0.6183418367346939 0.4502097902097902 0.6239540816326531 0.4453846153846154 0.6253571428571428 0.4358041958041958 0.6211479591836735 0.4281118881118881 0.6158928571428571 0.43437062937062937 0.6148469387755102 0.43723776223776223 0.6183418367346939 0.4502097902097902
0 0.5532142857142858 0.4684265734265734 0.568265306122449 0.4622027972027972 0.5784183673469387 0.4506643356643356 0.5791071428571428 0.4405944055944056 0.5644132653061225 0.43965034965034966 0.5528571428571428 0.4564335664335664 0.5532142857142858 0.4684265734265734
0 0.841811224489796 0.2612237762237762 0.8339540816326532 0.26958041958041956 0.8113010204081632 0.28629370629370626 0.7520408163265306 0.3113986013986014 0.7363775510204082 0.346013986013986 0.7616326530612245 0.3913986013986014 0.7947448979591837 0.4344055944055944 0.8365816326530612 0.4570979020979021 0.9019387755102041 0.4738111888111888 0.9324234693877551 0.4547202797202798 0.9420153061224489 0.36513986013986016 0.9280867346938776 0.3077972027972028 0.9089030612244898 0.2683916083916084 0.8740561224489796 0.25405594405594406 0.841811224489796 0.2612237762237762
0 0.37418367346938775 0.03346153846153846 0.3817602040816327 0.025874125874125874 0.3835204081632653 0.005454545454545455 0.3671683673469388 0.0010839160839160838 0.36104591836734695 0.018286713286713288 0.3642602040816326 0.02867132867132867 0.37418367346938775 0.03346153846153846
0 0 0.5683216783216783 0.0032908163265306122 0.5687762237762237 0.015535714285714285 0.5658741258741259 0.02568877551020408 0.5495454545454544 0.025 0.5265034965034966 0.012040816326530611 0.5178671328671329 0.0029336734693877547 0.5188461538461538 0 0.520034965034965 0 0.5683216783216783