0 0.9874137931034483 0.62 0.9763793103448275 0.5866666666666667 0.9387931034482758 0.5967295597484277 0.9360344827586207 0.6627672955974843 0.978793103448276 0.6766037735849056 0.9874137931034483 0.62
0 0.7446206896551724 0.6776100628930817 0.764896551724138 0.7055345911949686 0.7752413793103448 0.6813836477987422 0.7640689655172415 0.6534591194968554 0.7446206896551724 0.6776100628930817
0 0.5507586206896552 0.18251572327044024 0.5301034482758621 0.16817610062893082 0.5029310344827586 0.18251572327044024 0.5014827586206897 0.22163522012578618 0.5329310344827587 0.23075471698113206 0.5507586206896552 0.18251572327044024
0 0.018551724137931033 0.6750314465408805 0.0616551724137931 0.7094339622641509 0.1066551724137931 0.6759119496855346 0.11489655172413793 0.6511320754716982 0.0873103448275862 0.5681132075471698 0.03162068965517242 0.5840251572327044 0.018551724137931033 0.6750314465408805
0 0.7570344827586206 0.9817610062893082 0.7657241379310344 0.9462893081761007 0.745448275862069 0.9266666666666666 0.7272413793103448 0.9621383647798741 0.7297241379310345 0.9802515723270441 0.7570344827586206 0.9817610062893082
0 0.8061034482758621 0.30490566037735845 0.8247241379310344 0.32440251572327045 0.8336896551724138 0.3137106918238994 0.8202413793103448 0.289811320754717 0.8061034482758621 0.30490566037735845
0 0.14089655172413793 0.8938993710691824 0.13910344827586207 0.850440251572327 0.09024137931034483 0.8330188679245283 0.08010344827586208 0.8971698113207548 0.11882758620689655 0.9167295597484276 0.14089655172413793 0.8938993710691824
0 0.4937931034482758 0.41572327044025154 0.4782758620689655 0.32201257861635224 0.418551724137931 0.33534591194968555 0.4327931034482759 0.44037735849056603 0.47479310344827585 0.44037735849056603 0.4937931034482758 0.41572327044025154
0 0.30475862068965515 0.6504402515723271 0.29579310344827586 0.6211320754716981 0.2666206896551724 0.6254716981132076 0.2666206896551724 0.6765408805031446 0.28865517241379307 0.6971698113207547 0.30475862068965515 0.6504402515723271
0 0.40772413793103446 0.17345911949685533 0.37 0.1490566037735849 0.35217241379310343 0.1808805031446541 0.35217241379310343 0.23522012578616353 0.40634482758620694 0.22905660377358492 0.40772413793103446 0.17345911949685533
0 0.06603448275862069 0.2672955974842767 0.05458620689655173 0.2189937106918239 0.021689655172413794 0.21509433962264152 0.013827586206896551 0.2633333333333333 0.04172413793103448 0.29597484276729563 0.06603448275862069 0.2672955974842767