0 0.48200000000000004 0.7748299319727892 0.51105 0.7844557823129251 0.5607 0.7906122448979592 0.6135499999999999 0.7906122448979592 0.66255 0.7866666666666666 0.6819 0.7739455782312925 0.6329 0.7502721088435375 0.59355 0.7353401360544217 0.5555 0.7305102040816327 0.5233 0.7327210884353741 0.49685 0.7485034013605443 0.48524999999999996 0.7634013605442177 0.48200000000000004 0.7748299319727892
0 0.767 0.777891156462585 0.7831 0.7923809523809524 0.8057 0.7857823129251701 0.8192 0.7651700680272109 0.7863500000000001 0.7555102040816327 0.767 0.777891156462585
0 0.86175 0.713843537414966 0.8431000000000001 0.7077210884353742 0.816 0.713843537414966 0.8262999999999999 0.73578231292517 0.8514499999999999 0.7410544217687075 0.8695 0.7292176870748299 0.86175 0.713843537414966
0 0.14525 0.6124829931972788 0.17600000000000002 0.6343197278911565 0.22545 0.6434013605442177 0.2642 0.6334013605442177 0.2669 0.6115646258503402 0.2455 0.5852040816326531 0.21875 0.5560884353741496 0.1653 0.555204081632653 0.1185 0.5924829931972789 0.14525 0.6124829931972788
0 0.838 0.8680272108843538 0.82875 0.8401360544217688 0.7784 0.7987414965986395 0.6809999999999999 0.7925170068027211 0.5975 0.8608843537414966 0.6485 0.8996598639455783 0.74015 0.8909523809523809 0.838 0.8680272108843538
0 0.8765999999999999 0.8586054421768707 0.8792 0.8485034013605443 0.8695 0.8410544217687075 0.8521 0.8419387755102041 0.83855 0.8436734693877551 0.8431000000000001 0.855952380952381 0.85985 0.8612244897959184 0.8765999999999999 0.8586054421768707
0 0.6083500000000001 0.4077210884353742 0.62735 0.38833333333333336 0.62035 0.3526190476190476 0.54635 0.36149659863945577 0.52935 0.38255102040816324 0.54235 0.4029591836734694 0.5703499999999999 0.41282312925170067 0.6083500000000001 0.4077210884353742
0 0.28165 0.1377891156462585 0.3257 0.11605442176870748 0.32655 0.05904761904761904 0.25315 0.05139455782312925 0.22719999999999999 0.07666666666666666 0.22895 0.09547619047619048 0.2419 0.1307482993197279 0.28165 0.1377891156462585
0 0.46909999999999996 0.7230952380952381 0.42565 0.7266326530612245 0.44825000000000004 0.76921768707483 0.46215000000000006 0.7717006802721088 0.46909999999999996 0.7230952380952381
0 0.0069 0.6320748299319728 0.055549999999999995 0.6356462585034014 0.09029999999999999 0.6215646258503401 0.0625 0.5564285714285715 0.00165 0.5315986394557823 0.0069 0.6320748299319728
0 0.7523000000000001 0.3980612244897959 0.75925 0.4335034013605442 0.80965 0.4677891156462585 0.8322499999999999 0.4548979591836735 0.8218000000000001 0.4063265306122449 0.7523000000000001 0.3980612244897959
0 0.7662 0.302312925170068 0.73665 0.2705102040816327 0.7071500000000001 0.28928571428571426 0.7193 0.31884353741496596 0.7662 0.302312925170068
0 0.41869999999999996 0.22428571428571428 0.3544 0.16874149659863946 0.34225 0.19826530612244897 0.3822 0.2468707482993197 0.41869999999999996 0.22428571428571428