0 0.6676231263383297 0.4370873786407767 0.655117773019272 0.38744336569579285 0.6285224839400428 0.4099029126213592 0.627730192719486 0.44297734627831714 0.6676231263383297 0.4370873786407767
0 0.5440471092077087 0 0.5440471092077087 0.032815533980582526 0.5768950749464669 0.007993527508090615 0.5738756980728051 0 0.5440471092077087 0
0 0.3717987152034261 0.22779935275080906 0.3773019271948608 0.2372168284789644 0.3862526766595289 0.22779935275080906 0.3801070663811563 0.21631067961165049 0.3725053533190578 0.21957928802588994 0.3717987152034261 0.22779935275080906
0 0.16946466809421842 0.6826860841423947 0.16946466809421842 0.6999676375404531 0.17730192719486082 0.7081877022653722 0.20683083511777303 0.7259223300970874 0.2215845824411135 0.7332038834951456 0.22370449678800855 0.7127184466019417 0.20653104925053534 0.6858576051779935 0.17970021413276233 0.6767637540453074 0.17186295503211993 0.6735598705501618 0.16946466809421842 0.6826860841423947
0 0.21344753747323342 0.6376051779935276 0.19597430406852248 0.6316828478964401 0.18633832976445394 0.6366666666666666 0.20623126338329764 0.6640129449838188 0.2258029978586724 0.6680906148867314 0.2291220556745182 0.6585436893203884 0.21344753747323342 0.6376051779935276
0 0.24124898286937901 1 0.22781584582441114 0.9842071197411003 0.21758029978586724 0.986504854368932 0.21668094218415418 0.9924271844660195 0.21840944111349037 1 0.24124898286937901 1
0 0.5205139186295503 0.25129449838187706 0.529186295503212 0.26550161812297735 0.5367665952890792 0.2633009708737864 0.5367665952890792 0.24637540453074433 0.5248394004282655 0.24145631067961165 0.5205139186295503 0.25129449838187706
0 0.3369379014989293 0.8106472491909386 0.3390792291220557 0.8294174757281554 0.35 0.8242394822006472 0.3506423982869379 0.8116181229773463 0.3425053533190578 0.8009385113268609 0.3369379014989293 0.8106472491909386
0 0.6562312633832976 0.24100323624595468 0.6532762312633833 0.28686084142394824 0.6662312633832976 0.2879611650485437 0.6732548179871521 0.2583171521035598 0.665117773019272 0.23932038834951458 0.6562312633832976 0.24100323624595468
0 0.7095289079229122 0.8673139158576052 0.708779443254818 0.8958252427184467 0.7269164882226982 0.8919093851132687 0.7298715203426125 0.8650809061488673 0.716916488222698 0.8522330097087378 0.7095289079229122 0.8673139158576052
0 0.7388008565310492 0.20540453074433657 0.7301927194860813 0.1403883495145631 0.7059528907922913 0.1581229773462783 0.7098715203426124 0.22902912621359223 0.7388008565310492 0.20540453074433657