0 0.15976608187134503 0.27382716049382716 0.14678362573099416 0.2832716049382716 0.14678362573099416 0.30425925925925923 0.17169590643274854 0.3084567901234568 0.18760233918128655 0.2780246913580247 0.15976608187134503 0.27382716049382716
0 0.1933918128654971 0.8022222222222223 0.21245614035087718 0.7728395061728395 0.23707602339181286 0.8094444444444444 0.28748538011695907 0.7525925925925926 0.30760233918128654 0.717283950617284 0.32555555555555554 0.67 0.3109941520467836 0.6367901234567901 0.2471345029239766 0.6225925925925926 0.22473684210526315 0.6475308641975309 0.1743859649122807 0.6804938271604938 0.15309941520467837 0.7183333333333334 0.16988304093567252 0.7314197530864197 0.15754385964912282 0.750246913580247 0.15081871345029238 0.782283950617284 0.16988304093567252 0.8011728395061728 0.1933918128654971 0.8022222222222223
0 0.6245029239766082 0.15333333333333332 0.6122222222222222 0.11796296296296296 0.5819883040935673 0.12611111111111112 0.5752631578947369 0.16746913580246914 0.6301169590643275 0.17697530864197533 0.6245029239766082 0.15333333333333332
0 0.7309356725146199 0.42296296296296293 0.6883625730994152 0.3945679012345679 0.6625730994152047 0.38617283950617287 0.655906432748538 0.4157407407407407 0.6480701754385965 0.4512962962962963 0.671578947368421 0.4654938271604938 0.6838596491228071 0.4761111111111111 0.7152046783625731 0.5045061728395062 0.7364912280701754 0.4926543209876543 0.7645029239766081 0.4594444444444445 0.7398830409356725 0.4547530864197531 0.7309356725146199 0.42296296296296293
0 0.13403508771929826 0.36617283950617285 0.1250877192982456 0.3980864197530864 0.15982456140350876 0.4075925925925926 0.16766081871345032 0.4205555555555555 0.19707602339181288 0.42777777777777776 0.20116959064327486 0.3901234567901235 0.18666666666666668 0.3601851851851852 0.17883040935672515 0.3317901234567901 0.13403508771929826 0.36617283950617285
0 0.573859649122807 0.5680246913580247 0.615672514619883 0.574320987654321 0.6515204678362573 0.532283950617284 0.6495321637426901 0.4724074074074074 0.5967836257309941 0.46086419753086416 0.5708771929824562 0.46611111111111114 0.5569590643274853 0.5102469135802469 0.573859649122807 0.5680246913580247
0 0.8307017543859649 0.7319753086419754 0.8456140350877193 0.6888888888888889 0.8018128654970761 0.6520987654320988 0.7769590643274854 0.677283950617284 0.7660233918128655 0.7298765432098765 0.7928654970760235 0.7435185185185186 0.8307017543859649 0.7319753086419754
0 0.7550292397660819 0.8622222222222222 0.757017543859649 0.8075925925925926 0.7152046783625731 0.8012962962962963 0.686374269005848 0.8443827160493826 0.694327485380117 0.875925925925926 0.7232163742690059 0.8801234567901235 0.7550292397660819 0.8622222222222222
0 0.7470760233918129 0.9841358024691358 0.7759649122807017 0.9295061728395062 0.7391228070175438 0.9116049382716049 0.7201754385964912 0.9137037037037038 0.6784210526315789 0.9462962962962964 0.6963157894736842 0.9809876543209876 0.7470760233918129 0.9841358024691358
0 0.33994152046783627 0.879074074074074 0.288187134502924 0.9000617283950617 0.288187134502924 0.9242592592592592 0.31701754385964914 0.9284567901234567 0.35982456140350877 0.8906172839506173 0.33994152046783627 0.879074074074074
0 0.15976608187134503 0.9347530864197531 0.14777777777777779 0.8927160493827161 0.10900584795321638 0.8748765432098765 0.09304093567251462 0.9084567901234567 0.10397660818713451 0.9431481481481481 0.13783625730994153 0.9610493827160493 0.15976608187134503 0.9347530864197531
0 0.4625028830409357 1 0.4683625730994152 0.9841358024691358 0.45339181286549707 0.9736419753086419 0.40696508187134506 1 0.4625028830409357 1
0 0.03631578947368421 0.3319135802469136 0.02631578947368421 0.343641975308642 0.02631578947368421 0.3493827160493827 0.028128654970760232 0.36709876543209874 0.05035087719298245 0.37080246913580245 0.06555555555555556 0.34117283950617283 0.03631578947368421 0.3319135802469136