0 0.09741935483870968 0.693265306122449 0.11728110599078341 0.7057142857142856 0.12990783410138249 0.6910204081632653 0.12990783410138249 0.6602040816326531 0.11129032258064515 0.6484183673469388 0.09539170506912442 0.655765306122449 0.09741935483870968 0.693265306122449
0 0.7542857142857143 0.3926530612244898 0.7575115207373272 0.4116836734693877 0.7628110599078342 0.4258673469387755 0.8012903225806451 0.4328571428571429 0.8087557603686636 0.3926530612244898 0.809815668202765 0.3573469387755102 0.7511059907834102 0.3737755102040817 0.7542857142857143 0.3926530612244898
0 0.7041013824884792 0.8526020408163266 0.7371889400921658 0.9317857142857142 0.7692165898617511 0.9306122448979592 0.7703225806451612 0.8478571428571429 0.75 0.8335714285714285 0.7201382488479263 0.8502551020408163 0.7041013824884792 0.8526020408163266
0 0.5343778801843317 0.29586734693877553 0.5450230414746544 0.3489285714285714 0.5813364055299539 0.34551020408163263 0.5834562211981567 0.29586734693877553 0.5343778801843317 0.29586734693877553
0 0.35714285714285715 0.15755102040816327 0.3560829493087557 0.10316326530612244 0.2919815668202765 0.10316326530612244 0.294147465437788 0.15510204081632653 0.3197695852534562 0.16938775510204082 0.35714285714285715 0.15755102040816327
0 0.2535483870967742 0.25566326530612243 0.25142857142857145 0.171734693877551 0.20658986175115207 0.19418367346938778 0.1756221198156682 0.22137755102040815 0.19912442396313365 0.275765306122449 0.2535483870967742 0.25566326530612243
0 0.9404147465437788 0.09591836734693877 0.9237327188940092 0.07739795918367347 0.9005990783410138 0.08091836734693877 0.8926728110599079 0.11265306122448979 0.9181566820276498 0.1223469387755102 0.9404147465437788 0.09591836734693877
0 0.4323963133640553 0.8398979591836735 0.42917050691244235 0.8215816326530613 0.41027649769585256 0.8210204081632653 0.40336405529953917 0.8384183673469389 0.418110599078341 0.8506122448979592 0.4323963133640553 0.8398979591836735
0 0.41580645161290325 0.8062755102040816 0.4079723502304147 0.7878571428571428 0.39322580645161287 0.7893877551020408 0.385852534562212 0.8046938775510204 0.39506912442396314 0.8143877551020409 0.41580645161290325 0.8062755102040816
0 0.4466820276497696 0.8215816326530613 0.45267281105990786 0.8072448979591836 0.45175115207373273 0.7914285714285715 0.437926267281106 0.7909693877551021 0.42963133640553 0.8037244897959184 0.4300921658986175 0.82 0.4466820276497696 0.8215816326530613
0 0.42824884792626733 0.8894387755102041 0.4411520737327189 0.8924489795918367 0.44990783410138246 0.8817857142857144 0.4508294930875576 0.8735714285714286 0.4370046082949309 0.8654081632653061 0.42640552995391706 0.8745918367346938 0.42824884792626733 0.8894387755102041