0 0.4867204301075269 0.38892215568862276 0.5155376344086021 0.40742514970059884 0.525483870967742 0.37904191616766464 0.5011290322580645 0.3704191616766467 0.4867204301075269 0.38892215568862276
0 0.3174193548387097 0.9302994011976049 0.3004301075268817 0.9669461077844311 0.305752688172043 0.9941317365269462 0.34607526881720435 0.9952694610778443 0.37790322580645164 0.9834730538922156 0.3513978494623656 0.9385628742514971 0.3174193548387097 0.9302994011976049
0 0.5954838709677419 0.7730538922155689 0.5816666666666667 0.7376047904191617 0.5413440860215054 0.7352694610778443 0.5286021505376344 0.7955089820359281 0.5753225806451613 0.7919760479041915 0.5954838709677419 0.7730538922155689
0 0.790752688172043 0.9492215568862276 0.8151612903225807 0.9882035928143713 0.8544086021505376 0.9929341317365269 0.868225806451613 0.9538922155688624 0.790752688172043 0.9492215568862276
0 0.9064516129032257 0.6123353293413174 0.9043010752688171 0.6430538922155689 0.9435483870967742 0.6406586826347305 0.9372043010752688 0.617065868263473 0.9064516129032257 0.6123353293413174
0 0.30258064516129035 0.4905389221556886 0.3205913978494624 0.46808383233532935 0.30150537634408603 0.4574850299401198 0.2802688172043011 0.4716766467065868 0.2876881720430107 0.48700598802395206 0.30258064516129035 0.4905389221556886
0 0.23887096774193547 0.4019161676646707 0.2579569892473118 0.438562874251497 0.2675268817204301 0.44209580838323354 0.29301075268817206 0.43143712574850296 0.31526881720430106 0.39718562874251495 0.28876344086021505 0.3853892215568862 0.23887096774193547 0.4019161676646707
0 0.5954838709677419 0.21281437125748504 0.5519354838709677 0.2364071856287425 0.522258064516129 0.20808383233532934 0.5095161290322581 0.23407185628742516 0.5392473118279569 0.29317365269461076 0.5816666666666667 0.2695209580838323 0.6039784946236559 0.2647904191616766 0.6071505376344086 0.23880239520958085 0.5954838709677419 0.21281437125748504
0 0.3174193548387097 0.10287425149700599 0.2675268817204301 0.10874251497005988 0.2579569892473118 0.18443113772455091 0.30258064516129035 0.18203592814371256 0.3205913978494624 0.18323353293413175 0.32698924731182794 0.15131736526946107 0.31209677419354837 0.13592814371257483 0.3174193548387097 0.10287425149700599
0 0.6752688172043011 0.46646706586826353 0.710752688172043 0.5245508982035928 0.7811827956989248 0.5283832335329341 0.7759139784946236 0.4858083832335329 0.7620967741935484 0.4279041916167664 0.7016129032258065 0.3976047904191617 0.6752688172043011 0.46646706586826353
0 0.38360215053763436 0.635808383233533 0.4002688172043011 0.6469461077844312 0.4268279569892473 0.6320958083832335 0.4246236559139785 0.5802994011976048 0.3791935483870968 0.5629940119760479 0.3736559139784946 0.5876646706586827 0.38360215053763436 0.635808383233533
0 0.16526881720430106 0.8617365269461078 0.19182795698924732 0.8716167664670659 0.23618279569892472 0.8740718562874251 0.22510752688172042 0.8444910179640719 0.20403225806451614 0.8025149700598803 0.15193548387096775 0.772874251497006 0.09096774193548388 0.7901197604790419 0.08209677419354838 0.8296407185628744 0.08763440860215053 0.8667065868263474 0.10763440860215054 0.882754491017964 0.1264516129032258 0.8667065868263474 0.12865591397849463 0.8296407185628744 0.14306451612903226 0.8222155688622754 0.16526881720430106 0.8617365269461078
0 0.8070430107526883 0.23580838323353295 0.7993010752688171 0.21239520958083832 0.7770967741935484 0.20868263473053894 0.7604838709677418 0.21976047904191617 0.7826881720430108 0.2506586826347305 0.8070430107526883 0.23580838323353295
0 0.33043010752688173 0.20251497005988023 0.30048387096774193 0.2049700598802395 0.2727956989247312 0.22347305389221558 0.24618279569892473 0.2555688622754491 0.26946236559139786 0.2864670658682635 0.3038172043010753 0.2802395209580838 0.31048387096774194 0.28395209580838326 0.33817204301075265 0.23952095808383234 0.33043010752688173 0.20251497005988023
0 0.39580645161290323 0.02718562874251497 0.3813978494623656 0.013592814371257485 0.35698924731182796 0.018562874251497007 0.35698924731182796 0.043233532934131735 0.38360215053763436 0.0481437125748503 0.39580645161290323 0.02718562874251497