0 0.5377301927194861 0.306957928802589 0.5596145610278372 0.30576051779935276 0.574475374732334 0.2655663430420712 0.541627408993576 0.24666666666666667 0.5377301927194861 0.306957928802589
0 0.8091220556745182 0.43343042071197413 0.8364882226980728 0.43343042071197413 0.8474518201284796 0.4026860841423948 0.8255460385438972 0.3837864077669903 0.8091220556745182 0.43343042071197413
0 0.8640042826552463 0.5453398058252427 0.8535974304068522 0.5342071197411004 0.8410064239828694 0.5414239482200648 0.8405781584582441 0.5571521035598705 0.8592291220556745 0.557799352750809 0.8640042826552463 0.5453398058252427
0 0.6855460385438972 0.6926860841423947 0.6877087794432549 0.6811974110032363 0.6801070663811564 0.6719093851132686 0.6738758029978587 0.6854368932038836 0.6801070663811564 0.6937540453074433 0.6855460385438972 0.6926860841423947
0 0.3770235546038544 0.9435275080906149 0.3592505353319058 0.9175728155339805 0.34569593147751604 0.9207766990291262 0.35051391862955034 0.943074433656958 0.3622483940042826 0.9877022653721682 0.3676873661670236 0.9995469255663431 0.37912205567451823 0.9995469255663431 0.3851605995717345 0.9959223300970874 0.3830406852248394 0.9840776699029126 0.3770235546038544 0.9435275080906149
0 0.3914775160599572 0.9439805825242719 0.40957173447537476 0.9740453074433657 0.4128693790149893 0.9594822006472492 0.4089507494646681 0.9330744336569579 0.3950963597430407 0.9093851132686084 0.388779443254818 0.9144012944983819 0.3914775160599572 0.9439805825242719
0 0.1494646680942184 0.8840776699029126 0.14586723768736617 0.900873786407767 0.1576017130620985 0.919546925566343 0.17417558886509638 0.9281877022653722 0.17809421841541756 0.9268284789644012 0.17961456102783724 0.911359223300971 0.16483940042826553 0.882653721682848 0.1494646680942184 0.8840776699029126
0 0.04805139186295503 0.13999999999999999 0.03751605995717345 0.13042071197411 0.03177730192719486 0.13268608414239483 0.03419700214132763 0.15546925566343042 0.04715203426124197 0.15365695792880257 0.04805139186295503 0.13999999999999999
0 0.6710706638115631 0.46245954692556634 0.6678158458244111 0.44443365695792886 0.6566167023554603 0.44443365695792886 0.6551605995717344 0.45588996763754047 0.6645610278372591 0.46899676375404525 0.6710706638115631 0.46245954692556634
0 0.30087794432548176 0.7380258899676376 0.2938115631691649 0.7257281553398058 0.2854603854389722 0.7266990291262136 0.28203426124197006 0.7432038834951457 0.29445396145610275 0.7464401294498382 0.30087794432548176 0.7380258899676376
0 0.6724839400428265 0.25045307443365694 0.659914346895075 0.23815533980582526 0.6402997858672377 0.24877022653721684 0.6410278372591006 0.2683495145631068 0.6713704496788008 0.2638834951456311 0.6724839400428265 0.25045307443365694
0 0.2669379014989293 0.17216828478964402 0.25843683083511776 0.15258899676375404 0.24068522483940044 0.15705501618122977 0.23809421841541756 0.18446601941747573 0.2569593147751606 0.18333333333333332 0.2669379014989293 0.17216828478964402
0 0.6792933618843684 0.18281553398058253 0.7262098501070664 0.1887378640776699 0.7379443254817988 0.15210355987055016 0.6949250535331906 0.13909385113268607 0.6792933618843684 0.18281553398058253