0 0.048109965635738834 0.21041666666666667 0.0718213058419244 0.21041666666666667 0.07883161512027492 0.1997685185185185 0.07707903780068728 0.15837962962962962 0.06656357388316152 0.1536574074074074 0.048109965635738834 0.21041666666666667
0 0.3157388316151203 0.5035648148148147 0.3253951890034364 0.5342592592592593 0.33941580756013745 0.5390277777777778 0.34556701030927833 0.5 0.33676975945017185 0.48819444444444443 0.3157388316151203 0.5035648148148147
0 0.6543986254295533 0.6205555555555555 0.6789690721649485 0.6205555555555555 0.6543986254295533 0.579212962962963 0.635085910652921 0.5401851851851852 0.6315807560137456 0.5106481481481482 0.6210652920962199 0.4668981481481481 0.5920962199312715 0.4527314814814815 0.5877319587628866 0.44208333333333333 0.5824398625429553 0.4290740740740741 0.5622680412371134 0.3770833333333333 0.5368384879725085 0.3983333333333334 0.5096219931271478 0.40305555555555556 0.4771821305841925 0.4361574074074074 0.47278350515463924 0.4538888888888889 0.4850515463917526 0.4775462962962963 0.49470790378006874 0.47870370370370374 0.5666666666666667 0.508287037037037 0.5815807560137457 0.527175925925926 0.600893470790378 0.5484722222222222 0.6342268041237114 0.5827314814814815 0.6219243986254295 0.6158333333333333 0.6385910652920963 0.6477314814814815 0.6543986254295533 0.6205555555555555
0 0.9234364261168386 0.6354629629629629 0.875085910652921 0.6208796296296297 0.8661855670103092 0.6757407407407408 0.8922680412371133 0.7331944444444445 0.9208934707903781 0.7246296296296296 0.9336426116838488 0.667175925925926 0.9234364261168386 0.6354629629629629
0 0.1754639175257732 0.7368055555555556 0.1493470790378007 0.7453703703703703 0.16082474226804122 0.7882407407407407 0.1945360824742268 0.7925 0.20027491408934708 0.7711111111111111 0.1945360824742268 0.7410648148148148 0.1754639175257732 0.7368055555555556
0 0.054776632302405495 0.6173611111111111 0.05797250859106529 0.6293518518518518 0.07896907216494846 0.6293518518518518 0.08405498281786943 0.6044907407407407 0.06243986254295533 0.5864814814814815 0.054776632302405495 0.6173611111111111
0 0.5761855670103092 0.16097222222222224 0.5890034364261169 0.17578703703703702 0.6137457044673539 0.16837962962962963 0.6128178694158076 0.1437037037037037 0.5890034364261169 0.1325925925925926 0.5761855670103092 0.16097222222222224
0 0.36264604810996565 0.016527777777777777 0.32326460481099656 0.017777777777777778 0.29577319587628864 0.04495370370370371 0.3076632302405498 0.1313425925925926 0.3571477663230241 0.1325925925925926 0.38374570446735395 0.07828703703703704 0.36264604810996565 0.016527777777777777
0 0.24628865979381445 0.3153240740740741 0.24810996563573884 0.3301388888888889 0.26553264604810994 0.3437037037037037 0.28017182130584195 0.3140740740740741 0.25453608247422677 0.2992592592592593 0.24628865979381445 0.3153240740740741
0 0.48821305841924395 0.23629629629629628 0.4955326460481099 0.2375462962962963 0.5110996563573883 0.22518518518518518 0.5074570446735395 0.20912037037037037 0.4863573883161512 0.20296296296296298 0.48821305841924395 0.23629629629629628
0 0.4029896907216495 0.2523611111111111 0.4268041237113402 0.26837962962962963 0.47171821305841927 0.24125 0.46347079037800687 0.18319444444444444 0.41487972508591064 0.19430555555555554 0.4029896907216495 0.2523611111111111
0 0.9876288659793814 0.27458333333333335 0.9564604810996563 0.2424537037037037 0.9033333333333333 0.24986111111111112 0.8189003436426118 0.33148148148148143 0.8639175257731959 0.3683796296296296 0.8694158075601375 0.41282407407407407 0.8914089347079037 0.48074074074074075 0.916151202749141 0.5609722222222222 0.9592096219931271 0.5931018518518519 0.9830584192439862 0.5696296296296297 0.9903780068728522 0.501712962962963 0.9976975945017181 0.4313425925925926 0.9968041237113402 0.3720833333333334 0.9968041237113402 0.3325925925925926 0.9876288659793814 0.27458333333333335
0 0.658659793814433 0.3140740740740741 0.6769759450171822 0.3375462962962963 0.6943986254295532 0.3301388888888889 0.693470790378007 0.29680555555555554 0.679725085910653 0.29430555555555554 0.658659793814433 0.3140740740740741