0 0.2872815533980583 0.7556129032258064 0.28820388349514564 0.7679354838709678 0.3021359223300971 0.7815483870967742 0.30956310679611654 0.7765806451612903 0.312378640776699 0.7568387096774194 0.3049029126213592 0.745741935483871 0.2872815533980583 0.7556129032258064
0 0.39281553398058255 0.2429032258064516 0.4212621359223301 0.24877419354838712 0.42393203883495145 0.20980645161290323 0.40703883495145626 0.16012903225806452 0.373252427184466 0.1814193548387097 0.39281553398058255 0.2429032258064516
0 0.5048543689320388 0.1152258064516129 0.4728640776699029 0.14006451612903226 0.5057281553398059 0.16251612903225807 0.5048543689320388 0.1152258064516129
0 0.5457766990291263 0.610516129032258 0.5564563106796117 0.6234838709677419 0.5786893203883495 0.5939354838709677 0.5733495145631068 0.5656129032258065 0.5484466019417475 0.5821290322580646 0.5457766990291263 0.610516129032258
0 0.7023300970873787 0.5832903225806452 0.6809708737864077 0.6081290322580646 0.6702912621359224 0.6601290322580645 0.684514563106796 0.7204516129032258 0.6907281553398058 0.7204516129032258 0.7316504854368931 0.7109677419354838 0.7494660194174757 0.698 0.7690291262135922 0.6625161290322581 0.7770388349514563 0.6247096774193548 0.7725728155339806 0.584516129032258 0.7369902912621359 0.5832903225806452 0.7005339805825243 0.5312903225806451 0.7023300970873787 0.5832903225806452
0 0.21048543689320387 0.8232903225806452 0.16776699029126216 0.8504516129032258 0.1704368932038835 0.8764516129032258 0.21315533980582524 0.8681935483870967 0.21048543689320387 0.8232903225806452
0 0.5072815533980582 0.5148387096774193 0.5204368932038834 0.48645161290322586 0.5111650485436893 0.4630322580645161 0.48330097087378643 0.4667096774193549 0.474757281553398 0.49032258064516127 0.5072815533980582 0.5148387096774193
0 0.4609708737864077 0.20374193548387096 0.4628640776699029 0.26548387096774195 0.4944174757281553 0.3061935483870968 0.5018446601941747 0.30496774193548387 0.5371359223300971 0.2543870967741935 0.5185922330097087 0.20129032258064516 0.4609708737864077 0.20374193548387096
0 0.4424271844660194 0.6222580645161291 0.41640776699029125 0.6161290322580645 0.3662135922330097 0.6321290322580645 0.3550970873786408 0.7284516129032258 0.3857281553398058 0.7494193548387097 0.4024757281553398 0.7333548387096774 0.43592233009708736 0.6926451612903226 0.4424271844660194 0.6222580645161291
0 0.6439805825242718 0.7876774193548387 0.5900970873786408 0.7901935483870968 0.5743203883495146 0.8272258064516129 0.5891747572815534 0.9123870967741935 0.6383980582524271 0.9087096774193548 0.6625728155339806 0.885225806451613 0.663495145631068 0.8321290322580644 0.6439805825242718 0.7876774193548387
0 0.6765048543689322 0.8012903225806451 0.6709223300970875 0.8580645161290322 0.7117961165048543 0.8741290322580646 0.7210679611650485 0.8556129032258065 0.7219902912621359 0.8136129032258065 0.707135922330097 0.7926451612903226 0.6765048543689322 0.8012903225806451
0 0.7907766990291263 0.4469677419354839 0.8009708737864077 0.4346451612903226 0.8111650485436893 0.40993548387096773 0.8176699029126213 0.3753548387096774 0.8056310679611651 0.3580645161290323 0.792621359223301 0.3568387096774194 0.7749514563106795 0.39264516129032256 0.7563592233009709 0.42103225806451616 0.7693689320388349 0.4383225806451613 0.7907766990291263 0.4469677419354839
0 0.2612621359223301 0.7839999999999999 0.2621844660194175 0.7914193548387097 0.271504854368932 0.7963225806451614 0.27519417475728153 0.7926451612903226 0.27519417475728153 0.7790322580645161 0.265 0.7729032258064515 0.2612621359223301 0.7839999999999999