0 0.4092932862190813 0.4337640449438202 0.4226855123674912 0.41839887640449436 0.4331095406360424 0.39002808988764043 0.41378091872791517 0.3853089887640449 0.3766077738515901 0.4113202247191011 0.4092932862190813 0.4337640449438202
0 0.3736395759717314 0.030702247191011237 0.33346289752650177 0.05196629213483146 0.37809187279151946 0.08269662921348316 0.41823321554770315 0.07443820224719101 0.3736395759717314 0.030702247191011237
0 0.7780565371024735 0.28129213483146065 0.8018727915194347 0.31320224719101125 0.8241696113074205 0.28837078651685394 0.8256537102473498 0.25174157303370787 0.7929328621908127 0.24699438202247193 0.7780565371024735 0.28129213483146065
0 0.32159010600706717 0.2080056179775281 0.3156183745583039 0.20089887640449436 0.28441696113074205 0.1961797752808989 0.27102473498233215 0.2174438202247191 0.27547703180212013 0.2552808988764045 0.30226148409893994 0.25764044943820225 0.32159010600706717 0.2328370786516854 0.32159010600706717 0.2080056179775281
0 0.21452296819787986 0.4420505617977528 0.2479789363957597 0.4559253398876404 0.23236749116607774 0.4692415730337079 0.2561484098939929 0.4550561797752809 0.2680565371024735 0.4479494382022472 0.2412720848056537 0.4444101123595506 0.21452296819787986 0.4420505617977528
0 0.17586572438162545 0.3392134831460674 0.1535689045936396 0.3332865168539326 0.146113074204947 0.3533988764044944 0.1788339222614841 0.36640449438202244 0.17586572438162545 0.3392134831460674
0 0.12530035335689046 0.40896067415730336 0.14908127208480565 0.40185393258426966 0.14759717314487633 0.3758426966292135 0.11042402826855123 0.3782022471910112 0.10745583038869258 0.3923876404494382 0.12530035335689046 0.40896067415730336
0 0.04946996466431095 0.48814606741573036 0.050954063604240284 0.4999719101123596 0.050954063604240284 0.5129775280898876 0.0792226148409894 0.5141573033707865 0.07473498233215548 0.4987921348314607 0.0792226148409894 0.4869662921348315 0.04946996466431095 0.48814606741573036
0 0.5342049469964665 0.5354213483146067 0.5356890459363958 0.5531460674157302 0.47770318021201413 0.599241573033708 0.4568904593639576 0.6406179775280899 0.4702826855123675 0.680814606741573 0.5178445229681979 0.6914606741573034 0.5743462897526501 0.6914606741573034 0.6055830388692579 0.6914606741573034 0.6353356890459364 0.680814606741573 0.6561484098939929 0.6477247191011236 0.6650530035335689 0.5791573033707865 0.6278798586572438 0.5354213483146067 0.5624734982332156 0.5247752808988764 0.5342049469964665 0.5354213483146067
0 0.6353356890459364 0.5401404494382023 0.6739929328621909 0.5590730337078652 0.7260424028268552 0.5661516853932584 0.8241696113074205 0.547247191011236 0.8107773851590105 0.4987921348314607 0.7542756183745584 0.48221910112359545 0.7230388692579506 0.468061797752809 0.6814134275618374 0.4314044943820225 0.6725088339222615 0.42550561797752806 0.6040989399293286 0.468061797752809 0.6353356890459364 0.5401404494382023
0 0.8137455830388692 0.036601123595505616 0.7929328621908127 0.05078651685393258 0.8315901060070672 0.05196629213483146 0.8286219081272085 0.048426966292134825 0.8137455830388692 0.036601123595505616
0 0.6576325088339223 0.23162921348314605 0.6427561837455831 0.2541011235955056 0.6828975265017667 0.2529213483146068 0.6576325088339223 0.23162921348314605
0 0.7523674911660777 0.14376404494382022 0.7648056537102473 0.145 0.769434628975265 0.12648876404494383 0.7508127208480565 0.12278089887640449 0.738374558303887 0.12401685393258427 0.7306360424028269 0.13143258426966292 0.7337455830388693 0.14252808988764046 0.7523674911660777 0.14376404494382022
0 0.4557243816254417 0.20426966292134832 0.443321554770318 0.2116573033707865 0.44798586572438165 0.23019662921348316 0.4634982332155477 0.23390449438202246 0.48215547703180206 0.2326685393258427 0.48215547703180206 0.2116573033707865 0.4557243816254417 0.20426966292134832
0 0.23519434628975266 0.12525280898876406 0.26007067137809187 0.11412921348314607 0.25851590106007066 0.10674157303370786 0.24141342756183742 0.09191011235955056 0.20568904593639575 0.10674157303370786 0.23519434628975266 0.12525280898876406
0 0.6203533568904593 0.849943820224719 0.6374558303886926 0.8092134831460673 0.6048409893992932 0.7684550561797753 0.4743816254416961 0.7696910112359551 0.4462897526501767 0.827808988764045 0.4557243816254417 0.880814606741573 0.5582332155477031 0.8857584269662921 0.6203533568904593 0.849943820224719
0 0.8207067137809188 0.8882022471910112 0.8564310954063604 0.8869662921348315 0.8734982332155476 0.8659831460674158 0.8657243816254417 0.8400561797752809 0.8502120141342757 0.8252528089887641 0.8129328621908127 0.8326685393258427 0.8004946996466431 0.8598314606741574 0.8004946996466431 0.880814606741573 0.8207067137809188 0.8882022471910112
0 0 0.6342415730337079 0.000706713780918728 0.6375842696629214 0.010035335689045936 0.6412921348314607 0.025547703180212017 0.6375842696629214 0.03487632508833922 0.6178370786516854 0.023992932862190813 0.6067415730337079 0.01314487632508834 0.6042696629213483 0.005371024734982332 0.6042696629213483 0 0.6085393258426965 0 0.6342415730337079
0 0.5225088339222616 0.2832865168539326 0.5085512367491165 0.2832865168539326 0.49455830388692584 0.29191011235955056 0.488339222614841 0.30426966292134827 0.503886925795053 0.3166011235955056 0.527173144876325 0.3104494382022472 0.5225088339222616 0.2832865168539326
0 0.059717314487632504 0.2178370786516854 0.08144876325088339 0.2104494382022472 0.086113074204947 0.19067415730337078 0.086113074204947 0.1820505617977528 0.07371024734982332 0.18820224719101122 0.059717314487632504 0.18943820224719102 0.03954063604240283 0.20426966292134832 0.04109540636042403 0.2141292134831461 0.059717314487632504 0.2178370786516854