0 0.37980694980694985 0.7901025641025641 0.34196911196911195 0.8068717948717948 0.3161003861003861 0.8624102564102564 0.29884169884169887 0.887076923076923 0.3194208494208494 0.9214871794871795 0.3784942084942085 0.9400000000000001 0.4023938223938224 0.925025641025641 0.3977220077220077 0.8641538461538462 0.3944015444015444 0.8227179487179488 0.3930888030888031 0.790974358974359
0 0.35258687258687255 0.3977948717948718 0.31544401544401546 0.40923076923076923 0.33003861003861007 0.4674358974358975 0.37915057915057915 0.4621538461538462 0.38247104247104247 0.43482051282051287
0 0.11667953667953668 0.3443589743589744 0.17185328185328186 0.3455384615384615 0.1940926640926641 0.3431794871794872 0.18432432432432433 0.3880512820512821 0.16474903474903477 0.39871794871794874 0.13447876447876447 0.38333333333333336
0 0.2145945945945946 0.15876923076923077 0.25374517374517375 0.1575897435897436 0.26528957528957525 0.20133333333333334 0.2466023166023166 0.23205128205128206 0.2208108108108108 0.21784615384615383 0.20922779922779922 0.19302564102564101
0 0.8473359073359074 0.3230769230769231 0.873127413127413 0.33605128205128204 0.898957528957529 0.37035897435897436 0.890926640926641 0.40815384615384614 0.8633590733590734 0.44364102564102564 0.8188416988416989 0.44246153846153846 0.8286486486486486 0.3975384615384615 0.825984555984556 0.36800000000000005
0 0.07223938223938224 0.3668717948717949 0.03737451737451737 0.39261538461538464 0.055057915057915054 0.4572307692307692 0.08714285714285715 0.44256410256410256 0.0949034749034749 0.4072820512820513
0 0.7867953667953668 0.6268205128205129 0.8081853281853282 0.654051282051282 0.8375289575289575 0.6705641025641025 0.8606949806949806 0.672923076923077 0.8811583011583012 0.7107692307692307 0.9181467181467182 0.7712820512820513 0.8861003861003861 0.8092307692307693 0.8007722007722008 0.8394871794871794 0.7627799227799228 0.7391282051282051 0.7663320463320463 0.6752820512820513 0.7752509652509653 0.6363076923076924
0 0.07575289575289576 0.667025641025641 0.09888030888030888 0.6741025641025641 0.13003861003861003 0.6930256410256409 0.10957528957528957 0.7213846153846153 0.09444015444015444 0.737948717948718 0.0722007722007722 0.7344102564102565 0.0544015444015444 0.7143076923076923
0 0.5435135135135135 0.7932820512820513 0.5282239382239382 0.818 0.5415057915057915 0.8541025641025641 0.5620849420849421 0.8585128205128205 0.5766795366795368 0.818
0 0.9099227799227799 0.48030769230769227 0.8886486486486487 0.4917948717948718 0.8933204633204633 0.5385128205128206 0.9198455598455599 0.5499487179487179 0.9331274131274132 0.5067692307692307
0 0.5503861003861005 0.4048205128205128 0.5218532818532818 0.4136410256410256 0.5125482625482626 0.44364102564102564 0.5225096525096525 0.4753846153846154 0.555057915057915 0.48333333333333334 0.576949806949807 0.4674358974358975 0.5782625482625483 0.4330769230769231
0 0.5245173745173745 0.21707692307692306 0.49598455598455604 0.22410256410256413 0.47405405405405404 0.26553846153846156 0.4767181467181467 0.2946153846153846 0.5105791505791506 0.2867179487179487 0.5251737451737453 0.262
0 0.19073359073359072 0.22256410256410256 0.1713899613899614 0.23292307692307693 0.1725868725868726 0.27076923076923076 0.19999999999999998 0.27076923076923076 0.2193050193050193 0.23846153846153847