0 0.29704761904761906 0.3575889328063241 0.21585714285714286 0.37770750988142293 0.2429047619047619 0.4320553359683795 0.30133333333333334 0.4261660079051383 0.29704761904761906 0.3575889328063241
0 0.607095238095238 0.5320553359683795 0.6457619047619049 0.5530434782608695 0.6755238095238096 0.5382213438735177 0.6636190476190477 0.5086166007905139 0.6234285714285713 0.4974703557312253 0.607095238095238 0.5320553359683795
0 0.9685238095238095 0.14316205533596837 0.9536666666666667 0.1468774703557312 0.9419047619047619 0.17391304347826086 0.958095238095238 0.19873517786561265 0.9744761904761904 0.19873517786561265 0.9819047619047618 0.17272727272727273 0.9685238095238095 0.14316205533596837
0 0.9358095238095239 0.07403162055335968 0.9714761904761904 0.09007905138339921 0.9982857142857142 0.07648221343873518 0.9759523809523809 0.04193675889328063 0.9596190476190477 0.048102766798418975 0.9358095238095239 0.07403162055335968
0 0.17723809523809522 0.24687747035573124 0.1698095238095238 0.24687747035573124 0.15047619047619049 0.2567588932806324 0.15938095238095237 0.26786561264822134 0.17723809523809522 0.2666403162055336 0.1817142857142857 0.25798418972332016 0.17723809523809522 0.24687747035573124
0 0.22485714285714284 0.24687747035573124 0.21295238095238095 0.25059288537549407 0.21147619047619046 0.27031620553359686 0.22185714285714286 0.2777470355731225 0.23971428571428574 0.2728063241106719 0.24119047619047618 0.25798418972332016 0.22485714285714284 0.24687747035573124
0 0.4821904761904762 0.5396442687747036 0.43333333333333335 0.5387351778656126 0.4422857142857143 0.5609090909090909 0.4665238095238095 0.5632806324110672 0.4821904761904762 0.5396442687747036
0 0.34261904761904766 0.5999209486166008 0.2856666666666667 0.5916205533596838 0.28847619047619044 0.6306324110671937 0.3340476190476191 0.6235573122529644 0.34261904761904766 0.5999209486166008
0 0.1531904761904762 0.9025296442687747 0.12047619047619047 0.897786561264822 0.10052380952380952 0.9296837944664031 0.15038095238095237 0.9391699604743083 0.1531904761904762 0.9025296442687747
0 0.6915238095238095 0.8268774703557312 0.6687142857142857 0.8067588932806324 0.6388095238095238 0.8162450592885375 0.6644285714285715 0.8552173913043478 0.6915238095238095 0.8268774703557312
0 0.6245714285714286 0.8410671936758893 0.6202857142857142 0.8067588932806324 0.5719047619047619 0.8162450592885375 0.5932380952380952 0.843399209486166 0.6245714285714286 0.8410671936758893
0 0.982 0.96399209486166 0.9535238095238096 0.9226086956521738 0.9065238095238095 0.9604347826086956 0.9321904761904761 0.9840711462450593 0.982 0.96399209486166
0 0.7399047619047618 0.6389328063241106 0.7484761904761905 0.6672727272727272 0.7840952380952381 0.7039130434782609 0.8054285714285714 0.6897628458498023 0.7869047619047619 0.6483794466403162 0.7399047619047618 0.6389328063241106
0 0.5078095238095238 0.3635177865612648 0.5391428571428571 0.4166798418972332 0.5946666666666667 0.4592490118577075 0.6003809523809523 0.4143478260869565 0.5790000000000001 0.3753359683794466 0.5078095238095238 0.3635177865612648
0 0.43942857142857145 0.271304347826087 0.438047619047619 0.2157707509881423 0.38533333333333336 0.22992094861660078 0.3881904761904762 0.25830039525691695 0.43942857142857145 0.271304347826087
0 0.3127142857142857 0.17557312252964427 0.37252380952380953 0.17557312252964427 0.42095238095238097 0.15901185770750986 0.3995714285714286 0.08691699604743082 0.3312380952380953 0.07628458498023716 0.2813809523809524 0.09047430830039525 0.2785238095238095 0.14245059288537548 0.3127142857142857 0.17557312252964427