0 0.5169498069498069 0.8152840909090909 0.5103088803088802 0.8152840909090909 0.507027027027027 0.8262499999999999 0.5152895752895753 0.839659090909091 0.5302316602316602 0.8250568181818182 0.5169498069498069 0.8152840909090909
0 0.7291505791505791 0.08829545454545454 0.7341312741312741 0.08221590909090909 0.7299613899613899 0.07244318181818182 0.72003861003861 0.07244318181818182 0.7159073359073359 0.08096590909090909 0.72003861003861 0.08948863636363637 0.7291505791505791 0.08829545454545454
0 0.5094980694980695 0.3322727272727273 0.49872586872586866 0.3359090909090909 0.5045173745173744 0.3578409090909091 0.5186100386100386 0.35301136363636365 0.5202702702702703 0.3407954545454545 0.5094980694980695 0.3322727272727273
0 0.41749034749034747 0.39204545454545453 0.4183397683397683 0.3847159090909091 0.4116988416988417 0.37738636363636363 0.4059073359073359 0.3810227272727273 0.4025868725868726 0.3944318181818182 0.4075289575289575 0.396875 0.41749034749034747 0.39204545454545453
0 0.4498069498069498 0.44812500000000005 0.4423552123552123 0.45176136363636366 0.444015444015444 0.4700568181818182 0.4531274131274131 0.4725 0.46308880308880307 0.4603409090909091 0.4498069498069498 0.44812500000000005
0 0.5683397683397683 0.5591477272727272 0.5650193050193051 0.5469318181818182 0.5525868725868726 0.548125 0.5517760617760618 0.5591477272727272 0.5525868725868726 0.57375 0.5625482625482625 0.5774431818181818 0.5683397683397683 0.5591477272727272
0 0.35366795366795367 0.03215909090909091 0.35285714285714287 0.02119318181818182 0.34208494208494206 0.01875 0.33876447876447874 0.026079545454545452 0.34042471042471045 0.03340909090909091 0.34621621621621623 0.035852272727272726 0.35366795366795367 0.03215909090909091
0 0.2972972972972973 0.30664772727272727 0.30474903474903475 0.3115340909090909 0.3105791505791506 0.3053977272727273 0.3113899613899614 0.2993181818181818 0.3064092664092664 0.2883522727272727 0.30393822393822395 0.2907954545454545 0.2956370656370656 0.2993181818181818 0.2972972972972973 0.30664772727272727
0 0.45644787644787643 0.5432954545454546 0.4498069498069498 0.5518181818181819 0.4572972972972973 0.5615909090909091 0.4713899613899614 0.5542613636363636 0.47135135135135137 0.5444886363636363 0.45644787644787643 0.5432954545454546
0 0.5186100386100386 0.2944318181818182 0.5128185328185328 0.3029545454545455 0.5219305019305019 0.3090909090909091 0.5318918918918919 0.30176136363636363 0.531042471042471 0.2944318181818182 0.5186100386100386 0.2944318181818182
0 0.7822007722007722 0.12125 0.7813899613899614 0.11511363636363638 0.7697683397683398 0.11636363636363636 0.7714285714285715 0.12488636363636364 0.7722007722007722 0.12954545454545455 0.7772200772200772 0.13340909090909092 0.7822007722007722 0.12125
0 0.6686486486486487 0.9250568181818182 0.6686486486486487 0.9128409090909091 0.6636679536679536 0.9079545454545456 0.6578764478764478 0.9103977272727272 0.6553667953667954 0.9189772727272728 0.6578764478764478 0.92625 0.6686486486486487 0.9250568181818182
0 0.5832818532818532 0.7603977272727274 0.5840926640926641 0.7457386363636364 0.5791119691119692 0.739659090909091 0.5725096525096525 0.7432954545454545 0.5708494208494208 0.7530681818181818 0.5733204633204634 0.7591477272727274 0.5832818532818532 0.7603977272727274
0 0.439034749034749 0.1993181818181818 0.439034749034749 0.18710227272727273 0.4349034749034749 0.18102272727272728 0.4274517374517374 0.1846590909090909 0.4282625482625483 0.19318181818181818 0.43243243243243246 0.1993181818181818 0.439034749034749 0.1993181818181818