0 0.6904368932038835 0.7765806451612903 0.6978640776699029 0.7815483870967742 0.7117961165048543 0.7679354838709678 0.7127184466019417 0.7556129032258064 0.6950970873786407 0.745741935483871 0.687621359223301 0.7568387096774194 0.6904368932038835 0.7765806451612903
0 0.6267475728155341 0.1814193548387097 0.5929611650485437 0.16012903225806452 0.5760679611650485 0.20980645161290323 0.5787378640776699 0.24877419354838712 0.6071844660194174 0.2429032258064516 0.6267475728155341 0.1814193548387097
0 0.49514563106796117 0.1152258064516129 0.49427184466019414 0.16251612903225807 0.5271359223300971 0.14006451612903226 0.49514563106796117 0.1152258064516129
0 0.4515533980582524 0.5821290322580646 0.4266504854368932 0.5656129032258065 0.42131067961165053 0.5939354838709677 0.44354368932038835 0.6234838709677419 0.45422330097087377 0.610516129032258 0.4515533980582524 0.5821290322580646
0 0.31548543689320385 0.7204516129032258 0.3297087378640777 0.6601290322580645 0.31902912621359225 0.6081290322580646 0.29766990291262135 0.5832903225806452 0.2994660194174757 0.5312903225806451 0.26300970873786406 0.5832903225806452 0.22742718446601942 0.584516129032258 0.22296116504854369 0.6247096774193548 0.23097087378640777 0.6625161290322581 0.2505339805825243 0.698 0.2683495145631068 0.7109677419354838 0.3092718446601942 0.7204516129032258 0.31548543689320385 0.7204516129032258
0 0.7868446601941748 0.8681935483870967 0.8295631067961164 0.8764516129032258 0.8322330097087378 0.8504516129032258 0.789514563106796 0.8232903225806452 0.7868446601941748 0.8681935483870967
0 0.525242718446602 0.49032258064516127 0.5166990291262136 0.4667096774193549 0.4888349514563107 0.4630322580645161 0.4795631067961165 0.48645161290322586 0.49271844660194175 0.5148387096774193 0.525242718446602 0.49032258064516127
0 0.49815533980582527 0.30496774193548387 0.5055825242718447 0.3061935483870968 0.5371359223300971 0.26548387096774195 0.5390291262135922 0.20374193548387096 0.48140776699029125 0.20129032258064516 0.4628640776699029 0.2543870967741935 0.49815533980582527 0.30496774193548387
0 0.5575728155339805 0.6222580645161291 0.5640776699029126 0.6926451612903226 0.5975242718446602 0.7333548387096774 0.6142718446601942 0.7494193548387097 0.6449029126213592 0.7284516129032258 0.6337864077669904 0.6321290322580645 0.5835922330097087 0.6161290322580645 0.5575728155339805 0.6222580645161291
0 0.3560194174757282 0.7876774193548387 0.336504854368932 0.8321290322580644 0.33742718446601944 0.885225806451613 0.36160194174757276 0.9087096774193548 0.41082524271844656 0.9123870967741935 0.4256796116504854 0.8272258064516129 0.4099029126213592 0.7901935483870968 0.3560194174757282 0.7876774193548387
0 0.27893203883495143 0.8556129032258065 0.28820388349514564 0.8741290322580646 0.32907766990291265 0.8580645161290322 0.32349514563106796 0.8012903225806451 0.2928640776699029 0.7926451612903226 0.27800970873786407 0.8136129032258065 0.27893203883495143 0.8556129032258065
0 0.2250485436893204 0.39264516129032256 0.207378640776699 0.3568387096774194 0.19436893203883496 0.3580645161290323 0.18233009708737866 0.3753548387096774 0.18883495145631068 0.40993548387096773 0.19902912621359223 0.4346451612903226 0.2092233009708738 0.4469677419354839 0.23063106796116503 0.4383225806451613 0.24364077669902912 0.42103225806451616 0.2250485436893204 0.39264516129032256
0 0.7248058252427184 0.7926451612903226 0.7284951456310679 0.7963225806451614 0.7378155339805825 0.7914193548387097 0.73873786407767 0.7839999999999999 0.735 0.7729032258064515 0.7248058252427184 0.7790322580645161 0.7248058252427184 0.7926451612903226