0 0.6661170212765958 0.46694845360824744 0.6816489361702128 0.48309278350515467 0.7159574468085106 0.4820618556701031 0.7242021276595745 0.4670103092783505 0.719095744680851 0.4523505154639175 0.6887765957446809 0.4474020618556701 0.6661170212765958 0.46694845360824744
0 0.9163297872340426 0.5618762886597938 0.910372340425532 0.5422886597938145 0.8860106382978723 0.5472783505154639 0.8855585106382979 0.5611752577319588 0.9062234042553192 0.5697113402061855 0.9163297872340426 0.5618762886597938
0 0.5275265957446809 0.6302268041237113 0.5170478723404255 0.618701030927835 0.5049202127659574 0.6383505154639175 0.5164893617021277 0.6422061855670104 0.5286436170212766 0.6434845360824741 0.5275265957446809 0.6302268041237113
0 0.44680851063829785 0.42 0.4441489361702128 0.4111340206185567 0.4351063829787234 0.40783505154639177 0.4263297872340426 0.41690721649484536 0.43670212765957445 0.43030927835051547 0.44680851063829785 0.42
0 0.1888031914893617 0.8429690721649484 0.20412234042553193 0.8572164948453608 0.2397340425531915 0.8491958762886598 0.2573670212765957 0.8308041237113402 0.23055851063829785 0.818020618556701 0.1983776595744681 0.8284123711340206 0.1888031914893617 0.8429690721649484
0 0.29449468085106384 0.8797938144329897 0.26960106382978727 0.8563298969072165 0.24587765957446808 0.8542474226804124 0.2508510638297872 0.8771134020618556 0.27917553191489364 0.8857319587628866 0.29449468085106384 0.8797938144329897
0 0.09420212765957447 0.8634639175257731 0.09305851063829788 0.8334639175257732 0.05704787234042553 0.8364329896907217 0.04901595744680851 0.8717731958762887 0.06510638297872341 0.878 0.09420212765957447 0.8634639175257731
0 0 0.5874490659793815 0.021968085106382977 0.5925567010309278 0.028856382978723404 0.5907628865979381 0.024707446808510634 0.5797319587628866 0.009547872340425532 0.5654845360824742 0 0.5678264309278351 0 0.5874490659793815
0 0.06896276595744681 0.3095670103092783 0.05332446808510639 0.293979381443299 0.0313031914893617 0.2964536082474227 0.03353723404255319 0.3214432989690722 0.05077127659574468 0.3236701030927835 0.06896276595744681 0.3095670103092783
0 0.31614361702127664 0.5730515463917526 0.34699468085106383 0.5732577319587628 0.3560372340425532 0.5662474226804124 0.3448670212765957 0.5476907216494845 0.28875 0.5534639175257732 0.28821808510638297 0.5635670103092784 0.31614361702127664 0.5730515463917526
0 0.43561170212765954 0.766020618556701 0.4630585106382979 0.772701030927835 0.4754521276595745 0.7676907216494845 0.4802925531914894 0.7388865979381444 0.4528191489361702 0.7326185567010309 0.4302127659574468 0.7443092783505155 0.43561170212765954 0.766020618556701
0 0.1622872340425532 0.6742886597938144 0.14095744680851063 0.6329278350515465 0.08300531914893618 0.6447422680412371 0.08148936170212766 0.6991134020618557 0.14704787234042552 0.7168453608247423 0.1622872340425532 0.6742886597938144
0 0.2190159574468085 0.3094020618556701 0.2175 0.2904948453608247 0.19614361702127658 0.30230927835051546 0.2022340425531915 0.32950515463917524 0.2251063829787234 0.31649484536082473 0.2190159574468085 0.3094020618556701
0 0.7178457446808512 0.17940206185567012 0.7235904255319149 0.2034639175257732 0.7588297872340425 0.20940206185567012 0.7733776595744681 0.20463917525773195 0.7802659574468085 0.1939587628865979 0.765345744680851 0.16575257731958762 0.7369946808510639 0.16218556701030928 0.7178457446808512 0.17940206185567012