0 0.6930516431924882 0.8845757575757577 0.6764788732394367 0.8853030303030303 0.6753521126760563 0.8988787878787878 0.6808920187793427 0.9103030303030303 0.6941784037558686 0.913151515151515 0.7007981220657278 0.8974545454545455
0 0.7270892018779342 0.8700000000000001 0.7051173708920188 0.8912727272727273 0.7563849765258217 0.9444848484848485 0.8351173708920188 0.9090303030303031 0.8186384976525822 0.8806363636363637 0.7765258215962442 0.8652727272727273
0 0.7124413145539906 0.5898787878787879 0.6868075117370892 0.6253333333333334 0.6886384976525822 0.687969696969697 0.7582159624413145 0.6926969696969697 0.8570892018779342 0.6796969696969697 0.8570892018779342 0.6146969696969696 0.825962441314554 0.6016969696969697 0.7765258215962442 0.5886969696969697
0 0.3320657276995305 0.06172727272727273 0.2613145539906103 0.060515151515151515 0.23070422535211269 0.11730303030303031 0.2823474178403756 0.13706060606060605 0.35882629107981223 0.11606060606060606 0.3511737089201878 0.09754545454545453
0 0.6676056338028169 0.4293939393939394 0.5812676056338029 0.42727272727272725 0.5646478873239437 0.4608484848484849 0.597887323943662 0.4894242424242424 0.6753521126760563 0.4908484848484848
0 0.5981220657276995 0.6012121212121212 0.5500938967136151 0.6135757575757576 0.5500938967136151 0.6395151515151515 0.5902816901408451 0.637060606060606 0.605586854460094 0.637060606060606
0 0.9900469483568075 0.07409090909090908 0.9402816901408451 0.0716060606060606 0.9154460093896714 0.10248484848484848 0.9269014084507042 0.13087878787878787 0.9804694835680752 0.121 0.9919248826291079 0.1
0 0.26723004694835684 0.706969696969697 0.2107981220657277 0.7141212121212122 0.21521126760563383 0.7426969696969697 0.2805164319248826 0.7512727272727272 0.2960093896713615 0.7291212121212122
0 0.22629107981220659 0.7741212121212121 0.20525821596244131 0.7798484848484849 0.21187793427230048 0.7955454545454544 0.234037558685446 0.7934242424242424
0 0.41112676056338027 0.8763030303030304 0.40338028169014084 0.8855757575757576 0.4177934272300469 0.8963030303030303 0.43436619718309855 0.8941515151515151 0.43436619718309855 0.8777272727272727
0 0.5558215962441314 0.347969696969697 0.49934272300469484 0.35366666666666663 0.486056338028169 0.40939393939393937 0.5535680751173708 0.4286969696969697 0.5934272300469484 0.3893939393939394 0.597887323943662 0.35654545454545455
0 0.3951643192488263 0.521 0.34544600938967135 0.5358181818181817 0.35882629107981223 0.5592727272727273 0.38370892018779346 0.5555757575757576