0 0.4768617021276596 0.3325773195876289 0.4574468085106383 0.32618556701030926 0.4385372340425532 0.33014432989690723 0.43215425531914897 0.35364948453608247 0.45736702127659573 0.3712164948453608 0.47819148936170214 0.35917525773195874
0 0.5798138297872341 0.17723711340206183 0.5545478723404255 0.18185567010309278 0.5609840425531915 0.2007422680412371 0.5789095744680851 0.20109278350515464 0.5899202127659574 0.18507216494845363
0 0.7219680851063829 0.08441237113402061 0.6580053191489361 0.08014432989690722 0.671781914893617 0.12032989690721649 0.7258510638297873 0.12032989690721649 0.733563829787234 0.1028041237113402
0 0.15077127659574469 0.03639175257731959 0.13545212765957446 0.039113402061855665 0.14311170212765958 0.05865979381443299 0.16289893617021275 0.05791752577319587 0.17279255319148937 0.03936082474226804 0.16545212765957448 0.03416494845360825
0 0.17949468085106382 0.05 0.16768617021276594 0.055443298969072165 0.16832446808510637 0.06608247422680412 0.1881117021276596 0.06905154639175258 0.19832446808510637 0.05841237113402061 0.19672872340425532 0.05074226804123711
0 0.6679787234042553 0.478659793814433 0.6531117021276596 0.4867835051546392 0.6784574468085106 0.4961855670103093 0.6834308510638298 0.48721649484536084 0.6850797872340425 0.4777938144329897
0 0.39680851063829786 0.5412371134020618 0.3853723404255319 0.5432989690721649 0.3811170212765958 0.5503092783505155 0.3928191489361702 0.5571134020618557 0.41010638297872337 0.5490721649484537
0 0.9504255319148937 0.7017731958762887 0.9267021276595745 0.6881030927835052 0.9102127659574468 0.7088865979381443 0.9236170212765956 0.7338350515463918 0.9423936170212766 0.7412577319587629 0.9607712765957447 0.729381443298969
0 0.9898936170212765 0.6593195876288659 0.959627659574468 0.6786185567010309 0.9569414893617021 0.6970103092783505 0.9864361702127659 0.6931546391752578 0.9975531914893616 0.6711958762886597
0 0.9688297872340424 0.8145979381443299 0.9301329787234043 0.8154845360824742 0.9339627659574469 0.8434020618556701 0.9795478723404255 0.8496288659793815 0.9875797872340425 0.8371546391752577
0 0.6028457446808511 0.8684742268041237 0.5844680851063829 0.8802268041237113 0.5904255319148937 0.8948247422680412 0.6111170212765957 0.891979381443299 0.6193882978723404 0.87059793814433 0.6170744680851065 0.8652577319587629
0 0.4452127659574468 0.9898969072164949 0.4353723404255319 0.989278350515464 0.4308510638297872 0.9938144329896907 0.4343085106382979 0.9995876288659794 0.43829787234042555 0.9997938144329896 0.44468085106382976 0.9991752577319588 0.44707446808510637 0.9981443298969073
0 0.2543617021276596 0.8341649484536082 0.23425531914893616 0.8462886597938144 0.2374468085106383 0.863360824742268 0.26968085106382983 0.8616288659793814 0.2725531914893617 0.8482680412371134
0 0.5854521276595744 0.6116082474226804 0.5615159574468085 0.6202680412371133 0.5689627659574469 0.6637731958762887 0.5819946808510639 0.6641855670103093 0.5942287234042554 0.6425360824742268 0.5944946808510638 0.6186185567010308
0 0.8452925531914893 0.5190309278350516 0.8081382978723405 0.5152783505154639 0.8000531914893617 0.5365773195876289 0.8151329787234043 0.5541030927835052 0.8431382978723404 0.5499175257731959 0.8517553191489361 0.528639175257732
0 0.724813829787234 0.7618144329896908 0.6714627659574468 0.7783505154639175 0.6867021276595744 0.8232783505154639 0.7568351063829787 0.8244536082474228 0.7797074468085107 0.7736288659793814
0 0.2541489361702128 0.7178350515463917 0.22976063829787235 0.7190103092783505 0.24500000000000002 0.7355670103092784 0.28007978723404253 0.7308453608247423 0.2632978723404255 0.7131134020618557
0 0.10523936170212767 0.2827216494845361 0.0688563829787234 0.2942886597938144 0.06425531914893617 0.3162680412371134 0.0864627659574468 0.3311134020618557 0.1175 0.326659793814433 0.12515957446808512 0.299340206185567 0.11901595744680851 0.2880618556701031