0 0.7102923976608186 0.829753086419753 0.6814619883040935 0.8465432098765431 0.6854385964912281 0.8728395061728396 0.7053216374269006 0.8728395061728396 0.7142690058479532 0.8591358024691358
0 0.2941520467836257 0.7030864197530865 0.2607017543859649 0.724320987654321 0.20684210526315788 0.7775308641975308 0.2415204678362573 0.8035185185185184 0.21368421052631578 0.823641975308642 0.2146783625730994 0.8484567901234568 0.2325730994152047 0.8685802469135803 0.2629239766081871 0.8614814814814815 0.28076023391812865 0.8484567901234568 0.2931578947368421 0.8661728395061727 0.32900584795321636 0.8437037037037037 0.36023391812865496 0.7905555555555556 0.383859649122807 0.7669135802469136 0.37040935672514624 0.6995061728395061 0.33894736842105266 0.6841358024691357
0 0.8060233918128655 0.3626543209876543 0.8150292397660819 0.4205555555555555 0.8542105263157894 0.4134567901234568 0.8619298245614034 0.3815432098765432 0.828421052631579 0.36858024691358027
0 0.5729824561403509 0.25623456790123456 0.5428654970760234 0.2467901234567901 0.5384210526315789 0.22080246913580248 0.5069590643274854 0.2503703703703704 0.49573099415204674 0.27283950617283953 0.5226315789473684 0.30592592592592593 0.5326900584795322 0.3188888888888889 0.546140350877193 0.3437037037037037 0.5798245614035088 0.3354320987654321 0.6078362573099415 0.32839506172839505 0.5998830409356725 0.30117283950617285
0 0.604093567251462 0.8154320987654321 0.5684210526315789 0.8197530864197532 0.5752631578947369 0.8508024691358026 0.5875438596491228 0.859074074074074 0.5965497076023392 0.8957407407407408 0.6267836257309942 0.8862962962962964 0.6593567251461988 0.8390123456790123 0.6324561403508773 0.8307407407407408
0 0.526140350877193 0.3421604938271605 0.46941520467836256 0.34006172839506177 0.42959064327485375 0.3779012345679012 0.4355555555555556 0.42203703703703704 0.4902923976608187 0.43987654320987657 0.5321052631578947 0.42518518518518517 0.5370760233918129 0.39783950617283953
0 0.32105263157894737 0.13518518518518519 0.280233918128655 0.1509259259259259 0.2692982456140351 0.1908641975308642 0.2822222222222222 0.21919753086419752 0.332046783625731 0.20765432098765432 0.355906432748538 0.18141975308641975
0 0.2085964912280702 0.2287037037037037 0.1568421052631579 0.23080246913580246 0.13988304093567253 0.2643827160493827 0.14385964912280702 0.29487654320987655 0.17374269005847953 0.3032716049382716 0.21456140350877193 0.27283950617283953
0 0.09309941520467836 0.20870370370370372 0.04134502923976608 0.23919753086419754 0.04432748538011696 0.2927777777777778 0.07719298245614034 0.3116666666666667 0.1080701754385965 0.2675925925925926 0.11005847953216374 0.2475925925925926
0 0.12994152046783625 0.647962962962963 0.094093567251462 0.6931481481481482 0.09807017543859649 0.7235802469135802 0.12099415204678364 0.7235802469135802 0.14087719298245613 0.6689506172839507
0 0.127953216374269 0.8717901234567901 0.08812865497076024 0.8591358024691358 0.06321637426900585 0.882283950617284 0.08017543859649123 0.9180246913580247 0.11304093567251461 0.9295679012345679 0.14485380116959065 0.9127160493827161
0 0.9930409356725146 0.7078395061728395 0.9800584795321637 0.7193827160493828 0.9711111111111111 0.7467283950617284 0.9780701754385965 0.7572222222222222 0.9940350877192982 0.754074074074074 0.9990058479532165 0.7425308641975309 1 0.7375925925925926 1 0.7233950617283951
0 0.04134502923976608 0.533395061728395 0.005497076023391813 0.5481481481481482 0 0.5804938271604939 0 0.5899382716049383 0.02345029239766082 0.6038271604938271 0.05128654970760234 0.5491975308641975
0 0.65046783625731 0.9585802469135802 0.6223976608187135 0.9746296296296295 0.625906432748538 0.9980864197530864 0.6426900584795322 1 0.6481286549707602 1 0.6592397660818714 0.9894444444444443