0 0.5155000000000001 0.4299126637554585 0.4237777777777778 0.45 0.42527777777777775 0.5315720524017468 0.5185 0.5481222707423581 0.5921666666666667 0.4937554585152838 0.5726111111111111 0.45 0.5155000000000001 0.4299126637554585
0 0.3034444444444444 0.6521397379912663 0.33805555555555555 0.6486026200873363 0.30794444444444447 0.6131441048034935 0.29444444444444445 0.6107860262008734 0.24177777777777779 0.6237554585152839 0.3034444444444444 0.6521397379912663
0 0.5651111111111111 0.6379475982532751 0.5756111111111111 0.6970742358078602 0.6192222222222222 0.7254148471615721 0.6808888888888889 0.6615720524017468 0.5651111111111111 0.6379475982532751
0 0.3666111111111111 0.8448034934497817 0.32449999999999996 0.7939737991266376 0.2447777777777778 0.8353711790393014 0.2447777777777778 0.8979912663755458 0.3275 0.902707423580786 0.3666111111111111 0.8448034934497817
0 0.02266666666666667 0.8992576419213975 0.09227777777777778 0.9014410480349345 0.10805555555555556 0.8386899563318777 0.05605555555555555 0.8145851528384279 0.0012777777777777779 0.8459825327510917 0.02266666666666667 0.8992576419213975
0 0.3367222222222222 0.6547161572052402 0.29794444444444446 0.6595633187772926 0.305 0.6881222707423581 0.33516666666666667 0.6759825327510918 0.3367222222222222 0.6547161572052402
0 0.3516111111111111 0.25078602620087337 0.47461111111111115 0.2381659388646288 0.5387777777777778 0.18139737991266375 0.4973333333333333 0.09524017467248908 0.35694444444444445 0.08790393013100437 0.2673888888888889 0.0994759825327511 0.2687222222222222 0.12152838427947597 0.2967777777777778 0.1961135371179039 0.3516111111111111 0.25078602620087337
0 0.5921666666666667 0.09895196506550219 0.6177222222222222 0.09183406113537118 0.5771666666666667 0.06703056768558951 0.5741111111111111 0.08358078602620088 0.5771666666666667 0.10720524017467249 0.5921666666666667 0.09895196506550219
0 0.7619444444444444 0.3696506550218341 0.7997222222222221 0.35781659388646286 0.8147222222222222 0.32 0.7801666666666667 0.30698689956331876 0.7604444444444444 0.3176419213973799 0.7619444444444444 0.3696506550218341
0 0.6192222222222222 0.42637554585152837 0.6702222222222223 0.42637554585152837 0.6853888888888889 0.37554585152838427 0.6792777777777778 0.33890829694323144 0.6312777777777777 0.2963318777292576 0.6027222222222222 0.2963318777292576 0.5771666666666667 0.3010917030567686 0.5500555555555556 0.3176419213973799 0.5666111111111111 0.39209606986899564 0.6192222222222222 0.42637554585152837
0 0.08238888888888889 0.35781659388646286 0.06583333333333333 0.3944541484716157 0.1092777777777778 0.3885589519650655 0.123 0.3531004366812227 0.08238888888888889 0.35781659388646286