0 0.8025628140703518 0.171 0.7623618090452262 0.18702777777777777 0.7545477386934674 0.23394444444444445 0.793643216080402 0.24383333333333335 0.8272361809045227 0.21913888888888888 0.8237939698492462 0.17222222222222222 0.8025628140703518 0.171
0 0.25894472361809046 0.9113611111111111 0.2867587939698492 0.8865277777777777 0.30386934673366833 0.8581666666666666 0.3049246231155779 0.823888888888889 0.3027889447236181 0.7884166666666667 0.2867587939698492 0.7470555555555556 0.2514572864321608 0.7115833333333333 0.19693467336683415 0.7009444444444445 0.12743718592964823 0.7470555555555556 0.08788944723618089 0.7825 0.06864321608040201 0.7990555555555556 0.06437185929648241 0.823888888888889 0.07826633165829146 0.8427777777777777 0.05778894472361809 0.9205555555555555 0.10427135678391959 0.9108333333333333 0.1306532663316583 0.9380555555555555 0.1712814070351759 0.9361666666666666 0.1873115577889447 0.9338055555555556 0.25894472361809046 0.9113611111111111
0 0.5334422110552763 0.18702777777777777 0.5323366834170854 0.20677777777777778 0.5446231155778894 0.22161111111111112 0.561356783919598 0.2018611111111111 0.5446231155778894 0.18702777777777777 0.5334422110552763 0.18702777777777777
0 0.611608040201005 0.1327222222222222 0.6005527638190955 0.09566666666666666 0.5871608040201005 0.09566666666666666 0.5937437185929648 0.13394444444444445 0.611608040201005 0.1327222222222222
0 0.7289698492462311 0.19566666666666666 0.7166834170854272 0.18455555555555556 0.698819095477387 0.1882777777777778 0.6942462311557789 0.22283333333333333 0.6853266331658291 0.25369444444444444 0.7077638190954774 0.25122222222222224 0.7344472361809046 0.23272222222222222 0.7289698492462311 0.19566666666666666
0 0.585929648241206 0 0.573643216080402 0.0030833333333333338 0.5882663316582915 0.01913888888888889 0.5983165829145729 0.021611111111111112 0.6083668341708542 0.0067777777777777775 0.611608040201005 0.0018611111111111111 0.6082914572864322 0 0.585929648241206 0
0 0.8886683417085427 0.22408333333333333 0.8596231155778894 0.20308333333333334 0.8495728643216081 0.23147222222222222 0.8628643216080403 0.271 0.9064321608040201 0.3055555555555556 0.9087688442211055 0.2808611111111111 0.8886683417085427 0.22408333333333333
0 0.3737688442211055 0.16975 0.3448241206030151 0.16111111111111112 0.340251256281407 0.17469444444444446 0.34248743718592967 0.20925 0.35934673366834174 0.22655555555555557 0.3783417085427136 0.21419444444444444 0.3737688442211055 0.16975
0 0.861859296482412 0.48086111111111113 0.8729145728643216 0.5191388888888888 0.9030653266331659 0.5228333333333334 0.9153517587939699 0.4845555555555556 0.8897738693467336 0.45863888888888893 0.861859296482412 0.48086111111111113
0 0.8417587939698492 0.30186111111111114 0.8194221105527638 0.3006111111111111 0.8082914572864321 0.32416666666666666 0.8338442211055277 0.34505555555555556 0.8651005025125629 0.33641666666666664 0.8708040201005025 0.32530555555555557 0.8417587939698492 0.30186111111111114
0 0.5412562814070352 0.4240833333333333 0.5434924623115578 0.40925000000000006 0.5391457286432161 0.3858055555555555 0.523391959798995 0.371 0.5122361809045226 0.38086111111111115 0.515678391959799 0.39691666666666664 0.5245226130653267 0.42036111111111113 0.5412562814070352 0.4240833333333333
0 0.476608040201005 0.7203611111111111 0.4642211055276382 0.73025 0.4542713567839196 0.745 0.4754773869346734 0.7808611111111111 0.48889447236180905 0.76975 0.49000000000000005 0.7450555555555556 0.476608040201005 0.7203611111111111
0 0 0.2647222222222222 0.009824120603015076 0.28250000000000003 0.044045226130653266 0.2907777777777778 0.03015075376884422 0.23994444444444443 0 0.2599444444444444 0 0.2647222222222222
0 0.05153266331658292 0.5177222222222222 0.05045226130653266 0.5472777777777778 0.05793969849246231 0.5768333333333333 0.09324120603015075 0.5768333333333333 0.08788944723618089 0.5531944444444444 0.05153266331658292 0.5177222222222222
0 0.3509045226130653 0.5815555555555556 0.33914572864321607 0.5626388888888889 0.29316582914572864 0.5626388888888889 0.2910301507537688 0.5780277777777778 0.30706030150753766 0.6051944444444445 0.32952261306532665 0.6028333333333333 0.3509045226130653 0.5815555555555556
0 0.452462311557789 0.31325 0.4407035175879397 0.3120555555555556 0.42680904522613067 0.3238888888888889 0.4246733668341709 0.3451666666666667 0.452462311557789 0.31325
0 0.4107788944723618 0.35341666666666666 0.39045226130653266 0.3463333333333333 0.36266331658291456 0.3794444444444444 0.37336683417085426 0.4089722222222222 0.3968844221105528 0.4113611111111111 0.42145728643216085 0.39244444444444443 0.4107788944723618 0.35341666666666666
0 0.422537688442211 0.12294444444444444 0.40969849246231155 0.12883333333333333 0.408643216080402 0.15486111111111112 0.4171859296482412 0.15838888888888888 0.422537688442211 0.12294444444444444
0 0.27283919597989953 0.1808611111111111 0.25467336683417086 0.20213888888888887 0.2600251256281407 0.22813888888888886 0.26537688442211055 0.2505833333333333 0.2771356783919598 0.2505833333333333 0.2867587939698492 0.24230555555555558 0.2899497487437186 0.22930555555555554 0.29208542713567837 0.1820277777777778 0.28246231155778895 0.17850000000000002 0.28889447236180904 0.12294444444444444 0.2675125628140704 0.14658333333333334 0.27283919597989953 0.1808611111111111
0 0.6915326633165829 0 0.672713567839196 0.009444444444444445 0.6641708542713567 0.018916666666666665 0.6481407035175879 0.039 0.6406532663316583 0.04847222222222222 0.6876884422110553 0.08627777777777777 0.6994472361809045 0.04136111111111111 0.712286432160804 0.02363888888888889 0.7101507537688442 0.0035555555555555557 0.7018090452261306 0 0.6915326633165829 0
0 0.8801507537688442 0.14183333333333334 0.8694472361809046 0.1323888888888889 0.8502010050251256 0.12530555555555556 0.849145728643216 0.13358333333333333 0.8544723618090452 0.14302777777777778 0.8566331658291457 0.1761111111111111 0.8801507537688442 0.14183333333333334