0 0.8131159420289855 0.6667241379310345 0.7884782608695652 0.6391379310344827 0.772536231884058 0.6425862068965518 0.736304347826087 0.6448850574712643 0.708768115942029 0.6609770114942529 0.7029710144927537 0.6701724137931034 0.6957246376811594 0.708103448275862 0.7015217391304348 0.747183908045977 0.7348550724637681 0.7678735632183908 0.7870289855072464 0.7747701149425288 0.8268840579710145 0.7621264367816093 0.8348550724637681 0.7075287356321839 0.8131159420289855 0.6667241379310345
0 0.9197826086956522 0.04557471264367816 0.903840579710145 0.05132183908045977 0.9074637681159421 0.06568965517241379 0.9292028985507246 0.06683908045977012 0.935 0.05304597701149426 0.9197826086956522 0.04557471264367816
0 0.4096376811594203 0.045 0.38717391304347826 0.048448275862068964 0.39369565217391306 0.06511494252873563 0.4103623188405797 0.06741379310344828 0.41833333333333333 0.05764367816091954 0.4096376811594203 0.045
0 0.19586956521739132 0.11454022988505747 0.19369565217391305 0.10591954022988506 0.17775362318840582 0.09327586206896551 0.15094202898550724 0.10017241379310345 0.1523913043478261 0.11798850574712644 0.17340579710144927 0.12316091954022988 0.19586956521739132 0.11454022988505747
0 0.40166666666666667 0.362816091954023 0.4067391304347826 0.35304597701149426 0.4002173913043478 0.3404022988505747 0.385 0.3404022988505747 0.37775362318840583 0.3536206896551724 0.3813768115942029 0.3656896551724138 0.40166666666666667 0.362816091954023
0 0.2313768115942029 0.42660919540229886 0.20963768115942027 0.4346551724137931 0.2132608695652174 0.45304597701149424 0.23572463768115942 0.45132183908045975 0.23789855072463767 0.44212643678160923 0.2313768115942029 0.42660919540229886
0 0.8828985507246377 0.7050574712643679 0.888695652173913 0.7119540229885057 0.9010144927536232 0.7125287356321839 0.9060869565217392 0.7016091954022988 0.9060869565217392 0.6912643678160919 0.9010144927536232 0.6883908045977012 0.8879710144927536 0.6906896551724139 0.8828985507246377 0.7050574712643679
0 0.9604347826086956 0.6188505747126437 0.9604347826086956 0.6131034482758622 0.9481159420289855 0.5981609195402299 0.9198550724637681 0.6073563218390805 0.9176811594202898 0.6257471264367815 0.943768115942029 0.6337931034482759 0.9604347826086956 0.6188505747126437
0 0.514855072463768 0.4925862068965517 0.5358695652173914 0.4966091954022988 0.5554347826086957 0.4891379310344828 0.5583333333333333 0.4810919540229885 0.547463768115942 0.46902298850574714 0.5286231884057971 0.47477011494252874 0.5155797101449275 0.48396551724137926 0.514855072463768 0.4925862068965517
0 0.125 0.2897126436781609 0.13007246376811593 0.2736206896551724 0.11702898550724637 0.26902298850574713 0.10326086956521739 0.2741954022988506 0.09963768115942029 0.29086206896551725 0.11268115942028986 0.2989080459770115 0.125 0.2897126436781609
0 0.4623188405797101 0.09787356321839082 0.4657971014492754 0.0895977011494253 0.456231884057971 0.07649425287356322 0.4405797101449275 0.07580459770114942 0.4292753623188406 0.09097701149425287 0.44405797101449274 0.10132183908045976 0.4623188405797101 0.09787356321839082