0 0.1576969696969697 0.17396551724137932 0.19593939393939394 0.17445402298850574 0.2113939393939394 0.14899425287356322 0.18757575757575756 0.13821839080459772 0.14315151515151517 0.13724137931034483 0.12672727272727272 0.16123563218390805 0.1576969696969697 0.17396551724137932
0 0.7486060606060606 0.558132183908046 0.7561212121212122 0.5214655172413794 0.7087272727272728 0.5285632183908046 0.7037575757575758 0.5404022988505747 0.7486060606060606 0.558132183908046
0 1 0.7141379310344828 0.9655151515151515 0.7141379310344828 0.9355757575757576 0.7129597701149426 0.9181818181818182 0.7389655172413794 0.9755151515151516 0.7519827586206896 1 0.7233620689655172 1 0.7141379310344828
0 0.5118181818181818 0.8914655172413793 0.5118181818181818 0.9020977011494253 0.7361818181818182 0.9044540229885057 0.7087272727272728 0.8642816091954022 0.6963030303030303 0.8500862068965517 0.6489090909090909 0.8382758620689656 0.5342424242424243 0.8701724137931034 0.5118181818181818 0.8914655172413793
0 0.3096969696969697 0.135632183908046 0.2696969696969697 0.17959770114942528 0.27745454545454545 0.2779885057471264 0.37218181818181817 0.3075287356321839 0.5284848484848486 0.28936781609195406 0.6024242424242424 0.20373563218390806 0.5167878787878788 0.14795977011494255 0.45515151515151514 0.09655172413793103 0.3096969696969697 0.135632183908046
0 0.47 0.7386781609195402 0.408969696969697 0.7351436781609195 0.38666666666666666 0.7676149425287356 0.42236363636363633 0.7810057471264369 0.4863636363636364 0.7661781609195402 0.47 0.7386781609195402
0 0.7719393939393939 0.7802873563218391 0.7719393939393939 0.8028735632183908 0.8002424242424242 0.8162643678160919 0.8746060606060606 0.7824137931034482 0.8998787878787878 0.74433908045977 0.8850303030303031 0.7259770114942529 0.8061818181818182 0.7379885057471264 0.7719393939393939 0.7802873563218391
0 0.7466666666666667 0.7012931034482759 0.8136363636363636 0.6766091954022989 0.8166060606060607 0.6385344827586207 0.7749090909090909 0.6237068965517242 0.7124848484848485 0.6357183908045977 0.6901212121212121 0.6695689655172413 0.7466666666666667 0.7012931034482759
0 0.9251515151515152 0.5976149425287356 0.8835151515151515 0.5863505747126437 0.8255151515151515 0.6152586206896552 0.8596969696969696 0.6286494252873563 0.9087878787878787 0.6166666666666667 0.9251515151515152 0.5976149425287356
0 0.8270909090909091 0.25626436781609196 0.7909696969696969 0.2489080459770115 0.7536363636363635 0.2699712643678161 0.7888484848484848 0.28908045977011493 0.8342424242424242 0.2783045977011494 0.8270909090909091 0.25626436781609196
0 0.9984848484848485 0.346867816091954 0.9675757575757576 0.33413793103448275 0.9159393939393939 0.3454022988505747 0.9375151515151515 0.37724137931034485 0.9861818181818182 0.3738218390804598 0.9984848484848485 0.346867816091954
0 0.4195757575757576 0.6604885057471265 0.3959393939393939 0.6576149425287356 0.3801818181818182 0.6625 0.3910909090909091 0.6757183908045977 0.41896969696969694 0.6722701149425288 0.4195757575757576 0.6604885057471265
0 0.17242424242424242 0.823103448275862 0.16399999999999998 0.8439655172413792 0.1744848484848485 0.8553735632183909 0.22484848484848485 0.8617816091954023 0.23030303030303031 0.8344827586206895 0.2143030303030303 0.8106896551724138 0.20381818181818184 0.8047413793103448 0.17242424242424242 0.823103448275862