0 0.3643031784841076 0.5867521367521368 0.33643031784841076 0.6444444444444445 0.36625916870415653 0.6555555555555556 0.3865525672371638 0.6166666666666667 0.3643031784841076 0.5867521367521368
0 0 0.0817948717948718 0.004792176039119804 0.09363247863247863 0.018728606356968217 0.09876068376068375 0.02728606356968215 0.07995726495726496 0.02508557457212714 0.0414957264957265 0.012127139364303178 0.037222222222222226 0.003814180929095355 0.04064102564102564 0 0.04863247863247864 0 0.0817948717948718
0 0.1782885085574572 0.977051282051282 0.1923716381418093 0.9813675213675213 0.2050366748166259 0.9672222222222223 0.2050366748166259 0.9370512820512821 0.19413202933985332 0.9032051282051282 0.1701955990220049 0.8896581196581197 0.15083129584352079 0.8927350427350428 0.14166259168704157 0.9087606837606838 0.16102689486552568 0.9622649572649572 0.1782885085574572 0.977051282051282
0 0.8321271393643032 0.4038034188034188 0.830122249388753 0.42658119658119653 0.8486797066014671 0.43534188034188037 0.865721271393643 0.4291880341880342 0.8722493887530562 0.3967948717948718 0.8542053789731051 0.3713675213675214 0.8321271393643032 0.4038034188034188
0 0.5188264058679707 0.8041880341880342 0.5333740831295843 0.7945726495726496 0.5399022004889975 0.7595299145299145 0.5243520782396088 0.7507692307692307 0.5083129584352079 0.7901709401709403 0.5188264058679707 0.8041880341880342
0 0.8847677261613692 0.8021367521367521 0.8962836185819071 0.8116239316239315 0.9159413202933986 0.8282051282051283 0.9322004889975549 0.7713675213675214 0.9186308068459659 0.7263675213675214 0.8983129584352079 0.7547863247863248 0.8847677261613692 0.8021367521367521
0 0.7159413202933985 0.4387179487179487 0.728117359413203 0.3688461538461539 0.707799511002445 0.3155555555555556 0.6664792176039119 0.3723931623931624 0.6664792176039119 0.4185897435897436 0.7159413202933985 0.4387179487179487
0 0.06552567237163814 0.5014529914529915 0.0634963325183374 0.5441025641025641 0.08312958435207823 0.5488461538461539 0.09872860635696822 0.4837179487179487 0.06552567237163814 0.5014529914529915
0 0.06755501222493887 0.3309401709401709 0.07095354523227383 0.27055555555555555 0.03706601466992665 0.27884615384615385 0.029608801955990218 0.32384615384615384 0.049266503667481656 0.33807692307692305 0.06755501222493887 0.3309401709401709
0 0.1745965770171149 0.3949145299145299 0.1671393643031785 0.42333333333333334 0.18816625916870414 0.4458119658119658 0.19831295843520783 0.4043589743589744 0.1745965770171149 0.3949145299145299
0 0.8246210268948655 0.2881196581196581 0.8221026894865526 0.30743589743589744 0.830122249388753 0.3573504273504274 0.8481662591687041 0.35474358974358977 0.8552078239608801 0.30653846153846154 0.8396577017114915 0.2855128205128205 0.8246210268948655 0.2881196581196581
0 0.1582640586797066 0.6206837606837607 0.18474327628361858 0.5744017094017094 0.16430317848410758 0.5355128205128206 0.1372127139364303 0.5470512820512821 0.142640586797066 0.5975213675213675 0.1582640586797066 0.6206837606837607
0 0.7885574572127139 0.9973931623931623 0.8090220048899756 0.9931623931623932 0.79880195599022 0.9626923076923077 0.7825427872860635 0.9595299145299145 0.7801466992665036 0.9721367521367521 0.7885574572127139 0.9973931623931623
0 0.4556234718826406 0.9515811965811966 0.4577017114914425 0.9683760683760684 0.46163814180929097 0.9831196581196582 0.4826894865525672 0.9585897435897436 0.4761858190709046 0.934059829059829 0.46014669926650364 0.9358119658119658 0.4556234718826406 0.9515811965811966
0 0.48806845965770174 0.23042735042735044 0.4959902200488998 0.2297008547008547 0.4985085574572127 0.20632478632478632 0.4934963325183374 0.1858974358974359 0.48178484107579467 0.18367521367521367 0.4688508557457213 0.19829059829059828 0.45755501222493883 0.23115384615384618 0.47469437652811736 0.23042735042735044 0.48806845965770174 0.23042735042735044
0 0.14012224938875306 0.7722649572649573 0.11577017114914426 0.7734615384615385 0.11366748166259169 0.8343162393162393 0.1154034229828851 0.8604700854700854 0.13315403422982885 0.8756837606837606 0.15892420537897312 0.8476923076923077 0.16031784841075794 0.8014529914529914 0.14012224938875306 0.7722649572649573