0 0.28553623188405797 0.15493243243243243 0.271768115942029 0.18702702702702703 0.28342028985507245 0.2178716216216216 0.3099130434782609 0.2006081081081081 0.30884057971014495 0.16108108108108107 0.28553623188405797 0.15493243243243243
0 0.3120289855072464 0.36108108108108106 0.32791304347826083 0.33885135135135136 0.3099130434782609 0.32530405405405405 0.30568115942028984 0.33888513513513513 0.3120289855072464 0.36108108108108106
0 0.8861159420289855 0.5018243243243243 0.870231884057971 0.5253040540540541 0.8787246376811595 0.5660135135135135 0.9200289855072464 0.5635472972972974 0.9231884057971015 0.524054054054054 0.8861159420289855 0.5018243243243243
0 0.799159420289855 0.29195945945945945 0.8102898550724638 0.25530405405405404 0.7961159420289856 0.24114864864864863 0.7859710144927538 0.2600337837837838 0.799159420289855 0.29195945945945945
0 0.4028985507246377 0.30202702702702705 0.468695652173913 0.2847972972972973 0.4979420289855072 0.2505743243243243 0.5233043478260869 0.19503378378378378 0.5192463768115941 0.14655405405405406 0.47460869565217395 0.12175675675675675 0.4205797101449275 0.08783783783783784 0.42550724637681164 0.125 0.39420289855072466 0.15270270270270273 0.36434782608695654 0.1304054054054054 0.36086956521739133 0.19425675675675674 0.3881159420289855 0.22398648648648647 0.4028985507246377 0.30202702702702705
0 0.4468928956521739 1 0.4744927536231884 0.9891891891891892 0.5173913043478261 0.9202702702702702 0.46750724637681157 0.8510472972972973 0.46144927536231883 0.8215202702702702 0.4421739130434783 0.7765878378378378 0.4289855072463768 0.7435135135135136 0.4107246376811594 0.7281418918918919 0.3620579710144927 0.7387837837837838 0.341768115942029 0.7458445945945946 0.3235072463768116 0.755304054054054 0.2870144927536232 0.7754054054054055 0.2667246376811594 0.7966891891891892 0.23730434782608698 0.8498648648648649 0.24744927536231887 0.8888851351351352 0.2494782608695652 0.9196283783783783 0.26571014492753625 0.9385472972972974 0.2728115942028986 0.9538851351351352 0.29310144927536236 0.9739864864864866 0.32452173913043475 0.991722972972973 0.3486907391304348 1 0.4468928956521739 1
0 0.7473623188405797 0.5228040540540541 0.7304347826086957 0.5425675675675675 0.7335942028985507 0.5894932432432433 0.7622028985507245 0.5833108108108108 0.7727826086956522 0.5376351351351351 0.7473623188405797 0.5228040540540541
0 0.8172753623188406 0.7561486486486486 0.8246956521739129 0.735168918918919 0.8119710144927537 0.7277702702702702 0.805623188405797 0.7277702702702702 0.7908115942028985 0.7376351351351351 0.7992753623188406 0.7647972972972973 0.8172753623188406 0.7561486486486486
0 0.86 0.5047297297297297 0.8863768115942029 0.491722972972973 0.8731884057971014 0.46097972972972967 0.8397101449275362 0.46689189189189184 0.86 0.5047297297297297
0 0.9153235999999999 1 0.9173623188405797 0.9910810810810812 0.9088985507246377 0.9553040540540539 0.9014782608695652 0.9491216216216216 0.8855942028985506 0.9342905405405406 0.8728985507246376 0.9441891891891893 0.8474782608695652 0.952804054054054 0.8368695652173914 0.929358108108108 0.8146376811594204 0.9330743243243244 0.8051014492753623 0.9565202702702702 0.8114492753623188 0.9985135135135135 0.8347536231884058 0.9960135135135135 0.842443431884058 1 0.9153235999999999 1
0 0.7180289855072464 0.24702702702702703 0.7413333333333333 0.22222972972972974 0.7271304347826087 0.20331081081081082 0.7048405797101449 0.21631756756756756 0.7180289855072464 0.24702702702702703
0 0.21043478260869564 0.1277027027027027 0.19869565217391302 0.13888513513513515 0.20504347826086955 0.17219594594594595 0.22202898550724637 0.1733108108108108 0.23365217391304346 0.1450337837837838 0.21043478260869564 0.1277027027027027
0 0.7982028985507246 0.06354729729729729 0.7802028985507247 0.09442567567567567 0.7537391304347827 0.13023648648648647 0.7632463768115941 0.16108108108108107 0.7929275362318841 0.16233108108108107 0.8151594202898551 0.1450337837837838 0.8268115942028985 0.10800675675675675 0.8300000000000001 0.07712837837837837 0.8130434782608695 0.062331081081081076 0.7982028985507246 0.06354729729729729
0 0.4825507246376811 0.49567567567567566 0.498463768115942 0.5203378378378378 0.520695652173913 0.5178716216216216 0.5302318840579711 0.49442567567567564 0.526 0.46851351351351356 0.4973913043478261 0.46108108108108103 0.4899710144927536 0.4697297297297297 0.4825507246376811 0.49567567567567566
0 0.20927536231884059 0.38209459459459455 0.2061159420289855 0.40675675675675677 0.222 0.4154054054054054 0.23365217391304346 0.4006081081081081 0.23788405797101447 0.3845608108108108 0.20927536231884059 0.38209459459459455