0 0.7960579703125 0.749966215625 0.790782609375 0.7228040546875001 0.756869565625 0.7215540546875 0.7420579703125 0.7524324328125 0.7685217390625 0.7660135140625 0.7960579703125 0.749966215625
0 0.638231884375 0.7264864859375 0.6498840578125 0.7215540546875 0.6382608703125 0.700574325 0.6191884062499999 0.7190878374999999 0.638231884375 0.7264864859375
0 0.9602608703125 0.40675675624999996 0.9401159421875 0.3820608109375 0.91681159375 0.4203378375 0.9390724640625001 0.44006756718749995 0.95918840625 0.42527027031250003 0.9602608703125 0.40675675624999996
0 0.49843478281250003 0.049966215625 0.47936231874999996 0.00675675625 0.4454782609375 0.0104391890625 0.44336231875000004 0.05858108125 0.47828985468749996 0.0684797296875 0.49843478281250003 0.049966215625
0 0.7058840578125001 0.16668918906250002 0.72208695625 0.154864865625 0.7099420296875001 0.1383445953125 0.678492753125 0.1513175671875 0.7058840578125001 0.16668918906250002
0 0.7368115937499999 0.6304054046875 0.762318840625 0.6621621625 0.81710145 0.6581081078125 0.7979710140625 0.6233108109375001 0.8217391296875001 0.586824325 0.8536231890625 0.5925675671875 0.8245217390624999 0.5295945953125 0.8032463765625 0.4775675671875 0.7616521734374999 0.4728378375 0.714 0.5023986484375 0.68463768125 0.5364864859375 0.669855071875 0.613175675 0.7368115937499999 0.6304054046875
0 0.2890724640625 0.684425675 0.295130434375 0.6607770265624999 0.3042608703125 0.6040540546875001 0.2910724640625 0.5827702703125001 0.26269565156249997 0.5673986484375 0.224144928125 0.5449324328125 0.19881159375 0.537871621875 0.139420290625 0.47972972968749994 0.0802898546875 0.5297297296875 0.0565217390625 0.6121621625 0.0695652171875 0.6706081078125 0.0781159421875 0.7045270265625 0.0933333328125 0.7411486484375 0.11057970937499999 0.7647972968750001 0.1237391296875 0.773074325 0.1399710140625 0.79199324375 0.1663478265625 0.7943581078124999 0.1998260875 0.8061824328125 0.245449275 0.7718918921875 0.26371014531250003 0.74824324375 0.280956521875 0.705709459375 0.2890724640625 0.684425675
0 0.48043478281249996 0.21168918906249998 0.4677101453125 0.18206081093749998 0.4285217390625 0.1943918921875 0.42321739062499997 0.2277364859375 0.4634782609375 0.23141891874999998 0.48043478281249996 0.21168918906249998
0 0.27281159375 0.1511824328125 0.29611594218750004 0.161047296875 0.304579709375 0.143783784375 0.304579709375 0.136385134375 0.298231884375 0.1215540546875 0.280231884375 0.13020270312499999 0.27281159375 0.1511824328125
0 0.528405796875 0.1040540546875 0.5334782609375 0.065033784375 0.5071014500000001 0.0496621625 0.4959420296875 0.0804054046875 0.528405796875 0.1040540546875
0 0.1146666671875 0.0320608109375 0.10936231874999999 0.0234121625 0.0786666671875 0.013547296875 0.06278260937499999 0.018479729687499998 0.052173912499999996 0.039459459375 0.0617101453125 0.0764864859375 0.0744347828125 0.10983108125 0.0722898546875 0.13699324375 0.108318840625 0.14439189218749998 0.1284347828125 0.1332770265625 0.13162318906249998 0.107364865625 0.111507246875 0.095 0.11889855 0.065371621875 0.12739130468749998 0.050574324999999996 0.1146666671875 0.0320608109375
0 0.7433913046875 0.26125 0.754550725 0.23527027031249997 0.7383188406250001 0.218716215625 0.717043478125 0.24587837812500002 0.7433913046875 0.26125
0 0.819420290625 0.8375 0.804550725 0.8104391890624999 0.7802898546875 0.8239864859375 0.7812463765625 0.843783784375 0.8098260875 0.8511824328125 0.819420290625 0.8375
0 0.9433043484375 0.0684797296875 0.9496521734375 0.090675675 0.9644927531249999 0.0981081078125 0.9803768109375 0.0808108109375 0.972956521875 0.0524324328125 0.954956521875 0.049966215625 0.9433043484375 0.0684797296875
0 0.9644927531249999 0.03266891875 0.9613043484375 0.016621621875 0.9507246374999999 0.00425675625 0.9348405796874999 0.00425675625 0.9231884062500001 0.0264864859375 0.9380000000000001 0.043783784375 0.9486086953124999 0.048716215624999996 0.9570724640625 0.042533784375 0.9644927531249999 0.03266891875
0 0.8172463765625 0.20425675625 0.8479710140625001 0.1734121625 0.8744637687499999 0.15243243281250002 0.875507246875 0.135135134375 0.86281159375 0.11537162187500001 0.836318840625 0.1190878375 0.804550725 0.13266891875 0.7897101453125 0.15858108125 0.790782609375 0.193175675 0.8172463765625 0.20425675625
0 0.5047826093750001 0.4647635140625 0.4846666671875 0.475878378125 0.482550725 0.501790540625 0.5037101453124999 0.5203378375 0.5259710140625 0.5116891890625 0.5333913046875 0.503040540625 0.5270144921875 0.46969594531250003 0.5047826093750001 0.4647635140625
0 0.6011594203125 0.8388513515625 0.599043478125 0.80550675625 0.5852753625 0.8104391890624999 0.572579709375 0.8240202703125 0.58 0.842533784375 0.6011594203125 0.8388513515625