0 0.6146910109375 0.58621908125 0.609971909375 0.5668904593749999 0.5816011234375 0.5773144875 0.5662359546875 0.5907067140625 0.588679775 0.6233922265625 0.6146910109375 0.58621908125
0 0.9255617984375 0.581766784375 0.9173033703125 0.6219081265625 0.9480337078125001 0.666537103125 0.969297753125 0.6263604234375 0.9255617984375 0.581766784375
0 0.7482584265625001 0.1743462890625 0.7116292140625 0.17583038906249998 0.686797753125 0.19812720781249998 0.718707865625 0.2219434625 0.7530056187499999 0.2070671375 0.7482584265625001 0.1743462890625
0 0.7447191015625 0.72452296875 0.7825561796875 0.728975265625 0.8038202249999999 0.7155830390625 0.7991011234375 0.684381625 0.79199438125 0.6784098937499999 0.767162921875 0.6784098937499999 0.74235955 0.697738515625 0.7447191015625 0.72452296875
0 0.544074659375 0.7520210640625 0.5579494375 0.78547703125 0.5555898874999999 0.758727915625 0.5520505625000001 0.7319434625000001 0.5449438203125 0.7438515906250001 0.5307584265624999 0.767632509375 0.544074659375 0.7520210640625
0 0.63359550625 0.821166078125 0.6466011234375 0.8538869265625 0.6667134828125 0.8464310953125 0.6607865171875 0.8241342749999999 0.63359550625 0.821166078125
0 0.621797753125 0.889575971875 0.624157303125 0.8524028265625001 0.5981460671875001 0.850918728125 0.5910393265625 0.874699646875 0.607612359375 0.8925441703124999 0.621797753125 0.889575971875
0 0.5000280906250001 0.9490459359375001 0.5118539328125 0.9505300359375 0.5130337078125 0.9207773859374999 0.501207865625 0.9252650171875001 0.485842696875 0.9207773859374999 0.48702247187500003 0.9490459359375001 0.5000280906250001 0.9490459359375001
0 0.35227528124999996 0.34385159062500004 0.31918539375 0.36466431093749996 0.3085393265625 0.3944169609375 0.3085393265625 0.42565371093750004 0.3085393265625 0.48215547656249996 0.31918539375 0.5297173140625 0.359382021875 0.5431095406249999 0.4007584265625 0.5222968203125 0.44685393281249997 0.46431095468750005 0.4645786515625 0.465795053125 0.47522471875 0.43752650156249995 0.4645786515625 0.372120140625 0.42084269687500003 0.33494699687499996 0.35227528124999996 0.34385159062500004
0 0.452752809375 0.17583038906249998 0.43384831406249996 0.273957596875 0.440926965625 0.3260070671875 0.45985955 0.36466431093749996 0.5319382015625 0.395901059375 0.57449438125 0.327491165625 0.56859550625 0.318586571875 0.5319382015625 0.27696113125 0.5177808984375 0.24572438124999998 0.501207865625 0.18922261406250002 0.452752809375 0.17583038906249998
0 0.9515730343750001 0.1713780921875 0.9480337078125001 0.16840989374999998 0.9492134828125 0.2070671375 0.9633988765625 0.1862544171875 0.9515730343750001 0.1713780921875
0 0.7458988765625 0.357243815625 0.7683707859375 0.342367490625 0.7470786515625 0.3171024734375 0.7458988765625 0.357243815625
0 0.8759831453125001 0.2616254421875 0.8772191015624999 0.2491872796875 0.8735112359375 0.2305653703125 0.8550000000000001 0.23519434687500002 0.8562359546874999 0.24763250937499998 0.857471909375 0.2662544171875 0.8685674156250001 0.2693639578125 0.8759831453125001 0.2616254421875
0 0.788342696875 0.5566784453125 0.7957303375 0.54427561875 0.788342696875 0.5178445234375 0.7673314609374999 0.5178445234375 0.76609550625 0.5365017671875 0.7698033703125 0.552014134375 0.788342696875 0.5566784453125
0 0.9080898875000001 0.758586571875 0.8932584265625 0.7414840984375 0.8858707859375 0.739929328125 0.8747471906250001 0.764805653125 0.8932584265625 0.7943109546875 0.9080898875000001 0.758586571875
0 0.1721910109375 0.5537102468749999 0.2303089890625 0.525618375 0.23154494374999998 0.3951590109375 0.1907865171875 0.36254417031249997 0.1500561796875 0.37964664375 0.11424157343750001 0.44176678437500005 0.11918539375 0.54427561875 0.1721910109375 0.5537102468749999
0 0.11918539375 0.1995053 0.14016853906249999 0.1995053 0.1673314609375 0.18706713749999998 0.174747190625 0.1497879859375 0.1599438203125 0.13427561875 0.1340168546875 0.1265017671875 0.1130337078125 0.1435689046875 0.111797753125 0.1792932859375 0.11918539375 0.1995053
0 0.3914606734375 1 0.3957303375 0.994628975 0.3957303375 0.9868551234374999 0.3932584265625 0.9760070671875001 0.382162921875 0.9651236750000001 0.3624157296875 0.9744522968749999 0.358707865625 0.9899646640625 0.3624157296875 0.9992932859374999 0.3657584265625 1 0.3914606734375 1
0 0.7167134828124999 0.49144876249999997 0.7167134828124999 0.47749116562499994 0.6895505625 0.4728268546875 0.6833988765625 0.4961130734375 0.6957303375 0.511660778125 0.7080898875 0.505441696875 0.7167134828124999 0.49144876249999997
0 0.7858707859375 0.95890459375 0.7957303375 0.9604593640625 0.8105617984375 0.9402826859375001 0.811797753125 0.926289753125 0.8179494375 0.9138869265625 0.8093258421874999 0.9138869265625 0.7895505625 0.9185512375 0.782162921875 0.9402826859375001 0.7858707859375 0.95890459375