0 0.5679446640625 0.24290476249999998 0.5738339921875 0.30133333281249997 0.6424110671875 0.29704761875 0.622292490625 0.21585714218750002 0.5679446640625 0.24290476249999998
0 0.50252964375 0.623428571875 0.46794466406249996 0.6070952375 0.44695652187499996 0.6457619046875 0.46177865625000003 0.675523809375 0.49138339843749995 0.663619046875 0.50252964375 0.623428571875
0 0.8568379453125001 0.9685238093749999 0.8531225296875 0.9536666671875 0.82608695625 0.9419047624999999 0.801264821875 0.9580952375 0.801264821875 0.974476190625 0.8272727265625001 0.9819047624999999 0.8568379453125001 0.9685238093749999
0 0.9518972328125 0.9596190468750001 0.9259683796875 0.9358095234375 0.9099209484375 0.971476190625 0.9235177859375 0.9982857140625001 0.958063240625 0.97595238125 0.9518972328125 0.9596190468750001
0 0.7531225296875 0.1772380953125 0.7531225296875 0.1698095234375 0.74324110625 0.150476190625 0.7321343875 0.159380953125 0.733359684375 0.1772380953125 0.7420158109375 0.1817142859375 0.7531225296875 0.1772380953125
0 0.7531225296875 0.2248571421875 0.7494071140624999 0.21295238125 0.72968379375 0.211476190625 0.7222529640625 0.22185714218750002 0.7271936765625 0.23971428593750002 0.7420158109375 0.2411904765625 0.7531225296875 0.2248571421875
0 0.43909090937500006 0.4422857140625 0.43671936718750004 0.46652380937500004 0.46035573125000007 0.48219047656249997 0.46126482187500006 0.43333333281249997 0.43909090937500006 0.4422857140625
0 0.3693675890625 0.288476190625 0.3764426875 0.33404761875 0.4000790515625 0.342619046875 0.408379446875 0.2856666671875 0.3693675890625 0.288476190625
0 0.07031620625 0.10052380937500001 0.060830039062499994 0.150380953125 0.09747035625 0.1531904765625 0.1022134390625 0.120476190625 0.07031620625 0.10052380937500001
0 0.183754940625 0.6388095234375 0.144782609375 0.664428571875 0.1731225296875 0.691523809375 0.19324110625 0.6687142859375 0.183754940625 0.6388095234375
0 0.183754940625 0.5719047625 0.156600790625 0.5932380953124999 0.15893280625 0.624571428125 0.19324110625 0.6202857140625 0.183754940625 0.5719047625
0 0.0395652171875 0.9065238093750001 0.015928853125 0.9321904765625 0.036007904687499995 0.982 0.0773913046875 0.9535238093749999 0.0395652171875 0.9065238093750001
0 0.35162055312499996 0.7869047625000001 0.36106719374999996 0.7399047624999999 0.3327272734375 0.748476190625 0.29608695625000003 0.7840952375 0.3102371546875 0.805428571875 0.35162055312499996 0.7869047625000001
0 0.62466403125 0.579 0.6364822140624999 0.5078095234375 0.5833201578125 0.5391428578124999 0.5407509875 0.5946666671874999 0.5856521734375 0.600380953125 0.62466403125 0.579
0 0.7700790515625 0.38533333281250004 0.7416996046875 0.3881904765625 0.7286956515624999 0.439428571875 0.7842292484375 0.43804761875000003 0.7700790515625 0.38533333281250004
0 0.8244268781249999 0.37252380937499996 0.8409881421875 0.42095238124999995 0.9130830046874999 0.399571428125 0.923715415625 0.3312380953125 0.9095256921875 0.281380953125 0.8575494078125001 0.278523809375 0.8244268781249999 0.3127142859375 0.8244268781249999 0.37252380937499996