0 0.6766037734375 0.021206896875 0.62 0.01258620625 0.5866666671874999 0.0236206890625 0.596729559375 0.06120689687500001 0.6627672953125 0.0639655171875 0.6766037734375 0.021206896875
0 0.6813836484375 0.2247586203125 0.6534591187500001 0.235931034375 0.6776100625 0.2553793109375 0.705534590625 0.2351034484375 0.6813836484375 0.2247586203125
0 0.2307547171875 0.46706896562500005 0.1825157234375 0.4492413796875 0.1681761 0.4698965515625 0.1825157234375 0.497068965625 0.2216352203125 0.498517240625 0.2307547171875 0.46706896562500005
0 0.675031446875 0.9814482765625 0.7094339625 0.9383448281250001 0.6759119499999999 0.8933448281249999 0.651132075 0.8851034484375001 0.5681132078125 0.9126896546875001 0.5840251578125 0.9683793109375 0.675031446875 0.9814482765625
0 0.980251571875 0.2702758625 0.98176100625 0.24296551718749998 0.9462893078124999 0.23427586250000001 0.9266666671875001 0.2545517234375 0.9621383640625 0.2727586203125 0.980251571875 0.2702758625
0 0.31371069218750003 0.1663103453125 0.2898113203125 0.1797586203125 0.3049056609375 0.19389655156250002 0.324402515625 0.1752758625 0.31371069218750003 0.1663103453125
0 0.916729559375 0.8811724140624999 0.8938993703125 0.8591034484375 0.8504402515624999 0.8608965515625 0.8330188671875 0.9097586203124999 0.8971698109374999 0.9198965515624999 0.916729559375 0.8811724140624999
0 0.4403773578125 0.525206896875 0.41572327031249995 0.506206896875 0.322012578125 0.5217241375 0.3353459125 0.5814482765625 0.4403773578125 0.5672068968749999 0.4403773578125 0.525206896875
0 0.6971698109375 0.711344828125 0.6504402515625001 0.6952413796875 0.621132075 0.7042068968749999 0.6254716984375001 0.7333793109375 0.67654088125 0.7333793109375 0.6971698109375 0.711344828125
0 0.229056603125 0.5936551718749999 0.17345911875 0.5922758625 0.149056603125 0.63 0.18088050312499998 0.6478275859375 0.23522012656250002 0.6478275859375 0.229056603125 0.5936551718749999
0 0.29597484218750003 0.9582758625000001 0.26729559687500004 0.9339655171875 0.21899371093750003 0.94541379375 0.21509433906250003 0.9783103453124999 0.2633333328125 0.9861724140625 0.29597484218750003 0.9582758625000001