0 0.48446236562499995 0.40742515 0.5132795703124999 0.38892215625 0.4988709671875 0.3704191609375 0.47451612968749995 0.379041915625 0.48446236562499995 0.40742515
0 0.6995698921875 0.9669461078125 0.6825806453125 0.9302994015625 0.64860215 0.938562875 0.6220967734375 0.9834730531250001 0.65392473125 0.9952694609374999 0.6942473125 0.9941317359375 0.6995698921875 0.9669461078125
0 0.4586559140625 0.7352694609375 0.4183333328125 0.7376047906250001 0.40451612968750006 0.7730538921875 0.42467741875 0.7919760484375 0.47139784999999995 0.7955089828124999 0.4586559140625 0.7352694609375
0 0.184838709375 0.9882035921875 0.2092473125 0.94922155625 0.13177419375 0.953892215625 0.1455913984375 0.99293413125 0.184838709375 0.9882035921875
0 0.095698925 0.6430538921875 0.0935483875 0.6123353296875 0.0627956984375 0.6170658687499999 0.056451612500000005 0.6406586828124999 0.095698925 0.6430538921875
0 0.6984946234375 0.4574850296875 0.6794086015625 0.4680838328125 0.6974193546875 0.490538921875 0.712311828125 0.4870059875 0.7197311828124999 0.47167664687500005 0.6984946234375 0.4574850296875
0 0.7420430109375 0.438562875 0.7611290328125 0.40191616718749995 0.711236559375 0.385389221875 0.6847311828125 0.397185628125 0.706989246875 0.431437125 0.73247311875 0.4420958078125 0.7420430109375 0.438562875
0 0.44806451562499994 0.23640718593750001 0.40451612968750006 0.21281437187500002 0.39284946249999997 0.23880239531249997 0.3960215046875 0.26479041875 0.4183333328125 0.2695209578125 0.4607526875 0.293173653125 0.49048387031249996 0.23407185625000002 0.47774193593750003 0.2080838328125 0.44806451562499994 0.23640718593750001
0 0.673010753125 0.151317365625 0.6794086015625 0.18323353281250002 0.6974193546875 0.182035928125 0.7420430109375 0.1844311375 0.73247311875 0.108742515625 0.6825806453125 0.1028742515625 0.6879032265625 0.13592814375 0.673010753125 0.151317365625
0 0.2892473125 0.5245508984375 0.3247311828125 0.466467065625 0.298387096875 0.397604790625 0.2379032265625 0.4279041921875 0.22408602187499999 0.48580838281250005 0.21881720468750002 0.5283832328125 0.2892473125 0.5245508984375
0 0.5997311828125 0.6469461078125 0.61639785 0.6358083828125001 0.6263440859375 0.5876646703125 0.6208064515625 0.5629940125 0.57537634375 0.5802994015625 0.57317204375 0.6320958078125 0.5997311828125 0.6469461078125
0 0.7748924734375 0.8444910171875 0.7638172046875 0.87407185625 0.80817204375 0.8716167671875 0.8347311828124999 0.8617365265625001 0.856935484375 0.8222155687500001 0.8713440859375 0.82964071875 0.8735483875 0.8667065875000001 0.892365590625 0.8827544906250001 0.9123655906250001 0.8667065875000001 0.9179032265625 0.82964071875 0.9090322578125001 0.7901197609375 0.8480645156250001 0.7728742515625 0.7959677421875 0.8025149703125001 0.7748924734375 0.8444910171875
0 0.2229032265625 0.20868263437499998 0.20069892500000003 0.21239520937499998 0.1929569890625 0.2358083828125 0.217311828125 0.25065868281250003 0.2395161296875 0.21976047968749998 0.2229032265625 0.20868263437499998
0 0.6995161296875 0.20497005937499999 0.6695698921875 0.2025149703125 0.66182795625 0.2395209578125 0.6895161296875 0.2839520953125 0.6961827953124999 0.2802395203125 0.730537634375 0.286467065625 0.7538172046875 0.2555688625 0.7272043015625 0.223473053125 0.6995161296875 0.20497005937499999
0 0.643010753125 0.018562875 0.61860215 0.0135928140625 0.6041935484375001 0.027185628125 0.61639785 0.048143712500000005 0.643010753125 0.043233532812499996 0.643010753125 0.018562875