0 0.48150000000000004 0.5481222703124999 0.574722221875 0.531572053125 0.5762222218749999 0.45 0.4845 0.42991266406250006 0.4273888890625 0.45 0.4078333328125 0.49375545781249996 0.48150000000000004 0.5481222703124999
0 0.69655555625 0.6521397375 0.758222221875 0.6237554578125 0.70555555625 0.6107860265625 0.6920555562499999 0.6131441046874999 0.6619444437500001 0.6486026203125 0.69655555625 0.6521397375
0 0.42438888906249994 0.6970742359375001 0.4348888890625 0.6379475984375 0.3191111109375 0.661572053125 0.380777778125 0.725414846875 0.42438888906249994 0.6970742359375001
0 0.6333888890625 0.84480349375 0.6725 0.9027074234375 0.755222221875 0.8979912656250001 0.755222221875 0.8353711796875001 0.6755 0.7939737984375 0.6333888890625 0.84480349375
0 0.9773333328125 0.8992576421875 0.998722221875 0.8459825328124999 0.9439444437500001 0.8145851531250001 0.8919444437499999 0.83868995625 0.9077222218750001 0.9014410484375001 0.9773333328125 0.8992576421875
0 0.70205555625 0.65956331875 0.663277778125 0.6547161578125 0.6648333328125 0.6759825328125 0.6950000000000001 0.6881222703125001 0.70205555625 0.65956331875
0 0.5253888890625 0.2381659390625 0.6483888890625 0.25078602656250004 0.703222221875 0.1961135375 0.731277778125 0.12152838437499999 0.7326111109375 0.0994759828125 0.64305555625 0.08790392968750001 0.5026666671875 0.09524017500000001 0.46122222187500006 0.1813973796875 0.5253888890625 0.2381659390625
0 0.4078333328125 0.098951965625 0.4228333328125 0.107205240625 0.4258888890625 0.0835807859375 0.4228333328125 0.0670305671875 0.382277778125 0.09183406093749999 0.4078333328125 0.098951965625
0 0.23805555625000002 0.36965065468749997 0.23955555624999997 0.317641921875 0.2198333328125 0.3069869 0.185277778125 0.32 0.20027777812499997 0.35781659375 0.23805555625000002 0.36965065468749997
0 0.320722221875 0.338908296875 0.3146111109375 0.3755458515625 0.32977777812500003 0.42637554531250005 0.380777778125 0.42637554531250005 0.43338888906250006 0.3920960703125 0.44994444375000003 0.317641921875 0.4228333328125 0.301091703125 0.397277778125 0.296331878125 0.36872222187500003 0.296331878125 0.320722221875 0.338908296875
0 0.9341666671875 0.39445414843750004 0.9176111109375 0.35781659375 0.877 0.35310043593749996 0.890722221875 0.3885589515625 0.9341666671875 0.39445414843750004