0 0.827777778125 0.17620602968750002 0.7808611109375 0.17276381875 0.7561666671875 0.206356784375 0.76605555625 0.2454522609375 0.8129722218750001 0.23763819062499997 0.829 0.19743718593749998 0.827777778125 0.17620602968750002
0 0.1761111109375 0.935628140625 0.20094444375 0.931356784375 0.21749999999999997 0.912110553125 0.25294444375 0.8725628140625 0.29905555625 0.8030653265625001 0.28841666718750003 0.7485427140625001 0.25294444375 0.71324120625 0.2115833328125 0.6972110546875 0.1761111109375 0.6950753765625 0.1418333328125 0.696130653125 0.11347222187499999 0.71324120625 0.0886388890625 0.7410552765625 0.06619444375 0.8126884421874999 0.0638333328125 0.8287185921875 0.06194444375 0.8693467343749999 0.0891666671875 0.89572864375 0.07944444375000001 0.9422110546875 0.15722222187499998 0.92173366875 0.1761111109375 0.935628140625
0 0.8129722218750001 0.4665577890625 0.8129722218750001 0.455376884375 0.7981388890625001 0.43864321562499997 0.7783888890624999 0.455376884375 0.793222221875 0.46766331718750004 0.8129722218750001 0.4665577890625
0 0.8660555562500001 0.40625628125 0.9043333328125 0.4128391953125 0.9043333328125 0.3994472359375 0.867277778125 0.388391959375 0.8660555562500001 0.40625628125
0 0.7771666671874999 0.30575376875 0.811722221875 0.3011809046875 0.81544444375 0.2833165828125 0.8043333328125 0.27103014999999997 0.767277778125 0.2655527640625 0.748777778125 0.29223618125 0.7463055562500001 0.3146733671875 0.7771666671874999 0.30575376875
0 1 0.3917085421875 0.9981388890625 0.388391959375 0.9932222218750001 0.391633165625 0.9783888890625001 0.4016834171875 0.9808611109375001 0.41173366875 0.9969166671874999 0.42635678437499996 1 0.4140703515625 1 0.3917085421875
0 0.7191388890625 0.09123115625 0.6944444437499999 0.0935678390625 0.729 0.137135678125 0.768527778125 0.15042713593749998 0.7969166671875 0.140376884375 0.7759166671875 0.11133165781250001 0.7191388890625 0.09123115625
0 0.7858055562499999 0.6216582921875 0.77344444375 0.6406532656249999 0.79075 0.6575125625 0.82530555625 0.65974874375 0.8388888890624999 0.6551758796875 0.83025 0.62623115625 0.7858055562499999 0.6216582921875
0 0.5191388890625 0.138140703125 0.5413611109375001 0.11022613125 0.51544444375 0.08464824062500001 0.4771666671875 0.0969346734375 0.48086111093749995 0.1270854265625 0.5191388890625 0.138140703125
0 0.67469444375 0.12919597968750002 0.6635833328125 0.134899496875 0.65494444375 0.166155778125 0.6758333328125 0.1917085421875 0.6993888890625 0.1805778890625 0.6981388890625 0.15824120625 0.67469444375 0.12919597968750002
0 0.629 0.47660804062500006 0.61419444375 0.460854271875 0.59075 0.4565075375 0.5759166671875 0.45874371875 0.5796388890624999 0.47547738749999996 0.6030833328125 0.4843216078125 0.6191388890625 0.48776381874999997 0.629 0.47660804062500006
0 0.25494444375 0.51 0.23025 0.511105528125 0.21913888906249998 0.5245226125 0.255 0.54572864375 0.26975 0.53577889375 0.2796388890625 0.5233919593749999 0.25494444375 0.51
0 0.74005555625 1 0.76005555625 0.9698492468750001 0.709222221875 0.9559547734375 0.7175 0.9901758796875001 0.7352777781250001 1 0.74005555625 1
0 0.482277778125 0.9484673359375 0.44680555625 0.912110553125 0.42316666718749996 0.9067587937500001 0.42316666718749996 0.9420603015625 0.45272222187500005 0.9495477390625 0.482277778125 0.9484673359375
0 0.3971666671875 0.6704773875 0.39480555625 0.6929396984375 0.42197222187500005 0.70896985 0.4373611109375 0.7068341703125001 0.4373611109375 0.660854271875 0.41844444375 0.649095478125 0.3971666671875 0.6704773875
0 0.6548333328125 0.5753266328125 0.6761111109375 0.5731909546875 0.68794444375 0.5592964828125 0.68675 0.5475376890625 0.6548333328125 0.5753266328125
0 0.60755555625 0.5785427140625 0.5886388890625 0.6031155781249999 0.591027778125 0.626633165625 0.62055555625 0.6373366828125 0.6536666671875 0.6095477390624999 0.6465833328125 0.58922110625 0.60755555625 0.5785427140625
0 0.8416111109375001 0.5828140703125 0.8451388890624999 0.591356784375 0.8711666671874999 0.5903015078125 0.87705555625 0.5774623109375 0.8416111109375001 0.5828140703125
0 0.8215 0.7175376890625 0.817972221875 0.7079145734375001 0.77069444375 0.7100502515625 0.75769444375 0.71324120625 0.7494166671875 0.722864321875 0.7494166671875 0.734623115625 0.7718611109375 0.7399748749999999 0.7978611109375 0.7453266328125 0.8191388890625 0.7271608046875 0.8534166671875001 0.7324874375 0.87705555625 0.7111055281249999 0.8215 0.7175376890625
0 1 0.2981909546875 0.99644444375 0.289849246875 0.9763611109375001 0.2877135671875 0.9586388890625 0.3005527640625 0.9137222218750001 0.31231155781250003 0.9515277781249999 0.359346734375 0.961 0.351859296875 0.9810833328124999 0.3358291453125 0.99055555625 0.32728643281249997 1 0.3084673359375 1 0.2981909546875
0 0.8238888890625 0.143366834375 0.856972221875 0.1455276375 0.8664166671875 0.150854271875 0.8746944437499999 0.14979899531250002 0.8676111109375 0.1305527640625 0.8581666671875 0.11984924687500001 0.8238888890625 0.143366834375