0 1 0.132578615625 0.9818552031250001 0.15182389999999998 0.9756108593749999 0.17893081718749998 0.9791855203125 0.2172327046875 0.991628959375 0.2295597484375 1 0.2295597484375 1 0.132578615625
0 0.9951583703125 0.4110691828125 0.9898190046875 0.3715723265625 0.959638009375 0.3913207546875 0.9320814484375 0.469056603125 0.932986425 0.5246540875 0.9924886875000001 0.469056603125 0.9951583703125 0.4110691828125
0 0.7660180999999999 0.430817609375 0.7864253390625 0.4493081765625 0.8264253390625 0.4122641515625 0.800633484375 0.3851572328125 0.7677828046874999 0.39006289375000003 0.7660180999999999 0.430817609375
0 0.5847963796875 0.2086163515625 0.5999095015625 0.2369811328125 0.615022625 0.22710691875000003 0.612352940625 0.2023899375 0.599004525 0.1925157234375 0.5847963796875 0.2086163515625
0 0.02076923125 0.4542767296875 0.0403167421875 0.48880503124999997 0.082986425 0.46660377343750004 0.07764705937500001 0.4159748421875 0.0314479640625 0.418490565625 0.02076923125 0.4542767296875
0 0.2346606328125 0.569182390625 0.19891402656249998 0.5881132078125 0.200633484375 0.6294968546875 0.2363348421875 0.62358490625 0.2346606328125 0.569182390625
0 0.9365610859375 0.307358490625 0.9116742078125 0.28880503125 0.8867873296875001 0.3023899375 0.877013575 0.3481132078125 0.8708144796875 0.3863522015625 0.9249773749999999 0.3764779875 0.9365610859375 0.307358490625
0 0.69475113125 0.3753459125 0.6870588234375 0.37062893125 0.6845248875000001 0.41194968593750003 0.7040723984375 0.40251572343750003 0.69475113125 0.3753459125
0 0.75425339375 0.23352201250000001 0.7279185515625 0.2394339625 0.7279185515625 0.2878616359375 0.7567873296875 0.28905660312500003 0.75425339375 0.23352201250000001
0 0.416651584375 0.5089308171875 0.380904978125 0.5112578609375 0.378371040625 0.5679874218750001 0.399638009375 0.564465409375 0.416651584375 0.5089308171875
0 0.5705882359375 0.4913207546875 0.582126696875 0.5073584906249999 0.6043438906249999 0.496226415625 0.5928054296874999 0.47276729531250006 0.575022625 0.47528301875 0.5705882359375 0.4913207546875
0 0.85122171875 0.6223899375 0.87927601875 0.6566666671875 0.9430769234374999 0.669685534375 0.95325791875 0.6448427671875 0.95923076875 0.6046540874999999 0.9303167421874999 0.5869182390625001 0.9124434390625 0.552641509375 0.8733031671875 0.560943396875 0.85122171875 0.6223899375
0 0.558144796875 0.9678616359375001 0.5537104078125 0.9888050312500001 0.5679185515625 0.9925157234374999 0.6008144796875 0.996226415625 0.6300904984375 0.9987421390625 0.6336651578125 0.9777358484375 0.6176923078125001 0.9481132078125001 0.5874660640625 0.9406918234375 0.558144796875 0.9678616359375001