0 0.249727890625 0.6329 0.2646598640625 0.59355 0.2694897953125 0.5555 0.2672789109375 0.5233 0.2514965984375 0.49684999999999996 0.23659863906249998 0.48525 0.22517006875 0.48200000000000004 0.2155442171875 0.51105 0.20938775468749998 0.5607 0.20938775468749998 0.61355 0.2133333328125 0.66255 0.22605442187499997 0.6819 0.249727890625 0.6329
0 0.24448979531249998 0.78635 0.22210884375 0.767 0.20761904687500002 0.7831 0.2142176875 0.8057000000000001 0.23482993125 0.8192 0.24448979531249998 0.78635
0 0.28615646250000004 0.86175 0.2922789109375 0.8431 0.28615646250000004 0.8160000000000001 0.2642176875 0.8263 0.25894557812499996 0.85145 0.2707823125 0.8695 0.28615646250000004 0.86175
0 0.3665986390625 0.2642 0.3884353734375 0.2669 0.41479591875 0.2455 0.44391156406250004 0.21875 0.44479591875 0.1653 0.40751700625 0.11850000000000001 0.38751700625 0.14525 0.36568027187499996 0.176 0.3565986390625 0.22545 0.3665986390625 0.2642
0 0.1598639453125 0.82875 0.201258503125 0.7784 0.20748299375 0.6809999999999999 0.139115646875 0.5974999999999999 0.10034013593749999 0.6485000000000001 0.10904761874999999 0.7401500000000001 0.1319727890625 0.8380000000000001 0.1598639453125 0.82875
0 0.15149659843750002 0.8792 0.15894557812500001 0.8695 0.158061225 0.8521000000000001 0.15632653125 0.83855 0.14404761875 0.8431 0.1387755109375 0.85985 0.14139455781250002 0.8766 0.15149659843750002 0.8792
0 0.6116666671875 0.6273500000000001 0.647380953125 0.62035 0.6385034015625 0.54635 0.6174489796875 0.52935 0.597040815625 0.54235 0.5871768703125 0.57035 0.5922789109375 0.60835 0.6116666671875 0.6273500000000001
0 0.8839455781250001 0.3257 0.94095238125 0.32655 0.9486054421875 0.25315 0.9233333328125 0.22719999999999999 0.9045238093749999 0.22895 0.8692517000000001 0.2419 0.862210884375 0.28165 0.8839455781250001 0.3257
0 0.2307823125 0.44825 0.22829932031250003 0.46215 0.27690476249999996 0.46909999999999996 0.27336734687500003 0.42565 0.2307823125 0.44825
0 0.46840136093750007 0.00165 0.3679251703125 0.006900000000000001 0.3643537421875 0.05555 0.3784353734375 0.0903 0.443571428125 0.0625 0.46840136093750007 0.00165
0 0.59367346875 0.8218 0.601938775 0.7523 0.5664965984375 0.75925 0.532210884375 0.8096500000000001 0.545102040625 0.8322499999999999 0.59367346875 0.8218
0 0.7107142859375 0.7071500000000001 0.6811564625 0.7192999999999999 0.6976870749999999 0.7662 0.7294897953125 0.73665 0.7107142859375 0.7071500000000001
0 0.80173469375 0.34225 0.7531292515625 0.3822 0.7757142859374999 0.4187 0.831258503125 0.3544 0.80173469375 0.34225