0 0.5434517765625 0.404222221875 0.5685786796875 0.38035555625 0.5350761421875 0.35746666718750003 0.494263959375 0.35195555624999997 0.503654821875 0.38955555625 0.5434517765625 0.404222221875
0 0.419238578125 0.026533332812499998 0.43182741093750004 0.01275555625 0.411928934375 0.0046222218750000005 0.395177665625 0.013777778125000001 0.4067005078125 0.02844444375 0.419238578125 0.026533332812499998
0 0.3235025375 0.2332888890625 0.32116751250000003 0.28813333281250003 0.35659898437500004 0.2798666671875 0.3708121828125 0.24155555624999997 0.3235025375 0.2332888890625
0 0.301065990625 0.485822221875 0.3116751265625 0.568622221875 0.37197969531249997 0.5416888890625 0.3684263953125 0.4827111109375 0.301065990625 0.485822221875
0 0.240152284375 0.1445333328125 0.2523857875 0.1284888890625 0.2349238578125 0.11777777812500001 0.21050761406250001 0.1216 0.21137055781249997 0.143777778125 0.240152284375 0.1445333328125
0 0.021928934375 0.21826666718749999 0.0797461921875 0.19075555625 0.1325380703125 0.1610666671875 0.12497461875 0.1137333328125 0.060862943749999995 0.10382222187500001 0.02441624375 0.10164444375 0.0068527921875 0.12915555625 0.00558375625 0.1874666671875 0.021928934375 0.21826666718749999
0 0.14380710624999998 0.369022221875 0.168984771875 0.360222221875 0.15390862968750002 0.3392888890625 0.1325380703125 0.342622221875 0.13 0.3657333328125 0.14380710624999998 0.369022221875
0 0.0759898484375 0.6408 0.082233503125 0.6716 0.11116751250000001 0.6892 0.1563959390625 0.6881333328125 0.2343147203125 0.643022221875 0.21796954375 0.55275555625 0.1563959390625 0.5450666671875 0.1086294421875 0.5560888890625 0.0784771578125 0.5934666671875 0.0759898484375 0.6408
0 0.2996446703125 0.8487555562500001 0.3474111671875 0.8410666671874999 0.3411167515625 0.79484444375 0.28710659843749997 0.7893333328125001 0.2808121828125 0.83115555625 0.2996446703125 0.8487555562500001
0 0.5158375640624999 0.8916888890625 0.5535025375 0.9148 0.583705584375 0.8928 0.53969543125 0.85315555625 0.5158375640624999 0.8916888890625
0 0.6767005078125 0.5362666671875 0.7219289343749999 0.5142666671875 0.7658883249999999 0.52524444375 0.802335025 0.5296888890625 0.8312690359375001 0.5285777781250001 0.9531472078125001 0.49226666718749995 0.9631979703125 0.41413333281250003 0.9581725890625 0.3184 0.9028934015625 0.280977778125 0.813654821875 0.254577778125 0.6929949234375 0.3019111109375 0.6440101515625 0.3448 0.62263959375 0.3855111109375 0.68796954375 0.39431111093750004 0.711878171875 0.4009333328125 0.68796954375 0.42515555625 0.6767005078125 0.452622221875 0.6603553296875 0.4878666671875 0.6452791875 0.519777778125 0.6767005078125 0.5362666671875
0 0.6198984765625 0.43995555625 0.6460913703125 0.428977778125 0.630406090625 0.3968888890625 0.598984771875 0.395022221875 0.6031472078125 0.43079999999999996 0.6198984765625 0.43995555625