0 0.4574468078125 0.6738144328125 0.47686170156249996 0.6674226796875 0.4781914890625 0.6408247421875 0.457367021875 0.6287835046875 0.4321542546875 0.646350515625 0.43853723437500003 0.6698556703125 0.4574468078125 0.6738144328125
0 0.5798138296875 0.8227628859375 0.5899202125 0.8149278343749999 0.5789095750000001 0.7989072171875 0.5609840421875 0.79925773125 0.554547871875 0.8181443296875001 0.5798138296875 0.8227628859375
0 0.721968084375 0.915587628125 0.7335638296875 0.8971958765625001 0.7258510640625 0.879670103125 0.671781915625 0.879670103125 0.65800531875 0.9198556703125 0.721968084375 0.915587628125
0 0.13545212812500002 0.9608865984375001 0.1507712765625 0.963608246875 0.16545212812500001 0.9658350515624999 0.172792553125 0.9606391750000001 0.1628989359375 0.942082475 0.1431117015625 0.9413402062499999 0.13545212812500002 0.9608865984375001
0 0.1676861703125 0.9445567015625 0.17949468125 0.95 0.1967287234375 0.94925773125 0.19832446875 0.941587628125 0.1881117015625 0.930948453125 0.16832446875 0.933917525 0.1676861703125 0.9445567015625
0 0.6679787234375001 0.52134020625 0.6850797875 0.5222061859375 0.6834308515624999 0.5127835046875 0.678457446875 0.5038144328125 0.6531117015625 0.5132164953125 0.6679787234375001 0.52134020625
0 0.3968085109375 0.45876288593750003 0.41010638281249995 0.450927834375 0.3928191484375 0.4428865984375 0.381117021875 0.449690721875 0.385372340625 0.45670103125 0.3968085109375 0.45876288593750003
0 0.9267021281250001 0.3118969078125 0.95042553125 0.29822680468749996 0.9607712765624999 0.27061855625 0.9423936171875 0.25874226875 0.923617021875 0.2661649484375 0.910212765625 0.2911134015625 0.9267021281250001 0.3118969078125
0 0.9898936171875 0.3406804125 0.9975531921874999 0.3288041234375 0.9864361703125001 0.30684536093750003 0.9569414890625 0.302989690625 0.9596276593749999 0.32138144375 0.9898936171875 0.3406804125
0 0.9688297875 0.1854020625 0.9875797875 0.1628453609375 0.9795478718749999 0.150371134375 0.933962765625 0.1565979375 0.9301329781250001 0.1845154640625 0.9688297875 0.1854020625
0 0.584468084375 0.1197731953125 0.6028457453125 0.1315257734375 0.61707446875 0.13474226875 0.6193882984375 0.1294020625 0.6111170218749999 0.10802061874999999 0.59042553125 0.10517525781249999 0.584468084375 0.1197731953125
0 0.4308510640625 0.006185567187499999 0.435372340625 0.010721650000000001 0.445212765625 0.0101030921875 0.44707446875 0.0018556703125 0.44468085156250003 0.0008247421875000001 0.43829787187499997 0.0002061859375 0.4343085109375 0.000412371875 0.4308510640625 0.006185567187499999
0 0.25436170156250004 0.1658350515625 0.2725531921875 0.151731959375 0.2696808515625 0.13837113437499998 0.2374468078125 0.136639175 0.23425531875 0.153711340625 0.25436170156250004 0.1658350515625
0 0.5615159578125 0.37973195937500004 0.585452128125 0.38839175312499996 0.5944946812499999 0.38138144375 0.5942287234375 0.3574639171875 0.58199468125 0.3358144328125 0.568962765625 0.3362268046875 0.5615159578125 0.37973195937500004
0 0.8081382984375001 0.48472165 0.845292553125 0.480969071875 0.8517553187500001 0.471360825 0.8431382984375 0.450082475 0.8151329781250001 0.4458969078125 0.8000531921875 0.46342267968749995 0.8081382984375001 0.48472165
0 0.7248138296875 0.2381855671875 0.779707446875 0.22637113437499998 0.75683510625 0.1755463921875 0.6867021281250001 0.17672165 0.6714627656250001 0.221649484375 0.7248138296875 0.2381855671875
0 0.2541489359375 0.2821649484375 0.263297871875 0.28688659843750003 0.2800797875 0.26915463906250003 0.24500000000000002 0.2644329890625 0.2297606390625 0.280989690625 0.2541489359375 0.2821649484375
0 0.06425531875 0.683731959375 0.0688563828125 0.705711340625 0.1052393609375 0.7172783500000001 0.1190159578125 0.7119381437500001 0.125159575 0.70065979375 0.11750000000000001 0.67334020625 0.08646276562500001 0.6688865984375 0.06425531875 0.683731959375