0 0.1739655171875 0.8423030296875 0.1744540234375 0.80406060625 0.148994253125 0.7886060609375 0.13821839062500002 0.8124242421875 0.1372413796875 0.8568484843749999 0.1612356328125 0.8732727265625 0.1739655171875 0.8423030296875
0 0.558132184375 0.2513939390625 0.5214655171875 0.2438787875 0.52856321875 0.29127272656250003 0.5404022984375 0.29624242500000003 0.558132184375 0.2513939390625
0 0.71413793125 0 0.71413793125 0.0344848484375 0.7129597703125 0.06442424218750001 0.7389655171875 0.08181818125 0.7519827593749999 0.0244848484375 0.72336206875 0 0.71413793125 0
0 0.8914655171874999 0.48818181875000005 0.9020977015625 0.48818181875000005 0.9044540234375 0.26381818125 0.864281609375 0.29127272656250003 0.85008620625 0.3036969703125 0.8382758625 0.351090909375 0.8701724140625 0.46575757500000003 0.8914655171874999 0.48818181875000005
0 0.135632184375 0.6903030296875 0.1795977015625 0.7303030296874999 0.27798850625 0.7225454546875001 0.30752873593749996 0.62781818125 0.289367815625 0.4715151515625 0.2037356328125 0.3975757578125 0.14795977031250002 0.483212121875 0.0965517234375 0.544848484375 0.135632184375 0.6903030296875
0 0.7386781609375 0.53 0.735143678125 0.5910303031249999 0.7676149421875 0.6133333328125 0.781005746875 0.5776363640625 0.7661781609375 0.5136363640625 0.7386781609375 0.53
0 0.78028735625 0.22806060625 0.8028735625 0.22806060625 0.8162643671875 0.199757575 0.78241379375 0.12539393906250001 0.7443390796875 0.10012121249999999 0.7259770109375 0.114969696875 0.73798850625 0.19381818125 0.78028735625 0.22806060625
0 0.701293103125 0.2533333328125 0.6766091953125 0.1863636359375 0.6385344828124999 0.1833939390625 0.623706896875 0.22509090937499998 0.635718390625 0.28751515156249996 0.669568965625 0.30987878750000003 0.701293103125 0.2533333328125
0 0.5976149421875 0.074848484375 0.586350575 0.1164848484375 0.6152586203125 0.1744848484375 0.628649425 0.1403030296875 0.6166666671875001 0.091212121875 0.5976149421875 0.074848484375
0 0.2562643671875 0.17290909062499998 0.24890804531250002 0.20903030312499998 0.2699712640625 0.24636363593750002 0.289080459375 0.21115151562499998 0.2783045984375 0.165757575 0.2562643671875 0.17290909062499998
0 0.346867815625 0.0015151515625 0.33413793125 0.0324242421875 0.3454022984375 0.08406060625 0.3772413796875 0.0624848484375 0.3738218390625 0.01381818125 0.346867815625 0.0015151515625
0 0.66048850625 0.5804242421875 0.6576149421874999 0.60406060625 0.6625 0.61981818125 0.6757183906249999 0.608909090625 0.672270115625 0.581030303125 0.66048850625 0.5804242421875
0 0.8231034484374999 0.8275757578125 0.8439655171875 0.836 0.8553735625 0.8255151515625 0.8617816093749999 0.775151515625 0.834482759375 0.7696969703125001 0.8106896546875 0.7856969703125001 0.8047413796875 0.7961818187499999 0.8231034484374999 0.8275757578125