0 0.28970760156250003 0.8297530859375 0.28573099375 0.8591358031249999 0.2946783625 0.8728395062500001 0.314561403125 0.8728395062500001 0.3185380109375 0.8465432093749999 0.28970760156250003 0.8297530859375
0 0.6709941515625 0.843703703125 0.7068421046875 0.8661728390625001 0.719239765625 0.848456790625 0.7370760234375 0.86148148125 0.7674269 0.8685802468749999 0.7853216375 0.848456790625 0.7863157890625 0.8236419749999999 0.7584795328125 0.80351851875 0.7931578953125 0.7775308640625 0.7392982453125 0.7243209875 0.7058479531249999 0.7030864203125 0.66105263125 0.684135803125 0.6295906437500001 0.6995061734375 0.6161403515625 0.7669135796875 0.63976608125 0.79055555625 0.6709941515625 0.843703703125
0 0.19397660781249998 0.3626543203125 0.171578946875 0.368580246875 0.13807017500000002 0.381543209375 0.14578947343749998 0.413456790625 0.1849707609375 0.42055555624999996 0.19397660781249998 0.3626543203125
0 0.46730994218750005 0.3188888890625 0.4773684203125 0.3059259265625 0.50426900625 0.27283950625000003 0.4930409359375 0.2503703703125 0.461578946875 0.22080246875 0.457134503125 0.2467901234375 0.42701754375 0.25623456718750004 0.400116959375 0.30117283906250003 0.3921637421875 0.3283950625 0.4201754390625 0.3354320984375 0.4538596484375 0.343703703125 0.46730994218750005 0.3188888890625
0 0.41245614062499997 0.8590740734375 0.42473684218749996 0.8508024687500001 0.43157894687500004 0.8197530859375 0.39590643281250004 0.8154320984375 0.367543859375 0.830740740625 0.340643275 0.8390123453125 0.373216375 0.8862962968750001 0.4034502921875 0.8957407406250001 0.41245614062499997 0.8590740734375
0 0.57040935625 0.377901234375 0.5305847953125 0.340061728125 0.4738596484375 0.34216049375 0.4629239765625 0.39783950625000003 0.4678947375 0.4251851859375 0.5097076015625001 0.43987654374999996 0.56444444375 0.4220370375 0.57040935625 0.377901234375
0 0.71976608125 0.15092592656249998 0.6789473687500001 0.1351851859375 0.6440935671875 0.181419753125 0.667953215625 0.2076543203125 0.717777778125 0.21919753125 0.7307017546875 0.190864196875 0.71976608125 0.15092592656249998
0 0.8431578953125 0.23080246875000002 0.791403509375 0.22870370312500002 0.785438596875 0.27283950625000003 0.826257309375 0.30327160468750003 0.8561403515625001 0.29487654375 0.8601169593750001 0.264382715625 0.8431578953125 0.23080246875000002
0 0.9586549703125 0.23919753125 0.906900584375 0.208703703125 0.8899415203125001 0.24759259218750002 0.8919298250000001 0.2675925921875 0.9228070171875 0.3116666671875 0.9556725140625 0.292777778125 0.9586549703125 0.23919753125
0 0.8700584796875 0.6479629625000001 0.85912280625 0.6689506171875 0.8790058484375001 0.723580246875 0.9019298250000001 0.723580246875 0.9059064328125 0.6931481484375001 0.8700584796875 0.6479629625000001
0 0.9118713453125 0.8591358031249999 0.872046784375 0.8717901234375001 0.8551461984375001 0.91271605 0.8869590640625 0.9295679015625 0.9198245609375 0.918024690625 0.936783625 0.88228395 0.9118713453125 0.8591358031249999
0 0 0.7375925921875 0.0009941515625 0.7425308640625 0.0059649125 0.7540740734375 0.021929825 0.757222221875 0.0288888890625 0.7467283953125 0.0199415203125 0.719382715625 0.006959064062500001 0.70783950625 0 0.7233950625000001 0 0.7375925921875
0 1 0.5804938265625 0.9945029234374999 0.5481481484375 0.9586549703125 0.5333950625 0.94871345 0.54919753125 0.9765497078125 0.6038271609375 1 0.589938271875 1 0.5804938265625
0 0.3573099421875 1 0.3740935671875 0.9980864203125 0.37760233906249996 0.9746296296875 0.3495321640625 0.958580246875 0.34076023437499997 0.9894444437500001 0.35187134531250003 1 0.3573099421875 1