0 0.364303178125 0.5867521375 0.3364303171875 0.64444444375 0.36625916875 0.6555555562500001 0.3865525671875 0.6166666671875001 0.364303178125 0.5867521375
0 0 0.081794871875 0.0047921765625 0.093632478125 0.018728606249999998 0.09876068437499999 0.027286064062499997 0.079957265625 0.025085575 0.0414957265625 0.0121271390625 0.037222221875 0.0038141812499999997 0.040641025 0 0.048632478125 0 0.081794871875
0 0.1941320296875 0.903205128125 0.1701955984375 0.8896581203125 0.1508312953125 0.8927350421875 0.1416625921875 0.908760684375 0.1610268953125 0.9622649578125 0.1782885078125 0.9770512828125 0.1923716375 0.981367521875 0.20503667499999997 0.9672222218750001 0.20503667499999997 0.9370512828124999 0.1941320296875 0.903205128125
0 0.8722493890624999 0.396794871875 0.8542053796875001 0.371367521875 0.8321271390625 0.40380341875000003 0.83012225 0.42658119687499996 0.8486797062500001 0.43534187968750004 0.8657212718749999 0.42918803437499997 0.8722493890624999 0.396794871875
0 0.5083129578125 0.790170940625 0.51882640625 0.804188034375 0.5333740828125 0.79457265 0.5399022 0.7595299140625 0.524352078125 0.75076923125 0.5083129578125 0.790170940625
0 0.91863080625 0.7263675218750001 0.8983129578125 0.754786325 0.8847677265625 0.8021367515625 0.8962836187500001 0.81162393125 0.9159413203125 0.828205128125 0.9322004890625 0.771367521875 0.91863080625 0.7263675218750001
0 0.6664792171875 0.41858974375 0.7159413203125 0.4387179484375 0.728117359375 0.368846153125 0.7077995109375 0.31555555625 0.6664792171875 0.3723931625 0.6664792171875 0.41858974375
0 0.065525671875 0.5014529921875 0.0634963328125 0.5441025640625 0.083129584375 0.548846153125 0.09872860624999999 0.48371794843749993 0.065525671875 0.5014529921875
0 0.049266503125 0.3380769234375 0.0675550125 0.3309401703125 0.0709535453125 0.27055555625 0.0370660140625 0.278846153125 0.0296088015625 0.323846153125 0.049266503125 0.3380769234375
0 0.1745965765625 0.39491452968749996 0.16713936406250002 0.4233333328125 0.188166259375 0.44581196562500003 0.1983129578125 0.40435897499999995 0.1745965765625 0.39491452968749996
0 0.8552078234374999 0.30653846093750003 0.8396577015625001 0.2855128203125 0.8246210265625 0.2881196578125 0.8221026890625 0.307435896875 0.83012225 0.357350428125 0.848166259375 0.35474358906250003 0.8552078234374999 0.30653846093750003
0 0.1426405875 0.5975213671875 0.15826405937500002 0.6206837609375 0.1847432765625 0.574401709375 0.164303178125 0.5355128203125 0.1372127140625 0.5470512828125 0.1426405875 0.5975213671875
0 0.7801467 0.9721367515624999 0.7885574578125001 0.9973931625000001 0.8090220046875001 0.9931623937499999 0.79880195625 0.9626923078124999 0.7825427875 0.9595299140625 0.7801467 0.9721367515624999
0 0.47618581875 0.9340598296874999 0.4601467 0.935811965625 0.45562347187499996 0.9515811968750001 0.4577017109375 0.9683760687499999 0.46163814218750004 0.9831196578125001 0.4826894859375 0.95858974375 0.47618581875 0.9340598296874999
0 0.48178484062500004 0.1836752140625 0.46885085625 0.19829059843750002 0.4575550125 0.23115384687499999 0.47469437656249996 0.23042734999999998 0.488068459375 0.23042734999999998 0.4959902203125 0.22970085468749998 0.49850855781250003 0.2063247859375 0.4934963328125 0.18589743593750002 0.48178484062500004 0.1836752140625
0 0.133154034375 0.8756837609374999 0.1589242046875 0.8476923078124999 0.16031784843750002 0.8014529921875001 0.14012225 0.7722649578125 0.11577017187500001 0.7734615390624999 0.11366748125 0.8343162390625001 0.11540342343750001 0.8604700859375001 0.133154034375 0.8756837609374999