0 0.1744540234375 0.19593939375 0.1739655171875 0.15769697031250002 0.1612356328125 0.1267272734375 0.1372413796875 0.143151515625 0.13821839062500002 0.1875757578125 0.148994253125 0.2113939390625 0.1744540234375 0.19593939375
0 0.5404022984375 0.703757575 0.52856321875 0.7087272734375001 0.5214655171875 0.7561212125 0.558132184375 0.7486060609375 0.5404022984375 0.703757575
0 0.72336206875 1 0.7519827593749999 0.9755151515625 0.7389655171875 0.9181818187499999 0.7129597703125 0.9355757578125001 0.71413793125 0.9655151515625 0.71413793125 1 0.72336206875 1
0 0.85008620625 0.6963030296875 0.864281609375 0.7087272734375001 0.9044540234375 0.73618181875 0.9020977015625 0.51181818125 0.8914655171874999 0.51181818125 0.8701724140625 0.534242425 0.8382758625 0.648909090625 0.85008620625 0.6963030296875
0 0.0965517234375 0.455151515625 0.14795977031250002 0.5167878781249999 0.2037356328125 0.6024242421875 0.289367815625 0.5284848484375 0.30752873593749996 0.37218181875 0.27798850625 0.2774545453125 0.1795977015625 0.2696969703125 0.135632184375 0.3096969703125 0.0965517234375 0.455151515625
0 0.781005746875 0.4223636359375 0.7676149421875 0.3866666671875 0.735143678125 0.408969696875 0.7386781609375 0.47000000000000003 0.7661781609375 0.4863636359375 0.781005746875 0.4223636359375
0 0.7443390796875 0.8998787874999999 0.78241379375 0.8746060609375 0.8162643671875 0.8002424250000001 0.8028735625 0.77193939375 0.78028735625 0.77193939375 0.73798850625 0.8061818187500001 0.7259770109375 0.885030303125 0.7443390796875 0.8998787874999999
0 0.6766091953125 0.8136363640625 0.701293103125 0.7466666671875 0.669568965625 0.6901212125 0.635718390625 0.7124848484374999 0.623706896875 0.774909090625 0.6385344828124999 0.8166060609375 0.6766091953125 0.8136363640625
0 0.628649425 0.8596969703124999 0.6152586203125 0.8255151515625 0.586350575 0.8835151515625 0.5976149421875 0.9251515156250001 0.6166666671875001 0.908787878125 0.628649425 0.8596969703124999
0 0.289080459375 0.788848484375 0.2699712640625 0.7536363640625 0.24890804531250002 0.790969696875 0.2562643671875 0.827090909375 0.2783045984375 0.834242425 0.289080459375 0.788848484375
0 0.3772413796875 0.9375151515625 0.3454022984375 0.9159393937500001 0.33413793125 0.9675757578124999 0.346867815625 0.9984848484375 0.3738218390625 0.9861818187500001 0.3772413796875 0.9375151515625
0 0.6757183906249999 0.391090909375 0.6625 0.38018181875 0.6576149421874999 0.39593939375 0.66048850625 0.4195757578125 0.672270115625 0.41896969687499996 0.6757183906249999 0.391090909375
0 0.834482759375 0.2303030296875 0.8617816093749999 0.224848484375 0.8553735625 0.1744848484375 0.8439655171875 0.16399999999999998 0.8231034484374999 0.17242424218750002 0.8047413796875 0.20381818125 0.8106896546875 0.2143030296875 0.834482759375 0.2303030296875