0 0.40094405625 0.26318877500000004 0.37674825156249997 0.2636989796875 0.375384615625 0.2742857140625 0.3974825171875 0.279336734375 0.4051048953125 0.2737755109375 0.40094405625 0.26318877500000004
0 0.40856643281249994 0.290459184375 0.39265734218750004 0.2914795921875 0.3974825171875 0.3020663265625 0.40993007031250006 0.30459183749999996 0.41409090937500004 0.2960204078125 0.40856643281249994 0.290459184375
0 0.0956993 0.1939030609375 0.1004895109375 0.2305102046875 0.12199300625000001 0.2583928578125 0.18888111875 0.2732142859375 0.299965034375 0.2636224484375 0.356083915625 0.2453316328125 0.34534965 0.16515306093749998 0.3333916078125 0.127678571875 0.3023426578125 0.1084948984375 0.2509790203125 0.10502551093750001 0.136328671875 0.11285714218750001 0.1327272734375 0.11895408125 0.0956993 0.1939030609375
0 0.5087762234375 0.385790815625 0.4956293703125 0.393852040625 0.510174825 0.40040816250000005 0.5212237765625 0.3983928578125 0.519825175 0.3908163265625 0.5087762234375 0.385790815625
0 0.533671328125 0.5164030609375 0.52534965 0.5063010203125 0.5060139859375 0.5078316328125 0.497027971875 0.5249744890625 0.49979020937499996 0.536556121875 0.5053146859375001 0.542117346875 0.5260489515625 0.5375765312499999 0.535734265625 0.5284948984375 0.533671328125 0.5164030609375
0 0.53923076875 0.6144897953124999 0.53059440625 0.6071428578125 0.515734265625 0.6144897953124999 0.5277272734375 0.6253571421874999 0.53923076875 0.6144897953124999
0 0.5641958046875 0.6253571421874999 0.5718881125 0.621147959375 0.5656293703124999 0.6158928578125 0.5627622375 0.6148469390625 0.549790209375 0.6183418374999999 0.554615384375 0.62395408125 0.5641958046875 0.6253571421874999
0 0.5493356640625 0.5784183671875 0.55940559375 0.5791071421875 0.56034965 0.564413265625 0.5435664328125 0.5528571421875 0.5315734265625001 0.5532142859375 0.537797203125 0.56826530625 0.5493356640625 0.5784183671875
0 0.7137062937499999 0.8113010203125001 0.6886013984375 0.752040815625 0.6539860140625 0.7363775515625 0.6086013984374999 0.7616326531250001 0.56559440625 0.7947448984375 0.5429020984374999 0.8365816328125 0.5261888109374999 0.901938775 0.5452797203124999 0.93242346875 0.6348601406250001 0.9420153062500001 0.692202796875 0.928086734375 0.7316083921875001 0.9089030609375 0.74594405625 0.874056121875 0.7387762234374999 0.841811225 0.7304195796874999 0.8339540812499999 0.7137062937499999 0.8113010203125001
0 0.9945454546875 0.38352040781249996 0.998916084375 0.3671683671875 0.9817132859375001 0.36104591875000003 0.971328671875 0.3642602046875 0.9665384609375 0.37418367343750003 0.9741258734375 0.3817602046875 0.9945454546875 0.38352040781249996
0 0.43167832187500005 0 0.43122377656250005 0.003290815625 0.4341258734375 0.0155357140625 0.4504545453125 0.025688775000000004 0.47349650312499997 0.025 0.48213286718750004 0.012040815625 0.481153846875 0.0029336734375 0.479965034375 0 0.43167832187500005 0