0 0.2104166671875 0.048109965625 0.15365740781249998 0.0665635734375 0.1583796296875 0.0770790375 0.19976851874999998 0.07883161562499999 0.2104166671875 0.07182130625000001 0.2104166671875 0.048109965625
0 0.5035648140625 0.31573883125 0.48819444375 0.336769759375 0.5 0.34556701093750003 0.539027778125 0.33941580781249997 0.534259259375 0.3253951890625 0.5035648140625 0.31573883125
0 0.58273148125 0.6342268046874999 0.548472221875 0.6008934703125 0.5271759265625 0.5815807562499999 0.5082870374999999 0.5666666671875 0.478703703125 0.494707903125 0.47754629687500005 0.485051546875 0.45388888906249997 0.47278350468749997 0.4361574078125 0.47718213125000003 0.40305555625 0.50962199375 0.3983333328125 0.5368384875000001 0.3770833328125 0.562268040625 0.42907407343750004 0.5824398625 0.4420833328125 0.587731959375 0.45273148125 0.5920962203125 0.4668981484375 0.6210652921875 0.5106481484375001 0.63158075625 0.5401851859375 0.6350859109375 0.5792129625 0.654398625 0.62055555625 0.678969071875 0.62055555625 0.654398625 0.64773148125 0.638591065625 0.6158333328125 0.6219243984375 0.58273148125 0.6342268046874999
0 0.6671759265625 0.9336426109374999 0.7246296296875 0.9208934703124999 0.73319444375 0.8922680406250001 0.675740740625 0.8661855671875 0.6208796296875 0.8750859109375 0.6354629625 0.9234364265625 0.6671759265625 0.9336426109374999
0 0.7410648140625 0.1945360828125 0.7711111109375001 0.20027491406250003 0.7925 0.1945360828125 0.7882407406249999 0.1608247421875 0.7453703703125 0.1493470796875 0.73680555625 0.1754639171875 0.7410648140625 0.1945360828125
0 0.6173611109375 0.054776632812500003 0.58648148125 0.0624398625 0.604490740625 0.0840549828125 0.6293518515625001 0.07896907187499999 0.6293518515625001 0.0579725078125 0.6173611109375 0.054776632812500003
0 0.160972221875 0.5761855671875 0.1325925921875 0.5890034359375 0.143703703125 0.61281786875 0.1683796296875 0.6137457046875 0.1757870375 0.5890034359375 0.160972221875 0.5761855671875
0 0.0782870375 0.3837457046875 0.1325925921875 0.357147765625 0.1313425921875 0.30766322968750004 0.044953703125 0.2957731953125 0.017777778124999997 0.32326460468749996 0.016527778125 0.3626460484375 0.0782870375 0.3837457046875
0 0.3153240734375 0.246288659375 0.299259259375 0.2545360828125 0.3140740734375 0.280171821875 0.343703703125 0.2655326453125 0.3301388890625 0.248109965625 0.3153240734375 0.246288659375
0 0.23629629687499998 0.4882130578125 0.2029629625 0.48635738906250003 0.20912037031250003 0.5074570453125 0.22518518593749998 0.51109965625 0.237546296875 0.4955326453125 0.23629629687499998 0.4882130578125
0 0.2523611109375 0.402989690625 0.19430555625 0.41487972500000003 0.18319444375 0.463470790625 0.24125000000000002 0.4717182125 0.2683796296875 0.42680412343749996 0.2523611109375 0.402989690625
0 0.33148148125 0.81890034375 0.24986111093750002 0.9033333328125 0.24245370312499998 0.95646048125 0.27458333281249997 0.9876288656250001 0.33259259218750004 0.9968041234375 0.3720833328125 0.9968041234375 0.4313425921875 0.9976975937500001 0.5017129625 0.9903780062499999 0.5696296296875001 0.98305841875 0.5931018515625001 0.9592096218749999 0.560972221875 0.916151203125 0.48074074062500005 0.891408934375 0.4128240734375 0.8694158078124999 0.36837962968750004 0.863917525 0.33148148125 0.81890034375
0 0.3140740734375 0.6586597937499999 0.29430555625 0.6797250859374999 0.29680555625 0.6934707906249999 0.3301388890625 0.694398625 0.337546296875 0.6769759453125 0.3140740734375 0.6586597937499999