0 0.7363010203125 0.6232517484375 0.7368112250000001 0.59905594375 0.7262244890625 0.5948951046875 0.720663265625 0.6025174828125001 0.7257142859375 0.624615384375 0.7363010203125 0.6232517484375
0 0.7085204078125 0.6073426578125 0.709540815625 0.5914335671875001 0.7039795921875001 0.585909090625 0.6954081624999999 0.5900699296874999 0.6979336734375 0.6025174828125001 0.7085204078125 0.6073426578125
0 0.7546683671875 0.643916084375 0.7363775515625 0.700034965625 0.7267857140625 0.81111888125 0.7416071421875 0.87800699375 0.7694897953125001 0.8995104890625001 0.8060969390625001 0.9043007 0.8810459187499999 0.8672727265625 0.8871428578125 0.8636713281249999 0.8949744890625 0.7490209796875 0.8915051015625 0.6976573421875 0.872321428125 0.6666083921875 0.8348469390625001 0.65465035 0.7546683671875 0.643916084375
0 0.606147959375 0.5043706296875 0.614209184375 0.4912237765625 0.6091836734375 0.480174825 0.6016071421875 0.47877622343750004 0.5995918375 0.489825175 0.606147959375 0.5043706296875
0 0.457882653125 0.49468531406249994 0.463443878125 0.500209790625 0.4750255109375 0.5029720281250001 0.4921683671875 0.4939860140625 0.49369897968750004 0.47465035 0.4835969390625 0.46632867187500004 0.4715051015625 0.46426573437499996 0.46242346875000007 0.47395104843749997 0.457882653125 0.49468531406249994
0 0.3928571421875 0.46940559375 0.38551020468749997 0.46076923125 0.3746428578125 0.4722727265625 0.38551020468749997 0.484265734375 0.3928571421875 0.46940559375
0 0.37604591875 0.445384615625 0.3816581625 0.45020979062500005 0.3851530609375 0.4372377625 0.38410714218750003 0.4343706296875 0.378852040625 0.42811188749999995 0.3746428578125 0.43580419531250003 0.37604591875 0.445384615625
0 0.43173469375 0.46220279687500004 0.4467857140625 0.4684265734375 0.44714285781249996 0.4564335671875 0.435586734375 0.43965034999999997 0.42089285781249997 0.44059440624999996 0.42158163281250005 0.45066433593750005 0.43173469375 0.46220279687500004
0 0.071913265625 0.307797203125 0.05798469375 0.36513985937500004 0.06757653125 0.4547202796875 0.098061225 0.4738111890625 0.1634183671875 0.4570979015625 0.20525510156250001 0.43440559375000004 0.238367346875 0.3913986015625 0.2636224484375 0.3460139859375 0.24795918437500003 0.3113986015625 0.1886989796875 0.28629370625 0.16604591875000002 0.26958042031249996 0.158188775 0.2612237765625 0.12594387812500002 0.25405594374999996 0.09109693906250001 0.26839160781250004 0.071913265625 0.307797203125
0 0.6182397953125001 0.0258741265625 0.6258163265625 0.033461539062500004 0.6357397953125 0.028671328125 0.63895408125 0.0182867140625 0.6328316328125 0.001083915625 0.6164795921875 0.0054545453125 0.6182397953125001 0.0258741265625
0 1 0.5200349656250001 0.9970663265624999 0.5188461531249999 0.987959184375 0.5178671328125 0.975 0.526503496875 0.9743112249999999 0.5495454546875 0.9844642859375 0.5658741265625 0.996709184375 0.5687762234375 1 0.568321678125 1 0.5200349656250001