0 0.58621908125 0.3853089890625 0.5668904593749999 0.390028090625 0.5773144875 0.4183988765625 0.5907067140625 0.4337640453125 0.6233922265625 0.411320225 0.58621908125 0.3853089890625
0 0.581766784375 0.0744382015625 0.6219081265625 0.0826966296875 0.666537103125 0.0519662921875 0.6263604234375 0.030702246875 0.581766784375 0.0744382015625
0 0.1743462890625 0.25174157343750003 0.17583038906249998 0.2883707859375 0.19812720781249998 0.313202246875 0.2219434625 0.281292134375 0.2070671375 0.24699438125 0.1743462890625 0.25174157343750003
0 0.72452296875 0.2552808984375 0.728975265625 0.21744382031249998 0.7155830390625 0.196179775 0.684381625 0.2008988765625 0.6784098937499999 0.20800561874999998 0.6784098937499999 0.23283707812499999 0.697738515625 0.25764045 0.72452296875 0.2552808984375
0 0.7520210640625 0.455925340625 0.78547703125 0.44205056249999997 0.758727915625 0.44441011250000007 0.7319434625000001 0.4479494375 0.7438515906250001 0.4550561796875 0.767632509375 0.46924157343750006 0.7520210640625 0.455925340625
0 0.821166078125 0.36640449375 0.8538869265625 0.3533988765625 0.8464310953125 0.3332865171875 0.8241342749999999 0.3392134828125 0.821166078125 0.36640449375
0 0.889575971875 0.37820224687500004 0.8524028265625001 0.375842696875 0.850918728125 0.4018539328125 0.874699646875 0.4089606734375 0.8925441703124999 0.392387640625 0.889575971875 0.37820224687500004
0 0.9490459359375001 0.49997190937499997 0.9505300359375 0.4881460671875 0.9207773859374999 0.48696629218750004 0.9252650171875001 0.49879213437500003 0.9207773859374999 0.514157303125 0.9490459359375001 0.512977528125 0.9490459359375001 0.49997190937499997
0 0.34385159062500004 0.6477247187499999 0.36466431093749996 0.68081460625 0.3944169609375 0.6914606734375 0.42565371093750004 0.6914606734375 0.48215547656249996 0.6914606734375 0.5297173140625 0.68081460625 0.5431095406249999 0.640617978125 0.5222968203125 0.5992415734375001 0.46431095468750005 0.5531460671875 0.465795053125 0.5354213484375 0.43752650156249995 0.52477528125 0.372120140625 0.5354213484375 0.33494699687499996 0.5791573031249999 0.34385159062500004 0.6477247187499999
0 0.17583038906249998 0.547247190625 0.273957596875 0.5661516859375 0.3260070671875 0.559073034375 0.36466431093749996 0.54014045 0.395901059375 0.4680617984375 0.327491165625 0.42550561875000004 0.318586571875 0.43140449375 0.27696113125 0.4680617984375 0.24572438124999998 0.48221910156250003 0.18922261406250002 0.49879213437500003 0.17583038906249998 0.547247190625
0 0.1713780921875 0.048426965625 0.16840989374999998 0.0519662921875 0.2070671375 0.050786517187500005 0.1862544171875 0.0366011234375 0.1713780921875 0.048426965625
0 0.357243815625 0.2541011234375 0.342367490625 0.23162921406249998 0.3171024734375 0.2529213484375 0.357243815625 0.2541011234375
0 0.2616254421875 0.12401685468750001 0.2491872796875 0.1227808984375 0.2305653703125 0.1264887640625 0.23519434687500002 0.145 0.24763250937499998 0.1437640453125 0.2662544171875 0.142528090625 0.2693639578125 0.131432584375 0.2616254421875 0.12401685468750001
0 0.5566784453125 0.21165730312500003 0.54427561875 0.2042696625 0.5178445234375 0.21165730312500003 0.5178445234375 0.23266853906249998 0.5365017671875 0.23390449375000003 0.552014134375 0.2301966296875 0.5566784453125 0.21165730312500003
0 0.758586571875 0.0919101125 0.7414840984375 0.10674157343749999 0.739929328125 0.11412921406250001 0.764805653125 0.125252809375 0.7943109546875 0.10674157343749999 0.758586571875 0.0919101125
0 0.5537102468749999 0.8278089890624999 0.525618375 0.7696910109374999 0.3951590109375 0.76845505625 0.36254417031249997 0.8092134828124999 0.37964664375 0.8499438203125 0.44176678437500005 0.8857584265625 0.54427561875 0.8808146062500001 0.5537102468749999 0.8278089890624999
0 0.1995053 0.8808146062500001 0.1995053 0.8598314609375001 0.18706713749999998 0.8326685390625 0.1497879859375 0.825252809375 0.13427561875 0.8400561796874999 0.1265017671875 0.8659831453125 0.1435689046875 0.8869662921874999 0.1792932859375 0.8882022468749999 0.1995053 0.8808146062500001
0 1 0.6085393265625 0.994628975 0.6042696624999999 0.9868551234374999 0.6042696624999999 0.9760070671875001 0.6067415734375 0.9651236750000001 0.617837078125 0.9744522968749999 0.6375842703125 0.9899646640625 0.641292134375 0.9992932859374999 0.6375842703125 1 0.6342415734375 1 0.6085393265625
0 0.49144876249999997 0.2832865171875 0.47749116562499994 0.2832865171875 0.4728268546875 0.3104494375 0.4961130734375 0.3166011234375 0.511660778125 0.3042696625 0.505441696875 0.2919101125 0.49144876249999997 0.2832865171875
0 0.95890459375 0.21412921406250002 0.9604593640625 0.2042696625 0.9402826859375001 0.1894382015625 0.926289753125 0.188202246875 0.9138869265625 0.1820505625 0.9138869265625 0.1906741578125 0.9185512375 0.21044943749999998 0.9402826859375001 0.217837078125 0.95890459375 0.21412921406250002