0 0.2185161296875 0.2983980578125 0.21729032187500003 0.307669903125 0.240709678125 0.3150970875 0.2506451609375 0.3067475734375 0.24690322656250002 0.291893203125 0.2370322578125 0.2881553390625 0.2185161296875 0.2983980578125
0 0.7654193546875 0 0.7530967734375 0.002038834375 0.7296129031249999 0.016941746875 0.7308387093750001 0.051310679687500006 0.7839354843749999 0.062427184375 0.829612903125 0.0457281546875 0.8555483875000001 0.022475728125 0.8460000000000001 0 0.7654193546875 0
0 0.3989032265625 0.7183495140625 0.3953548390625 0.6890291265624999 0.3575483875 0.6934466015625 0.3315483875 0.7397087375 0.37645161250000003 0.7557281546875 0.3989032265625 0.7183495140625
0 0.463935484375 0.7708252421874999 0.5064516125 0.7895145625 0.507612903125 0.7539320390625 0.463935484375 0.7708252421874999
0 0.6045806453125 0.4293203890625 0.5750322578125 0.40708737812500007 0.560838709375 0.41684466093749994 0.564387096875 0.4382038828125 0.5974838703125 0.4506310671875 0.6045806453125 0.4293203890625
0 0.7405161296875 0.4186407765625 0.7689032265625 0.43733009687499996 0.7665161296874999 0.47645631093749996 0.8149677421874999 0.43733009687499996 0.8622580640624999 0.4364077671875 0.8681935484375 0.4061650484375 0.8575483875 0.377718446875 0.8315483875 0.35101941718749996 0.8078709671875 0.3412621359375 0.7534838703125 0.3341262140625 0.74522580625 0.3341262140625 0.72632258125 0.3795145625 0.7405161296875 0.4186407765625
0 0.05845161250000001 0.2363106796875 0.11522580625 0.2567475734375 0.11877419375 0.22296116562499999 0.062 0.2167475734375 0.05845161250000001 0.2363106796875
0 0.514838709375 0.527815534375 0.527161290625 0.510194175 0.50967741875 0.4888349515625 0.46645161249999995 0.507281553125 0.4778064515625 0.52504854375 0.514838709375 0.527815534375
0 0.45064516093749996 0.6764563109374999 0.44812903281249994 0.722912621875 0.524709678125 0.7247572812499999 0.5493548390625 0.684805825 0.5024516125 0.6467475734375 0.4925806453125 0.6458252421874999 0.45064516093749996 0.6764563109374999
0 0.370387096875 0.324417475 0.3481290328125 0.312330096875 0.30741935468750003 0.328106796875 0.3221935484375 0.400582525 0.3889032265625 0.412621359375 0.4234838703125 0.40800970937500003 0.414838709375 0.35504854375 0.370387096875 0.324417475
0 0.7160645156250001 0.21014563125 0.683935484375 0.192475728125 0.6185161296875 0.1897087375 0.59877419375 0.2537864078125 0.6197419359375 0.28165048593750003 0.6913548390625001 0.2835436890625 0.717290321875 0.25009708750000004 0.7160645156250001 0.21014563125
0 0.727161290625 0.23058252499999998 0.7345806453125 0.2733009703125 0.775290321875 0.279805825 0.7950322578125 0.2640291265625 0.7938064515625001 0.232427184375 0.7814838703125 0.2184951453125 0.727161290625 0.23058252499999998
0 0.9061935484375001 0.6067961171875 0.9221935484375001 0.5937864078125 0.9135483875 0.567766990625 0.9 0.5491747578124999 0.8864516124999999 0.5399029125 0.858 0.5464077671875 0.8407096781250001 0.5594174749999999 0.8654193546875 0.5807766984375 0.8889032265625 0.607718446875 0.9061935484375001 0.6067961171875
0 0.183935484375 0.2807281546875 0.182709678125 0.2863106796875 0.18767741875 0.29466019375 0.20122580625 0.29004854375 0.20122580625 0.279805825 0.19632258125 0.277038834375 0.183935484375 0.2807281546875