0 0.23827338125000003 0.570476190625 0.260503596875 0.5694642859375 0.271582734375 0.555178571875 0.2642446046875 0.53470238125 0.2346043171875 0.528571428125 0.21237409999999998 0.5388095234375 0.21115107968750002 0.559226190625 0.23827338125000003 0.570476190625
0 0.62064748125 0.21440476249999998 0.6442446046875 0.231071428125 0.6726618703125 0.23595238125 0.69863309375 0.2280952375 0.69863309375 0.216369046875 0.6856115109375 0.2036904765625 0.64899280625 0.194880953125 0.6194244609374999 0.1997619046875 0.62064748125 0.21440476249999998
0 0.8771223015625 0.7180952375 0.8877697843749999 0.7357142859375 0.9184892093749999 0.737678571875 0.9326618703125 0.7200595234375 0.9279136687499999 0.68875 0.9102158265625 0.654523809375 0.8699999999999999 0.6642857140625 0.8712230218749999 0.6916666671875 0.8771223015625 0.7180952375
0 0.41237409999999997 0.2191071421875 0.40618705000000005 0.17720238125 0.377769784375 0.171071428125 0.348129496875 0.1914880953125 0.3580575546875 0.23339285781250002 0.392589928125 0.24565476249999998 0.41237409999999997 0.2191071421875
0 0.3 0.616428571875 0.337050359375 0.61845238125 0.3642446046875 0.6031547625 0.3420143890625 0.5500595234375 0.301223021875 0.5418452375 0.28395683437499997 0.5582142859375 0.2802877703125 0.5867857140625 0.3 0.616428571875
0 0.4802877703125 0.6133928578125001 0.48517985625 0.5827380953125 0.46424460468750006 0.5602380953125 0.43460431718750003 0.5602380953125 0.424676259375 0.5469642859375 0.4197841734375 0.53470238125 0.3827338125 0.5296428578125 0.362949640625 0.547976190625 0.369136690625 0.5694642859375 0.39755395625 0.600119046875 0.428417265625 0.6154166671875 0.454316546875 0.6245833328125 0.4802877703125 0.6133928578125001
0 0.4197841734375 0.6900000000000001 0.40863309374999995 0.661369046875 0.39136690625 0.65625 0.38151079062500004 0.6644642859375 0.38769784218750003 0.6858928578125 0.39755395625 0.6910119046875 0.4197841734375 0.6900000000000001
0 0.3357553953125 0.45208333281249996 0.3097122296875 0.450119046875 0.296762590625 0.4686904765625 0.305035971875 0.5 0.3109352515625 0.5097619046874999 0.3227338125 0.5097619046874999 0.34280575468749996 0.5097619046874999 0.35230215781249996 0.5029166671875 0.34517985625000003 0.4785119046875 0.3499280578125 0.459880953125 0.3357553953125 0.45208333281249996
0 0.2364748203125 0.7278571421875 0.2305755390625 0.7317857140624999 0.23410071875 0.746428571875 0.2600719421875 0.7572023812500001 0.2636690640625 0.7630952375 0.2837410078125 0.7523214281249999 0.29913669062500003 0.7395833328125 0.2837410078125 0.728869046875 0.2600719421875 0.729821428125 0.2364748203125 0.7278571421875
0 0.21402877656250002 0.38654761875 0.21402877656250002 0.3660119046875 0.2080575546875 0.35035714218749997 0.1879856109375 0.373869046875 0.1773381296875 0.39732142812500004 0.20215827343749998 0.405119046875 0.21402877656250002 0.38654761875
0 0.2328776984375 0.6183333328125 0.25064748125 0.63595238125 0.2861151078125 0.6339880953125 0.2612949640625 0.6183333328125 0.2411510796875 0.5988095234374999 0.2328776984375 0.6183333328125
0 0.08755395625 0.68875 0.07928057499999999 0.6741071421875 0.059136690625 0.6858333328125 0.0697841734375 0.6985119046875 0.08755395625 0.68875
0 0.15014388437499998 0.8315476187499999 0.1537410078125 0.8168452374999999 0.12064748125 0.8236904765625 0.117050359375 0.850119046875 0.15014388437499998 0.8315476187499999
0 0.7541726625 0.6105357140625001 0.788489209375 0.5889880953125 0.7872661875 0.5616071421875 0.770719425 0.5469642859375 0.7282014390625 0.5371428578125 0.7328776984375 0.56845238125 0.7210791359375001 0.586071428125 0.7541726625 0.6105357140625001
0 0.60172661875 0.8931547625 0.614676259375 0.9136904765624999 0.64899280625 0.93029761875 0.6572661875 0.9371428578125001 0.6548920859375 0.8980357140624999 0.658417265625 0.8706547625000001 0.6265467625000001 0.8628571421875 0.5993525187500001 0.86970238125 0.60172661875 0.8931547625
0 0.992589928125 0.5714880953125 0.9963309359375 0.53470238125 0.962949640625 0.5163095234374999 0.9308633093750001 0.5469642859375 0.9481294968749999 0.578630953125 0.966690646875 0.5847619046875 0.992589928125 0.5714880953125