0 0.27911196875 0.5444886359375001 0.28575289531250003 0.5249431812500001 0.28575289531250003 0.5151704546875 0.2783011578125 0.510340909375 0.2691891890625 0.5225 0.27911196875 0.5444886359375001
0 0.7797683390625 0.837215909375 0.7838996140625001 0.8445454546875 0.790540540625 0.838409090625 0.790540540625 0.82380681875 0.784749034375 0.8177272734375001 0.7789575296875 0.82380681875 0.7797683390625 0.837215909375
0 0.9157142859375 0.662784090625 0.9248262546875001 0.67130681875 0.9272972968750001 0.6554545453125 0.9248262546875001 0.6420454546875 0.9173745171875 0.638409090625 0.9123938218750001 0.6481250000000001 0.9157142859375 0.662784090625
0 0.608185328125 0.5298295453125 0.6139768343750001 0.5139772734375 0.6115057921875 0.49812500000000004 0.5966023171875 0.5066477265625 0.5998841703125 0.5273863640625 0.608185328125 0.5298295453125
0 0.5733590734375 0.3785795453125 0.57833976875 0.3798295453125 0.5833204640625 0.37005681875 0.5808494203125 0.361534090625 0.5717374515625 0.3566477265625 0.5700772203125 0.3639204546875 0.5733590734375 0.3785795453125
0 0.52694980625 0.44568181874999996 0.535250965625 0.42613636406250005 0.5327799234375 0.4151704546875 0.5203474906250001 0.41761363593749995 0.518687259375 0.43102272656249996 0.52694980625 0.44568181874999996
0 0.45980695000000005 0.60056818125 0.46810810781249995 0.5956818187499999 0.467297296875 0.5773863640625 0.45980695000000005 0.5761931812500001 0.44988417031249994 0.5773863640625 0.4473745171875 0.5920454546875 0.45980695000000005 0.60056818125
0 0.047876448437500004 0.483465909375 0.048687259375 0.49812500000000004 0.05617760625 0.5030113640625 0.0627799234375 0.4883522734375 0.0627799234375 0.483465909375 0.059459459375 0.47130681875 0.05119691093749999 0.47130681875 0.047876448437500004 0.483465909375
0 0.057799228125000005 0.8091477265625 0.06362934375 0.825 0.07027027031250001 0.8225568187500001 0.0760617765625 0.8164772734374999 0.07521235468750001 0.8055113640625 0.06776061718750001 0.7969886359375 0.0619691125 0.79943181875 0.057799228125000005 0.8091477265625
0 0.8179150578125001 0.284659090625 0.8253667953124999 0.283465909375 0.8270270265624999 0.2676136359375 0.8220463328125 0.2627272734375 0.8170656375 0.2651704546875 0.8154054046875 0.27369318125 0.8179150578125001 0.284659090625
0 0.6280694984374999 0.2126704546875 0.6322393828124999 0.22125 0.63637065625 0.22244318125 0.64382239375 0.21511363593750002 0.6421621625 0.21147727343749997 0.63637065625 0.1992613640625 0.6313899609375 0.2017045453125 0.6280694984374999 0.2126704546875
0 0.46976833906250004 0.45784090937500005 0.47057915 0.43590909062499994 0.4647876453125 0.42613636406250005 0.45814671875 0.43715909062499997 0.4631274125 0.45789772656250005 0.46976833906250004 0.45784090937500005
0 0.6396911203125 0.54568181875 0.6396911203125 0.5273863640625 0.6338996140625001 0.5188636359375 0.6297297296875 0.5322727265625 0.634710425 0.54693181875 0.6396911203125 0.54568181875
0 0.7573745171875 0.915284090625 0.7615444015625 0.914090909375 0.76069498125 0.8969886359375 0.754903475 0.8994318187499999 0.7517374515624999 0.90056818125 0.7491119687500001 0.9079545453125 0.7573745171875 0.915284090625
0 0.21115830156249998 0.74818181875 0.21945945937500003 0.74818181875 0.2227799234375 0.7408522734375 0.221119690625 0.7323295453124999 0.21528957499999998 0.7286363640625 0.21034749062500002 0.7323295453124999 0.21115830156249998 0.74818181875
0 0.32305019375 0.62255681875 0.3330115828125 0.62375 0.33714285781250003 0.6164204546875001 0.3346718140625 0.6067045453125 0.3280308875 0.6042613640625001 0.3238996140625 0.6078977265625001 0.32305019375 0.62255681875
0 0.704324325 0.410284090625 0.7126254828125 0.410284090625 0.71675675625 0.40420454531249994 0.7142857140625 0.3932386359375 0.7084942078124999 0.39443181875 0.704324325 0.40056818125 0.704324325 0.410284090625
0 0.9339382234375 0.28221590937499996 0.9372586875 0.2663636359375 0.9281467187500001 0.2663636359375 0.9239768343750001 0.27369318125 0.9272972968750001 0.2810227265625 0.9339382234375 0.28221590937499996