0 0.7102923984375 0.1702469140625 0.71426900625 0.14086419687500001 0.7053216375 0.12716049375 0.685438596875 0.12716049375 0.6814619890625 0.153456790625 0.7102923984375 0.1702469140625
0 0.32900584843749997 0.156296296875 0.29315789531249997 0.1338271609375 0.28076023437500003 0.15154320937500002 0.2629239765625 0.13851851875 0.23257310000000003 0.131419753125 0.2146783625 0.15154320937500002 0.21368421093749998 0.176358025 0.24152046718750003 0.19648148125 0.20684210468750003 0.2224691359375 0.2607017546875 0.27567901250000004 0.29415204687499996 0.2969135796875 0.33894736875000003 0.315864196875 0.37040935625000004 0.3004938265625 0.3838596484375 0.2330864203125 0.36023391875 0.20944444375 0.32900584843749997 0.156296296875
0 0.8060233921875 0.6373456796875 0.828421053125 0.631419753125 0.861929825 0.618456790625 0.8542105265625001 0.586543209375 0.8150292390624999 0.57944444375 0.8060233921875 0.6373456796875
0 0.5326900578125 0.6811111109375 0.5226315796875001 0.6940740734374999 0.49573099374999996 0.72716049375 0.5069590640625 0.7496296296875 0.538421053125 0.77919753125 0.542865496875 0.7532098765625 0.57298245625 0.7437654328125001 0.599883040625 0.6988271609375001 0.6078362578125 0.6716049374999999 0.5798245609375 0.6645679015625 0.5461403515625001 0.656296296875 0.5326900578125 0.6811111109375
0 0.587543859375 0.1409259265625 0.5752631578125 0.14919753125 0.568421053125 0.18024691406249999 0.6040935671875001 0.1845679015625 0.632456140625 0.169259259375 0.6593567250000001 0.1609876546875 0.6267836250000001 0.113703703125 0.5965497078124999 0.104259259375 0.587543859375 0.1409259265625
0 0.42959064375 0.622098765625 0.4694152046875 0.659938271875 0.5261403515625 0.65783950625 0.5370760234375 0.60216049375 0.5321052625 0.5748148140625 0.49029239843749994 0.56012345625 0.43555555625000003 0.5779629625 0.42959064375 0.622098765625
0 0.28023391875 0.8490740734375001 0.32105263125 0.8648148140625 0.3559064328125 0.818580246875 0.332046784375 0.7923456796874999 0.282222221875 0.7808024687499999 0.2692982453125 0.809135803125 0.28023391875 0.8490740734375001
0 0.15684210468749998 0.76919753125 0.20859649062500002 0.771296296875 0.214561403125 0.72716049375 0.173742690625 0.6967283953125001 0.14385964843750002 0.7051234562500001 0.139883040625 0.735617284375 0.15684210468749998 0.76919753125
0 0.0413450296875 0.76080246875 0.093099415625 0.7912962968749999 0.1100584796875 0.7524074078125 0.108070175 0.7324074078125 0.0771929828125 0.6883333328125001 0.0443274859375 0.7072222218750001 0.0413450296875 0.76080246875
0 0.1299415203125 0.35203703750000004 0.14087719375000002 0.33104938281249996 0.1209941515625 0.276419753125 0.09807017500000001 0.276419753125 0.0940935671875 0.3068518515625 0.1299415203125 0.35203703750000004
0 0.0881286546875 0.14086419687500001 0.127953215625 0.1282098765625 0.1448538015625 0.08728395 0.1130409359375 0.07043209843750001 0.08017543906249999 0.081975309375 0.063216375 0.11771605 0.0881286546875 0.14086419687500001
0 1 0.2624074078125 0.9990058484375 0.2574691359375 0.9940350875 0.2459259265625 0.978070175 0.242777778125 0.9711111109375 0.2532716046875 0.9800584796875 0.280617284375 0.9930409359375 0.29216049375 1 0.27660493750000004 1 0.2624074078125
0 0 0.41950617343749996 0.0054970765625 0.45185185156249996 0.0413450296875 0.4666049375 0.05128655 0.45080246874999996 0.0234502921875 0.3961728390625 0 0.41006172812499997 0 0.41950617343749996
0 0.6426900578125 0 0.6259064328124999 0.0019135796875 0.6223976609374999 0.0253703703125 0.6504678359375 0.041419753125 0.659239765625 0.01055555625 0.6481286546875 0 0.6426900578125 0