0 0.6340553 0.9303571421875001 0.64069124375 0.947959184375 0.6745622124999999 0.9457142859375001 0.6858064515625 0.9237244890625 0.6725345625 0.9097448984375 0.6447004609375 0.9097448984375 0.6340553 0.9303571421875001
0 0.40304147500000004 0.158163265625 0.3711520734375 0.15698979531249999 0.3859907828125 0.2219897953125 0.40304147500000004 0.21846938749999997 0.42023041406250006 0.214897959375 0.433041475 0.20903061250000002 0.4393548390625 0.166428571875 0.40304147500000004 0.158163265625
0 0.8012903218749999 0.2232142859375 0.8163594468750001 0.2562755109375 0.8184792625 0.2740306125 0.89 0.23739795937500002 0.8889400921874999 0.201938775 0.8141935484375 0.20071428593750001 0.8012903218749999 0.2232142859375
0 0.3156221203125 0.46193877499999997 0.36354838749999996 0.4501530609375 0.3604608296875 0.4099489796875 0.3156221203125 0.40760204062499994 0.3156221203125 0.46193877499999997
0 0.2013824890625 0.699540815625 0.19069124375 0.658163265625 0.1415668203125 0.659336734375 0.1415668203125 0.730306121875 0.1884792625 0.7279081625 0.2013824890625 0.699540815625
0 0.2974654375 0.8331122453124999 0.27930875624999996 0.7728571421875 0.20350230468750002 0.77520408125 0.22377880156250002 0.8248469390625001 0.24834101406250003 0.8591326531249999 0.2974654375 0.8331122453124999
0 0.158894009375 0.037040815625 0.1350230421875 0.012397959375 0.11829493124999998 0.030867346875 0.1214746546875 0.056479592187500004 0.1501382484375 0.0652551015625 0.158894009375 0.037040815625
0 0.816682028125 0.590663265625 0.8070046078124999 0.5748469390625 0.7904608296875 0.5784183671875 0.7899539171875001 0.599336734375 0.805668203125 0.6069897953125001 0.816682028125 0.590663265625
0 0.783963134375 0.61617346875 0.7766359453125 0.5932142859375 0.76 0.6018877546875 0.7613824890625 0.6182142859375 0.7752073734375 0.6263775515625001 0.783963134375 0.61617346875
0 0.774331796875 0.5779081625 0.7890322578125 0.577397959375 0.7904608296875 0.5590306125 0.7775115203125 0.552397959375 0.76322580625 0.5534183671874999 0.7628110593749999 0.5687244890625001 0.774331796875 0.5779081625
0 0.8300460828125 0.5697448984375 0.8383410140625 0.5814795921875 0.8517511515624999 0.5794387750000001 0.8544700453124999 0.5651530609375001 0.844838709375 0.555459184375 0.8374193546875001 0.554438775 0.8300460828125 0.5697448984375