0 0.06 0.6215057921875 0.0785128203125 0.68057915 0.1129230765625 0.7011583015625 0.13758974375 0.6838996140625 0.1931282046875 0.6580308875 0.20989743593750002 0.6201930499999999 0.209025640625 0.606911196875 0.17728205156250001 0.60559845625 0.13584615312499998 0.6022779921875 0.074974359375 0.597606178125 0.06 0.6215057921875
0 0.602205128125 0.647413128125 0.5651794875 0.6175289578125 0.5378461531250001 0.6208494203125 0.532564103125 0.6699613906249999 0.59076923125 0.684555984375 0.602205128125 0.647413128125
0 0.655641025 0.8833204640625001 0.6544615390625 0.82814671875 0.6568205125000001 0.8059073359375001 0.6119487171875 0.8156756749999999 0.6012820515625 0.835250965625 0.6166666671875001 0.8655212359375 0.655641025 0.8833204640625001
0 0.84123076875 0.7854054046875001 0.84241025625 0.7462548265625 0.7986666671875 0.7347104250000001 0.7679487171875 0.7533976828125 0.782153846875 0.7791891890625 0.806974359375 0.7907721999999999 0.84123076875 0.7854054046875001
0 0.6024615390625 0.1713513515625 0.632 0.17401544375 0.6769230765625001 0.1526640921875 0.6639487171875 0.1268725875 0.629641025 0.1010424703125 0.591846153125 0.109073359375 0.556358975 0.1366409265625 0.5575384609375 0.18115830156249998 0.6024615390625 0.1713513515625
0 0.6331282046875 0.9277606171875 0.5927179484375 0.905096525 0.5574358968750001 0.9128571421875 0.54276923125 0.9449420843749999 0.607384615625 0.9626254828125 0.6331282046875 0.9277606171875
0 0.19076923125 0.1138996140625 0.1605128203125 0.1992278 0.26087179531250004 0.23722007656250002 0.3247179484375 0.23366795312500002 0.3636923078125 0.224749034375 0.37317948749999996 0.2132046328125 0.34594871718750003 0.191814671875 0.329435896875 0.1624710421875 0.3270769234375 0.13930501875 0.28923076875 0.1188416984375 0.2287179484375 0.08185328124999999 0.19076923125 0.1138996140625
0 0.2856923078125 0.9455984562499999 0.332974359375 0.9242471046875 0.3258974359375 0.901119690625 0.306974359375 0.8699613906250001 0.278615384375 0.8904247109375 0.2620512828125 0.9055598453125 0.26558974375 0.927799228125 0.2856923078125 0.9455984562499999
0 0.2067179484375 0.45648648593749996 0.182 0.4233204640625 0.1414871796875 0.43791505781250006 0.1458974359375 0.45849420781249994 0.182 0.47177606250000004 0.2067179484375 0.45648648593749996
0 0.5196923078125 0.0900772203125 0.49323076875 0.0668725875 0.4500512828125 0.080154440625 0.46148717968749997 0.10667953593749999 0.508205128125 0.1113513515625 0.5196923078125 0.0900772203125
0 0.556358975 0.4874517375 0.586358975 0.47814671875 0.5951794875 0.4496139 0.5669230765625 0.4217374515625 0.532564103125 0.42305019374999997 0.5166666671875 0.44494208437499994 0.524615384375 0.47749034687499997 0.556358975 0.4874517375
0 0.7758974359375 0.50401544375 0.7829230765624999 0.475482625 0.738 0.4748262546875 0.7132820515625 0.48942085 0.705384615625 0.5232818531250001 0.7344615390625 0.5259459453125 0.7758974359375 0.50401544375
0 0.7774358968749999 0.809266409375 0.7615384609375 0.78069498125 0.72923076875 0.8 0.72923076875 0.827413128125 0.7670769234375 0.8286100390625 0.7774358968749999 0.809266409375