0 0.6753521124999999 0.8988787874999999 0.68089201875 0.9103030296875 0.694178403125 0.913151515625 0.700798121875 0.8974545453125 0.69305164375 0.8845757578125 0.6764788734375 0.8853030296875 0.6753521124999999 0.8988787874999999
0 0.7563849765625 0.9444848484374999 0.8351173703124999 0.909030303125 0.818638496875 0.8806363640624999 0.776525821875 0.8652727265625 0.7270892015625 0.8699999999999999 0.7051173703125 0.8912727265625 0.7563849765625 0.9444848484374999
0 0.8259624406249999 0.6016969703124999 0.776525821875 0.5886969703125 0.7124413140625 0.5898787875 0.6868075124999999 0.6253333328124999 0.688638496875 0.687969696875 0.7582159625 0.6926969703125 0.8570892015625 0.6796969703125 0.8570892015625 0.6146969703125 0.8259624406249999 0.6016969703124999
0 0.23070422499999999 0.11730302968749999 0.2823474171875 0.13706060625 0.35882629062500004 0.11606060625 0.351173709375 0.0975454546875 0.332065728125 0.061727273437499994 0.2613145546875 0.0605151515625 0.23070422499999999 0.11730302968749999
0 0.6753521124999999 0.490848484375 0.667605634375 0.4293939390625 0.58126760625 0.4272727265625 0.5646478875 0.46084848437500003 0.5978873234375001 0.4894242421875 0.6753521124999999 0.490848484375
0 0.6055868546875 0.63706060625 0.5981220656249999 0.601212121875 0.550093896875 0.6135757578125001 0.550093896875 0.6395151515624999 0.590281690625 0.63706060625 0.6055868546875 0.63706060625
0 0.915446009375 0.10248484843750001 0.9269014078125 0.13087878749999998 0.9804694828124999 0.121 0.9919248828124999 0.1 0.9900469484375 0.074090909375 0.9402816906250001 0.07160606093750001 0.915446009375 0.10248484843750001
0 0.2960093890625 0.7291212125000001 0.267230046875 0.706969696875 0.210798121875 0.7141212125 0.2152112671875 0.7426969703124999 0.28051643125000003 0.7512727265625 0.2960093890625 0.7291212125000001
0 0.211877934375 0.7955454546875 0.234037559375 0.7934242421875 0.2262910796875 0.7741212125 0.20525821562500002 0.779848484375 0.211877934375 0.7955454546875
0 0.434366196875 0.8777272734375 0.4111267609375 0.8763030296875 0.40338028125000003 0.8855757578125001 0.41779342656249996 0.8963030296875001 0.434366196875 0.8941515156250001 0.434366196875 0.8777272734375
0 0.4860563375 0.4093939390625 0.553568075 0.4286969703125 0.5934272296875001 0.38939393906249997 0.5978873234375001 0.3565454546875 0.555821596875 0.347969696875 0.49934272343749997 0.3536666671875 0.4860563375 0.4093939390625
0 0.35882629062500004 0.5592727265625 0.38370892031250003 0.5555757578125 0.39516431875 0.521 0.345446009375 0.53581818125 0.35882629062500004 0.5592727265625