0 0.6764788734375 0.1146969703125 0.69305164375 0.1154242421875 0.700798121875 0.10254545468750001 0.694178403125 0.086848484375 0.68089201875 0.0896969703125 0.6753521124999999 0.10112121249999999 0.6764788734375 0.1146969703125
0 0.7051173703125 0.1087272734375 0.7270892015625 0.13 0.776525821875 0.1347272734375 0.818638496875 0.11936363593749999 0.8351173703124999 0.09096969687499999 0.7563849765625 0.0555151515625 0.7051173703125 0.1087272734375
0 0.7582159625 0.3073030296875 0.688638496875 0.312030303125 0.6868075124999999 0.37466666718749997 0.7124413140625 0.4101212125 0.776525821875 0.41130302968750004 0.8259624406249999 0.3983030296875 0.8570892015625 0.3853030296875 0.8570892015625 0.3203030296875 0.7582159625 0.3073030296875
0 0.2613145546875 0.9394848484375 0.332065728125 0.9382727265625 0.351173709375 0.9024545453125 0.35882629062500004 0.8839393937500001 0.2823474171875 0.86293939375 0.23070422499999999 0.8826969703125 0.2613145546875 0.9394848484375
0 0.667605634375 0.5706060609375 0.6753521124999999 0.5091515156249999 0.5978873234375001 0.5105757578125 0.5646478875 0.539151515625 0.58126760625 0.5727272734375 0.667605634375 0.5706060609375
0 0.5981220656249999 0.398787878125 0.6055868546875 0.36293939375 0.590281690625 0.36293939375 0.550093896875 0.3604848484375 0.550093896875 0.38642424218750004 0.5981220656249999 0.398787878125
0 0.9402816906250001 0.9283939390624999 0.9900469484375 0.925909090625 0.9919248828124999 0.9 0.9804694828124999 0.8789999999999999 0.9269014078125 0.8691212125 0.915446009375 0.8975151515625001 0.9402816906250001 0.9283939390624999
0 0.267230046875 0.293030303125 0.2960093890625 0.2708787875 0.28051643125000003 0.24872727343749998 0.2152112671875 0.25730302968749996 0.210798121875 0.2858787875 0.267230046875 0.293030303125
0 0.234037559375 0.20657575781249998 0.211877934375 0.2044545453125 0.20525821562500002 0.22015151562500002 0.2262910796875 0.22587878749999998 0.234037559375 0.20657575781249998
0 0.4111267609375 0.1236969703125 0.434366196875 0.12227272656249999 0.434366196875 0.10584848437500001 0.41779342656249996 0.1036969703125 0.40338028125000003 0.1144242421875 0.4111267609375 0.1236969703125
0 0.49934272343749997 0.6463333328124999 0.555821596875 0.652030303125 0.5978873234375001 0.6434545453125 0.5934272296875001 0.6106060609374999 0.553568075 0.5713030296875 0.4860563375 0.5906060609375 0.49934272343749997 0.6463333328124999
0 0.38370892031250003 0.4444242421875 0.35882629062500004 0.44072727343749996 0.345446009375 0.46418181875000003 0.39516431875 0.479 0.38370892031250003 0.4444242421875