0 0.759290321875 0.6849029125 0.7493548390625 0.6932524265625 0.7530967734375 0.708106796875 0.7629677421875 0.7118446609375 0.7814838703125 0.7016019421874999 0.782709678125 0.6923300968749999 0.759290321875 0.6849029125
0 0.23458064531249997 1 0.24690322656250002 0.997961165625 0.270387096875 0.9830582531250001 0.269161290625 0.9486893203125 0.216064515625 0.9375728156250001 0.170387096875 0.9542718453125 0.1444516125 0.977524271875 0.154 1 0.23458064531249997 1
0 0.6424516125 0.3065533984375 0.6684516125 0.2602912625 0.6235483875 0.24427184531249999 0.6010967734375 0.28165048593750003 0.6046451609375 0.31097087343749996 0.6424516125 0.3065533984375
0 0.49238709687500004 0.2460679609375 0.536064515625 0.2291747578125 0.4935483875 0.21048543749999998 0.49238709687500004 0.2460679609375
0 0.439161290625 0.5831553390625 0.435612903125 0.5617961171875 0.4025161296875 0.5493689328125 0.3954193546875 0.5706796109375001 0.4249677421875 0.5929126218749999 0.439161290625 0.5831553390625
0 0.2334838703125 0.5235436890625 0.1850322578125 0.562669903125 0.1377419359375 0.5635922328125 0.13180645156249998 0.5938349515625 0.1424516125 0.622281553125 0.16845161250000001 0.6489805828125 0.1921290328125 0.6587378640625 0.24651612968749997 0.6658737859375 0.25477419375 0.6658737859375 0.27367741875 0.6204854375 0.25948387031250003 0.5813592234375 0.2310967734375 0.562669903125 0.2334838703125 0.5235436890625
0 0.88122580625 0.777038834375 0.9380000000000001 0.7832524265624999 0.9415483874999999 0.7636893203125 0.88477419375 0.7432524265625 0.88122580625 0.777038834375
0 0.49032258124999994 0.5111650484375 0.5335483875 0.492718446875 0.5221935484375 0.47495145625 0.48516129062499996 0.472184465625 0.47283870937500005 0.48980582500000003 0.49032258124999994 0.5111650484375
0 0.47529032187500003 0.27524271875 0.45064516093749996 0.315194175 0.4975483875 0.3532524265625 0.5074193546875 0.35417475781249996 0.5493548390625 0.3235436890625 0.5518709671875001 0.277087378125 0.47529032187500003 0.27524271875
0 0.6925806453125001 0.671893203125 0.6778064515625 0.599417475 0.6110967734375 0.587378640625 0.5765161296875 0.591990290625 0.585161290625 0.64495145625 0.629612903125 0.675582525 0.6518709671875 0.687669903125 0.6925806453125001 0.671893203125
0 0.3814838703125 0.8102912625 0.40122580625 0.7462135921875 0.3802580640625 0.7183495140625 0.3086451609375 0.7164563109375 0.282709678125 0.7499029125 0.283935484375 0.78985436875 0.31606451562500004 0.807524271875 0.3814838703125 0.8102912625
0 0.22470967812499998 0.7201941749999999 0.20496774218749997 0.7359708734375 0.2061935484375 0.767572815625 0.2185161296875 0.7815048546875001 0.272838709375 0.769417475 0.2654193546875 0.7266990296875 0.22470967812499998 0.7201941749999999
0 0.0864516125 0.432233009375 0.1 0.45082524218750003 0.1135483875 0.4600970875 0.142 0.45359223281250005 0.159290321875 0.44058252500000006 0.1345806453125 0.4192233015625 0.11109677343749999 0.392281553125 0.0938064515625 0.3932038828125 0.0778064515625 0.40621359218749997 0.0864516125 0.432233009375
0 0.8123225812499999 0.70533980625 0.79877419375 0.70995145625 0.79877419375 0.7201941749999999 0.8036774187500001 0.722961165625 0.816064515625 0.7192718453125 0.817290321875 0.7136893203125 0.8123225812499999 0.70533980625