0 0.5062445421875 0.5921666671875 0.55 0.5726111109375001 0.5700873359374999 0.5155000000000001 0.55 0.423777778125 0.468427946875 0.425277778125 0.4518777296875 0.5185 0.5062445421875 0.5921666671875
0 0.3762445421875 0.24177777812499998 0.3478602625 0.30344444375 0.3513973796875 0.33805555625 0.3868558953125 0.30794444374999996 0.3892139734375 0.29444444375 0.3762445421875 0.24177777812499998
0 0.3620524015625 0.5651111109375 0.3029257640625 0.5756111109375001 0.274585153125 0.619222221875 0.338427946875 0.6808888890625 0.3620524015625 0.5651111109375
0 0.0972925765625 0.3275 0.15519650625 0.3666111109375 0.2060262015625 0.3245 0.16462882031249998 0.244777778125 0.102008734375 0.244777778125 0.0972925765625 0.3275
0 0.1540174671875 0.001277778125 0.1007423578125 0.0226666671875 0.0985589515625 0.092277778125 0.16131004375 0.10805555625 0.185414846875 0.056055556250000006 0.1540174671875 0.001277778125
0 0.3452838421875 0.336722221875 0.34043668125000004 0.29794444375 0.3118777296875 0.305 0.3240174671875 0.3351666671875 0.3452838421875 0.336722221875
0 0.9120960703125001 0.35694444375 0.9005240171875 0.26738888906249997 0.8784716156249999 0.268722221875 0.8038864625000001 0.296777778125 0.7492139734375 0.3516111109375 0.7618340609375001 0.47461111093749997 0.8186026203125 0.5387777781249999 0.904759825 0.49733333281250003 0.9120960703125001 0.35694444375
0 0.892794759375 0.5771666671875 0.901048034375 0.5921666671875 0.9081659390624999 0.617722221875 0.9329694328125001 0.5771666671875 0.9164192140624999 0.5741111109375 0.892794759375 0.5771666671875
0 0.6823580781249999 0.76044444375 0.6303493453125 0.76194444375 0.64218340625 0.799722221875 0.6799999999999999 0.8147222218750001 0.6930131 0.7801666671875 0.6823580781249999 0.76044444375
0 0.703668121875 0.6312777781250001 0.703668121875 0.602722221875 0.698908296875 0.5771666671875 0.6823580781249999 0.55005555625 0.6079039296875 0.5666111109374999 0.5736244546875 0.619222221875 0.5736244546875 0.670222221875 0.6244541484374999 0.6853888890625 0.661091703125 0.679277778125 0.703668121875 0.6312777781250001
0 0.64218340625 0.0823888890625 0.6055458515625001 0.0658333328125 0.6114410484375 0.10927777812499999 0.6468995640624999 0.123 0.64218340625 0.0823888890625