0 0.5593569125 0.2135344828125 0.5587138265625 0.229482759375 0.562572346875 0.241982759375 0.57125401875 0.24758620625 0.575434084375 0.22991379374999998 0.574790996875 0.21267241406249998 0.569003215625 0.20491379375 0.5638585203125001 0.20663793125000002 0.5593569125 0.2135344828125
0 0.34810289375000003 0.9618103453125 0.3591639875 0.9418103453125 0.369099678125 0.91883620625 0.353633440625 0.9047413796875 0.3237942125 0.9077155171875001 0.3237942125 0.9640086203125 0.34810289375000003 0.9618103453125
0 0.46601286249999996 0.6917241375 0.4848231515625 0.7398706890625 0.5168810296874999 0.7717241375 0.5445016078125 0.75913793125 0.54504823125 0.7280172406250001 0.526270096875 0.66875 0.5025080390625 0.6346982765625 0.473215434375 0.6324568968750001 0.46601286249999996 0.6917241375
0 0.7256591640625001 0.2756896546875 0.750064309375 0.2868103453125 0.78967845625 0.28125 0.7956591640624999 0.273232759375 0.8016398718750001 0.26581896562499996 0.7652733125 0.239267240625 0.7288745984375 0.24913793125 0.7256591640625001 0.2756896546875
0 0.2344051453125 0.526293103125 0.2330546625 0.4789655171875 0.2170418 0.4577586203125 0.19954983906249998 0.4777586203125 0.19337620625000002 0.5084913796875 0.2344051453125 0.526293103125
0 0.1651446953125 0.343017240625 0.1832797421875 0.325431034375 0.1757234734375 0.2732758625 0.15852090000000002 0.275431034375 0.1413504828125 0.30874999999999997 0.1651446953125 0.343017240625
0 0.400578778125 0.1609913796875 0.42263665625 0.170431034375 0.43408360156250003 0.123706896875 0.3891318328125 0.11961206875 0.3662379421875 0.1435344828125 0.400578778125 0.1609913796875
0 0.6668810296875 0.5806034484375 0.7215434078125 0.548706896875 0.7224437296875 0.513232759375 0.63337620625 0.4872413796875 0.6369131828125 0.5569827593750001 0.6668810296875 0.5806034484375
0 0.86967845625 0.52741379375 0.9067202578125 0.57116379375 0.9049517687499999 0.50616379375 0.86967845625 0.52741379375
0 0.33356913125 0.7390086203124999 0.301832796875 0.7118103453125 0.2850803859375 0.7614655171875 0.3062379421875 0.77211206875 0.33356913125 0.7390086203124999
0 0.144887459375 0.6822844828125 0.10871382656249999 0.678706896875 0.1007717046875 0.7248275859375 0.1369453375 0.7590948281250001 0.144887459375 0.6822844828125