0 0.43614147968749994 0.20663793125000002 0.430996784375 0.20491379375 0.425209003125 0.21267241406249998 0.424565915625 0.22991379374999998 0.42874598124999996 0.24758620625 0.437427653125 0.241982759375 0.44128617343750004 0.229482759375 0.4406430875 0.2135344828125 0.43614147968749994 0.20663793125000002
0 0.6408360125 0.9418103453125 0.6518971062500001 0.9618103453125 0.6762057875 0.9640086203125 0.6762057875 0.9077155171875001 0.646366559375 0.9047413796875 0.630900321875 0.91883620625 0.6408360125 0.9418103453125
0 0.526784565625 0.6324568968750001 0.49749196093750003 0.6346982765625 0.473729903125 0.66875 0.45495176875 0.7280172406250001 0.45549839218750005 0.75913793125 0.4831189703125 0.7717241375 0.5151768484375 0.7398706890625 0.5339871375 0.6917241375 0.526784565625 0.6324568968750001
0 0.19836012812499998 0.26581896562499996 0.2043408359375 0.273232759375 0.21032154374999998 0.28125 0.249935690625 0.2868103453125 0.2743408359375 0.2756896546875 0.2711254015625 0.24913793125 0.23472668749999998 0.239267240625 0.19836012812499998 0.26581896562499996
0 0.8004501609375 0.4777586203125 0.7829582 0.4577586203125 0.7669453374999999 0.4789655171875 0.7655948546875 0.526293103125 0.80662379375 0.5084913796875 0.8004501609375 0.4777586203125
0 0.8414790999999999 0.275431034375 0.8242765265625 0.2732758625 0.8167202578125 0.325431034375 0.8348553046875 0.343017240625 0.8586495171875 0.30874999999999997 0.8414790999999999 0.275431034375
0 0.6108681671875 0.11961206875 0.5659163984375 0.123706896875 0.57736334375 0.170431034375 0.599421221875 0.1609913796875 0.6337620578125 0.1435344828125 0.6108681671875 0.11961206875
0 0.36662379375 0.4872413796875 0.27755627031249996 0.513232759375 0.2784565921875 0.548706896875 0.33311897031250004 0.5806034484375 0.3630868171875 0.5569827593750001 0.36662379375 0.4872413796875
0 0.0932797421875 0.57116379375 0.13032154375 0.52741379375 0.09504823125 0.50616379375 0.0932797421875 0.57116379375
0 0.6937620578125 0.77211206875 0.7149196140625 0.7614655171875 0.6981672031249999 0.7118103453125 0.66643086875 0.7390086203124999 0.6937620578125 0.77211206875
0 0.8630546625 0.7590948281250001 0.8992282953125 0.7248275859375 0.8912861734374999 0.678706896875 0.855112540625 0.6822844828125 0.8630546625 0.7590948281250001