0 0.4767 0.7327210890625 0.4445 0.7305102046874999 0.40645 0.7353401359375 0.3671 0.750272109375 0.3181 0.773945578125 0.33744999999999997 0.7866666671875 0.38645 0.7906122453125 0.43929999999999997 0.7906122453125 0.48895 0.7844557828125 0.518 0.77482993125 0.51475 0.7634013609375 0.50315 0.7485034015625 0.4767 0.7327210890625
0 0.233 0.77789115625 0.21364999999999998 0.7555102046875 0.18080000000000002 0.76517006875 0.1943 0.7857823125000001 0.2169 0.792380953125 0.233 0.77789115625
0 0.17370000000000002 0.7357823125 0.184 0.7138435375000001 0.15689999999999998 0.7077210890625001 0.13825 0.7138435375000001 0.1305 0.7292176875 0.14855000000000002 0.741054421875 0.17370000000000002 0.7357823125
0 0.7358 0.6334013609375 0.77455 0.6434013609375 0.8240000000000001 0.634319728125 0.8547499999999999 0.61248299375 0.8815 0.59248299375 0.8347 0.55520408125 0.78125 0.5560884359375 0.7545 0.58520408125 0.7331000000000001 0.6115646265625 0.7358 0.6334013609375
0 0.25985 0.89095238125 0.35150000000000003 0.8996598640625001 0.4025 0.8608843531250001 0.319 0.79251700625 0.22160000000000002 0.798741496875 0.17124999999999999 0.8401360546875001 0.162 0.8680272109375 0.25985 0.89095238125
0 0.14015 0.8612244890625 0.15689999999999998 0.8559523812500001 0.16145 0.8436734687499999 0.1479 0.841938775 0.1305 0.8410544218749999 0.12079999999999999 0.8485034015625 0.1234 0.8586054421875 0.14015 0.8612244890625
0 0.42965 0.41282312968749996 0.45765 0.40295918437499995 0.47065 0.3825510203125 0.45365 0.3614965984375 0.37965 0.352619046875 0.37265000000000004 0.3883333328125 0.39165 0.40772108906250004 0.42965 0.41282312968749996
0 0.7581 0.13074829999999998 0.77105 0.095476190625 0.7727999999999999 0.07666666718750001 0.74685 0.0513945578125 0.67345 0.059047618749999996 0.6743 0.116054421875 0.71835 0.137789115625 0.7581 0.13074829999999998
0 0.57435 0.726632653125 0.5309 0.7230952375 0.5378499999999999 0.7717006796875 0.55175 0.7692176875000001 0.57435 0.726632653125
0 0.9930999999999999 0.6320748296875001 0.99835 0.5315986390624999 0.9375 0.5564285718749999 0.9097 0.6215646265625 0.94445 0.6356462578125 0.9930999999999999 0.6320748296875001
0 0.24769999999999998 0.398061225 0.1782 0.40632653124999996 0.16775 0.45489795937500005 0.19035 0.46778911562500003 0.24075000000000002 0.4335034015625 0.24769999999999998 0.398061225
0 0.26335000000000003 0.2705102046875 0.2338 0.302312925 0.2807 0.3188435375 0.29285 0.2892857140625 0.26335000000000003 0.2705102046875
0 0.6456000000000001 0.168741496875 0.5812999999999999 0.2242857140625 0.6178 0.24687074843749998 0.65775 0.19826530625 0.6456000000000001 0.168741496875