0 0.048801370312499995 0.9271428578125 0.046095890625000004 0.8654545453125 0.023047945312500002 0.8474675328125001 0.0183219171875 0.852597403125 0.016952054687500002 0.9309740265625001 0.048801370312499995 0.9271428578125
0 0.021027396875 0.171753246875 0.0311986296875 0.20772727343750003 0.046780821875 0.2090259734375 0.048801370312499995 0.193571428125 0.04 0.13837662343749998 0.0244178078125 0.140909090625 0.021027396875 0.171753246875
0 0.4905479453125 0.10883116875000001 0.49595890468750004 0.10110389687500002 0.50068493125 0.0857142859375 0.4891780828125 0.07415584374999999 0.48445205468749997 0.08694805156249999 0.4905479453125 0.10883116875000001
0 0.507465753125 0.13448051875 0.514246575 0.12551948125 0.514246575 0.10493506562499999 0.50681506875 0.10493506562499999 0.5034246578125 0.1242207796875 0.507465753125 0.13448051875
0 0.592157534375 0.17818181875 0.6003082187500001 0.14350649375 0.5901369859375001 0.12935064999999998 0.571849315625 0.137077921875 0.571849315625 0.1768831171875 0.592157534375 0.17818181875
0 0.6666780828125 0.0972727265625 0.6734589046874999 0.115259740625 0.7019178078125 0.11266233750000001 0.711404109375 0.0779870125 0.7059931500000001 0.0651298703125 0.677534246875 0.0446103890625 0.666027396875 0.06 0.6666780828125 0.0972727265625
0 0.8170890406250001 0.892402596875 0.8360616437499999 0.8770129875 0.830650684375 0.848766234375 0.81099315 0.848766234375 0.7920205484375 0.8898701296875 0.8170890406250001 0.892402596875
0 0.2131164390625 0.5962987015625 0.2090410953125 0.64383116875 0.27 0.64383116875 0.28085616406249997 0.5886363640625001 0.25780821875000004 0.5295454546875 0.23273972656250003 0.49610389687499995 0.2144520546875 0.5307792203125 0.2131164390625 0.5962987015625
0 0.21852739687499997 0.773571428125 0.20363013749999997 0.773571428125 0.19818493125 0.8339610390625 0.2219178078125 0.8121428578125001 0.21852739687499997 0.773571428125
0 0.9309246578125 0.7883766234375 0.9485273968750001 0.765259740625 0.9465068499999999 0.7434415578125 0.9248287671875 0.7318831171875 0.9044863015625 0.769090909375 0.9309246578125 0.7883766234375
0 0.599965753125 0.31116883125 0.61349315 0.286753246875 0.6250342468750001 0.2623376625 0.61349315 0.23532467499999998 0.5925 0.228896103125 0.5823287671874999 0.2648701296875 0.599965753125 0.31116883125
0 0.908904109375 0.24688311718749997 0.9285616437499999 0.2751948046875 0.9285616437499999 0.28798701250000003 0.9522602734375001 0.2712987015625 0.959726028125 0.23532467499999998 0.967157534375 0.2057792203125 0.9407534249999999 0.203246753125 0.9055136984375001 0.22376623437499998 0.908904109375 0.24688311718749997
0 0.30695205468750003 0.6586363640624999 0.31640410937499996 0.7472727265625 0.35705479375000004 0.77551948125 0.39705479375 0.7498051953125 0.3801027390625 0.6920129875 0.3753767125 0.6226623375 0.34756849375 0.5494155843749999 0.31030821875000003 0.5558441562499999 0.30695205468750003 0.6586363640624999
0 0.547465753125 0.870584415625 0.5636986296875001 0.8474675328125001 0.559657534375 0.8217532468750001 0.52780821875 0.8153246749999999 0.5251027390624999 0.8512987015625001 0.547465753125 0.870584415625
0 0.5914726031249999 0.5494155843749999 0.592157534375 0.5186363640625 0.5881164390625 0.492922078125 0.5711643828125 0.48649350625 0.57455479375 0.5224675328124999 0.5914726031249999 0.5494155843749999
0 0.2630479453125 1 0.271027396875 0.9836363640625001 0.2534246578125 0.975909090625 0.23239726093750002 0.9772077921875001 0.22835616406249998 0.9874675328125001 0.22835616406249998 0.988766234375 0.23106164375 0.99649350625 0.23445205468750002 0.9977922078124999 0.2418835609375 0.9990259734375 0.2527397265625 0.9990259734375 0.2602054796875 1 0.2630479453125 1