0 0.20273062656250002 0.14645051250000002 0.1885977859375 0.11627986406249999 0.170959409375 0.11627986406249999 0.155977859375 0.13013651875 0.1797785984375 0.157064846875 0.20273062656250002 0.14645051250000002
0 0.43527675312499997 0.44180887343749997 0.43881918750000004 0.486655290625 0.4814022140625 0.48774744062500003 0.477859778125 0.4549488046875 0.43527675312499997 0.44180887343749997
0 0.6287822875 0.8957337890625 0.6647970484375 0.9249488046875 0.687564575 0.9174744031250001 0.7015129156250001 0.901160409375 0.6912546125000001 0.8746416375000001 0.6478966796875001 0.8753242328124999 0.6287822875 0.8957337890625
0 0.2442435421875 0.9275085328125 0.27398524062499996 0.9491467578125 0.295276753125 0.9455972703125 0.295276753125 0.9168941984375 0.27398524062499996 0.902730375 0.2476383765625 0.9062798640624999 0.2442435421875 0.9275085328125
0 0.30586715937500003 0.2834470984375 0.30498155 0.3160750859375 0.334059040625 0.331569965625 0.3561254609375 0.3185324234375 0.36317343125 0.26877133125 0.3208487078125 0.26143344687500003 0.30586715937500003 0.2834470984375
0 0.2274169734375 0.1782593859375 0.224760146875 0.16112627968749998 0.21859778593749998 0.1497269625 0.1947970484375 0.157883959375 0.20184501875 0.1823549484375 0.2274169734375 0.1782593859375
0 0.6611439109374999 0.6446757671875 0.6832103328125 0.6609897609375001 0.7070110703125 0.6536518765625 0.7087822874999999 0.634914675 0.6823247234375 0.6251194546875001 0.6682287828125 0.6267576796875 0.6611439109374999 0.6446757671875
0 0.49188191875 0.37395904375 0.502472325 0.311979521875 0.48217712187500006 0.280204778125 0.443394834375 0.29488054531249996 0.4451660515625 0.37232081875 0.49188191875 0.37395904375
0 0.3226199265625 0.6079863484375 0.3455350546875 0.5794539249999999 0.3014391140625 0.5517406140625 0.2661992625 0.570477815625 0.2688191875 0.59576791875 0.3226199265625 0.6079863484375
0 0.5677121765625001 0.6862798640625 0.5774169734375 0.7303071671875 0.6285608859375 0.7392832765625 0.6417712171875001 0.6993174062499999 0.6161992625 0.6683276453125 0.5685977859375 0.6601706484375 0.5677121765625001 0.6862798640625
0 0.6965313656250001 0.082116040625 0.68940959375 0.14552901093749998 0.7662730625 0.1641296921875 0.7780811812499999 0.1018088734375 0.6965313656250001 0.082116040625
0 0.587785978125 0.26143344687500003 0.58066420625 0.29969283281250003 0.6137638375 0.2975085328125 0.6267896671875001 0.262525596875 0.587785978125 0.26143344687500003
0 0.8312546125000001 0.7227986343749999 0.8300738000000001 0.75450511875 0.8596309968750001 0.7435494874999999 0.86435424375 0.7304436859375001 0.8312546125000001 0.7227986343749999
0 0.9036900375 0.7829351531250001 0.915904059375 0.804982934375 0.9563099625 0.8157337890624999 0.9759040593750001 0.79477815625 0.9673431734375001 0.7681911265625 0.9250922515625 0.762525596875 0.9036900375 0.7829351531250001