0 0.574475375 0.26556634375 0.541627409375 0.24666666718750002 0.5377301921875 0.306957928125 0.5596145609375001 0.3057605171875 0.574475375 0.26556634375
0 0.8474518203124999 0.402686084375 0.8255460390625 0.3837864078125 0.80912205625 0.4334304203125 0.8364882234375 0.4334304203125 0.8474518203124999 0.402686084375
0 0.8592291218750001 0.557799353125 0.8640042828125001 0.54533980625 0.8535974296875001 0.5342071203125001 0.8410064234375 0.5414239484375 0.8405781578125 0.557152103125 0.8592291218750001 0.557799353125
0 0.680107065625 0.6937540453125 0.6855460390625 0.692686084375 0.6877087796875 0.6811974109375 0.680107065625 0.6719093843749999 0.673875803125 0.68543689375 0.680107065625 0.6937540453125
0 0.35051391875000004 0.9430744343749999 0.36224839375 0.9877022656250001 0.36768736562500004 0.999546925 0.37912205625 0.999546925 0.38516059999999996 0.9959223296875 0.3830406859375 0.9840776703125 0.3770235546875 0.9435275078125 0.3592505359375 0.917572815625 0.34569593125 0.9207766984375001 0.35051391875000004 0.9430744343749999
0 0.391477515625 0.9439805828125 0.40957173437499994 0.9740453078125 0.4128693796875 0.9594822000000001 0.40895075 0.933074434375 0.395096359375 0.9093851125000001 0.38877944375 0.9144012937499999 0.391477515625 0.9439805828125
0 0.1458672375 0.9008737859375 0.1576017125 0.919546925 0.1741755890625 0.9281877015625 0.17809421875 0.9268284796874999 0.1796145609375 0.9113592234375 0.1648394 0.8826537218749999 0.14946466875 0.8840776703125 0.1458672375 0.9008737859375
0 0.047152034375 0.1536569578125 0.0480513921875 0.13999999999999999 0.037516059375 0.1304207125 0.0317773015625 0.132686084375 0.0341970015625 0.15546925625000002 0.047152034375 0.1536569578125
0 0.664561028125 0.4689967640625 0.6710706640625 0.462459546875 0.6678158453124999 0.44443365625000003 0.656616703125 0.44443365625000003 0.6551606 0.4558899671875 0.664561028125 0.4689967640625
0 0.2944539609375 0.7464401296875 0.30087794375 0.738025890625 0.2938115625 0.7257281546875001 0.2854603859375 0.7266990296875 0.2820342609375 0.7432038828125 0.2944539609375 0.7464401296875
0 0.6713704500000001 0.2638834953125 0.672483940625 0.25045307499999997 0.6599143468750001 0.23815533906250003 0.6402997859374999 0.24877022656249997 0.6410278375 0.26834951406249996 0.6713704500000001 0.2638834953125
0 0.2569593140625 0.1833333328125 0.2669379015625 0.172168284375 0.25843683125 0.152588996875 0.240685225 0.157055015625 0.23809421875 0.18446601875 0.2569593140625 0.1833333328125
0 0.737944325 0.152103559375 0.694925053125 0.1390938515625 0.6792933624999999 0.182815534375 0.7262098499999999 0.18873786406249998 0.737944325 0.152103559375