# Header: Project1::TaStarck_182ms_6_010::All data::Grain Size   6/12/2017
# 
# Column 1-3:   right hand average orientation (phi1, PHI, phi2 in radians)
# Column 4-6:   left hand average orientation (phi1, PHI, phi2 in radians)
# Column 7:     Misorientation Angle
# Column 8-10:  Misorientation Axis in Right Hand grain
# Column 11-13: Misorientation Axis in Left Hand grain
# Column 14:    length (in microns)
# Column 15:    trace angle (in degrees)
# Column 16-19: x,y coordinates of endpoints (in microns)
# Column 20-21: IDs of right hand and left hand grains
   2.766    0.736    3.466    2.629    0.149    3.667  33.98  -24    8   -3  -24    8   -3     2.000  180.0       0.00       1.15       2.00       1.15    11     1
   4.536    0.208    2.261    2.766    0.736    3.466  53.15    7   -8    6    7   -8    6     1.155   30.0       0.00      39.26       1.00      38.68    20    11
   2.317    0.586    4.459    4.536    0.208    2.261  41.78   -1   30    1   -1   30    1     1.155   30.0       0.00      49.65       1.00      49.07    24    20
   4.874    0.121    1.296    2.317    0.586    4.459  52.87   10  -20  -19   10  -20  -19     1.155   30.0       0.00     108.54       1.00     107.96    43    24
   4.874    0.121    1.296    2.664    0.766    3.433  48.29   26  -12    1   26  -12    1     1.155  150.0       0.00     133.95       1.00     134.52    43    61
   2.664    0.766    3.433    3.703    0.423    2.143  42.89  -19   17   15  -19   17   15     1.155  150.0       0.00     168.59       1.00     169.16    61   274
   0.757    0.312    5.518    3.703    0.423    2.143  48.67   17   20   15   17   20   15     1.155   30.0       0.00     191.68       1.00     191.10   293   274
   2.516    0.738    3.751    0.757    0.312    5.518  45.16   22    7    2   22    7    2     1.155   30.0       0.00     198.61       1.00     198.03   306   293
   0.222    0.550    5.869    2.516    0.738    3.751  26.36  -13   -4    4  -13   -4    4     1.155   30.0       0.00     215.93       1.00     215.35   358   306
   5.873    0.173    0.284    1.925    0.821    3.785  60.43  -11    8  -12  -11    8  -12     1.155   30.0       0.00     302.53       1.00     301.95   413   397
   0.056    0.241    0.319    5.873    0.173    0.284  28.90    5    4   27    5    4   27     1.155   30.0       0.00     323.32       1.00     322.74   430   413
   0.056    0.241    0.319    2.821    0.432    3.664  39.42   25  -13    8   25  -13    8     1.155  150.0       0.00     366.04       1.00     366.62   430   450
   1.217    0.527    4.434    2.821    0.432    3.664  55.99   14   13  -19   14   13  -19     1.155   30.0       0.00     430.70       1.00     430.13   474   450
   2.766    0.736    3.466    5.140    0.470    1.467  60.33   -4   -7   -7   -4   -7   -7    12.166   85.3       1.00      38.68       2.00      26.56    11    16
   5.140    0.470    1.467    4.536    0.208    2.261  22.16    7  -18  -13    7  -18  -13    10.392   90.0       1.00      38.68       1.00      49.07    16    20
   5.140    0.470    1.467    2.317    0.586    4.459  34.58    0   27  -14    0   27  -14    15.620   93.7       1.00      49.07       2.00      64.66    16    24
   2.317    0.586    4.459    3.174    0.319    3.172  38.01    1   11   12    1   11   12    13.317   85.7       1.00     107.96       2.00      94.69    24    35
   3.174    0.319    3.172    4.874    0.121    1.296  23.17   -7    2    4   -7    2    4    21.385   92.7       1.00     107.96       2.00     129.33    35    43
   2.664    0.766    3.433    3.794    0.625    1.846  55.76  -11   14   16  -11   14   16    26.000   92.2       1.00     134.52       2.00     160.50    61    62
   3.794    0.625    1.846    4.874    0.121    1.296  43.32   -8   -9  -10   -8   -9  -10     1.155   30.0       1.00     134.52       2.00     133.95    62    43
   3.703    0.423    2.143    2.517    0.933    3.971  55.01  -17   10   15  -17   10   15    12.166   94.7       1.00     169.16       2.00     181.29   274   216
   2.517    0.933    3.971    2.664    0.766    3.433  27.64   -5   11   26   -5   11   26     7.572   82.4       1.00     169.16       2.00     161.66   216    61
   3.703    0.423    2.143    2.595    0.760    3.170  38.29   18  -13   -2   18  -13   -2     9.866   84.2       1.00     191.10       2.00     181.29   274   289
   2.595    0.760    3.170    0.757    0.312    5.518  49.15   10    6   -7   10    6   -7     6.928   90.0       1.00     191.10       1.00     198.03   289   293
   2.595    0.760    3.170    2.516    0.738    3.751  30.15   -2   -2  -25   -2   -2  -25     1.155  150.0       1.00     198.03       2.00     198.61   289   306
   2.516    0.738    3.751    3.114    0.610    3.237  22.46    1   29    3    1   29    3    16.773   86.6       1.00     215.35       2.00     198.61   306   307
   3.114    0.610    3.237    0.222    0.550    5.869  28.05   26  -15    1   26  -15    1     7.572   97.6       1.00     215.35       2.00     222.86   307   358
   2.864    0.259    3.339    0.222    0.550    5.869  45.27  -10   -2    1  -10   -2    1    22.539   87.5       1.00     245.37       2.00     222.86   348   358
   2.864    0.259    3.339    1.925    0.821    3.785  45.79    9  -22   13    9  -22   13     5.292  100.9       1.00     246.53       2.00     251.72   348   397
   1.925    0.821    3.785    0.366    0.526    5.700  48.55   21   19   -7   21   19   -7     5.292   79.1       1.00     301.95       2.00     296.76   397   412
   0.366    0.526    5.700    5.873    0.173    0.284  24.98   14   15   -6   14   15   -6    19.079   93.0       1.00     301.95       2.00     321.01   412   413
   5.873    0.173    0.284    2.812    0.621    3.529  46.68   25   -8   -6   25   -8   -6     2.000   60.0       1.00     322.74       2.00     321.01   413   429
   2.812    0.621    3.529    0.056    0.241    0.319  52.22   25   16    1   25   16    1     4.163  103.9       1.00     322.74       2.00     326.78   429   430
   2.821    0.432    3.664    1.635    0.398    4.849  26.47  -22   -9   -4  -22   -9   -4     3.055  109.1       1.00     366.62       2.00     369.50   450   441
   1.635    0.398    4.849    0.056    0.241    0.319  29.40   -2    6   -3   -2    6   -3    12.166   85.3       1.00     366.62       2.00     354.49   441   430
   2.821    0.432    3.664    1.554    0.764    4.056  57.93   -7  -20   19   -7  -20   19    22.539   87.5       1.00     430.13       2.00     407.61   450   467
   1.554    0.764    4.056    1.217    0.527    4.434  18.76  -22    9   -8  -22    9   -8     7.572   97.6       1.00     430.13       2.00     437.63   467   474
   2.766    0.736    3.466    0.405    0.498    6.080  32.39   17   14   -5   17   14   -5     3.464   90.0       2.00       1.15       2.00       4.62    11     2
   0.405    0.498    6.080    2.629    0.149    3.667  36.47   28    3   10   28    3   10     1.155   30.0       2.00       1.15       3.00       0.58     2     1
   2.766    0.736    3.466    2.527    0.751    3.767  11.69   -9  -22  -18   -9  -22  -18     8.083   90.0       2.00       4.62       2.00      12.70    11     3
   2.527    0.751    3.767    0.405    0.498    6.080  39.94   22   20    1   22   20    1     5.033   53.4       2.00       4.62       5.00       0.58     3     2
   2.527    0.751    3.767    2.874    0.531    3.237  22.30  -10   21   19  -10   21   19    13.115  112.4       2.00      12.70       7.00      24.83     3    14
   2.766    0.736    3.466    2.874    0.531    3.237  14.72  -16    9   12  -16    9   12    13.856   90.0       2.00      12.70       2.00      26.56    11    14
   2.874    0.531    3.237    5.140    0.470    1.467  55.93  -18   17  -10  -18   17  -10     5.292   19.1       2.00      26.56       7.00      24.83    14    16
   5.140    0.470    1.467    4.645    0.371    2.363  28.35    9   -9  -25    9   -9  -25    20.817  163.9       2.00      64.66      22.00      70.44    16    29
   5.140    0.470    1.467    4.645    0.371    2.363  28.35    9   -9  -25    9   -9  -25    20.133    6.6      22.00      70.44      42.00      68.13    16    29
   4.645    0.371    2.363    2.317    0.586    4.459  41.68    0    7    2    0    7    2    30.022   90.0       2.00      64.66       2.00      94.69    29    24
   3.174    0.319    3.172    4.645    0.371    2.363  43.16   -4   13  -17   -4   13  -17    43.863  168.6       2.00      94.69      45.00     103.35    35    29
   4.874    0.121    1.296    2.748    0.486    4.235  52.32   12   -1   15   12   -1   15     1.155   90.0       2.00     129.33       2.00     130.48    43    58
   2.748    0.486    4.235    3.174    0.319    3.172  40.48   -2    9   26   -2    9   26    13.013    2.5       2.00     129.33      15.00     128.75    58    35
   2.748    0.486    4.235    3.174    0.319    3.172  40.48   -2    9   26   -2    9   26    13.614  137.3      15.00     128.75      25.00     137.99    58    35
   4.874    0.121    1.296    2.748    0.486    4.235  52.32   12   -1   15   12   -1   15     1.155   90.0       2.00     132.79       2.00     133.95    43    58
   2.748    0.486    4.235    3.794    0.625    1.846  31.79   23   18   -5   23   18   -5    20.298  110.2       2.00     133.95       9.00     153.00    58    62
   2.664    0.766    3.433    5.516    0.620    6.263  32.59    6  -11   20    6  -11   20     1.155   90.0       2.00     160.50       2.00     161.66    61   127
   5.516    0.620    6.263    3.794    0.625    1.846  55.95    9    7   -4    9    7   -4    10.263   47.0       2.00     160.50       9.00     153.00   127    62
   2.517    0.933    3.971    5.516    0.620    6.263  38.45   -4   -2  -21   -4   -2  -21     4.619  150.0       2.00     161.66       6.00     163.97   216   127
   2.595    0.760    3.170    2.517    0.933    3.971  44.10    3   -3  -17    3   -3  -17     1.155   30.0       2.00     181.29       3.00     180.71   289   216
   3.114    0.610    3.237    2.595    0.760    3.170  33.89    3   -8   11    3   -8   11     7.024    4.7       2.00     198.61       9.00     198.03   307   289
   2.864    0.259    3.339    3.114    0.610    3.237  22.09   20    3   -7   20    3   -7    13.614   42.7       2.00     222.86      12.00     213.62   348   307
   2.864    0.259    3.339    6.018    0.561    6.141  45.67   22   -6    7   22   -6    7    55.510  172.2       2.00     251.72      57.00     259.23   348   400
   6.018    0.561    6.141    1.925    0.821    3.785  37.06  -13   -2   17  -13   -2   17    45.033   90.0       2.00     251.72       2.00     296.76   400   397
   6.018    0.561    6.141    0.366    0.526    5.700  19.53    7  -14   -5    7  -14   -5    17.010  139.8       2.00     296.76      15.00     307.73   400   412
   0.366    0.526    5.700    2.812    0.621    3.529  29.84  -21   -2   -6  -21   -2   -6     1.155  150.0       2.00     321.01       3.00     321.58   412   429
   0.056    0.241    0.319    0.149    0.696    6.106  35.04  -23   -1   20  -23   -1   20    27.713   90.0       2.00     326.78       2.00     354.49   430   434
   0.149    0.696    6.106    2.812    0.621    3.529  18.35  -22   -4    7  -22   -4    7     1.155   30.0       2.00     326.78       3.00     326.20   434   429
   1.635    0.398    4.849    0.149    0.696    6.106  43.50  -26   13    3  -26   13    3    14.422   46.1       2.00     354.49      12.00     344.10   441   434
   1.635    0.398    4.849    0.863    0.316    5.296  22.51  -15   11   19  -15   11   19    17.088  125.8       2.00     369.50      12.00     383.36   441   453
   0.863    0.316    5.296    2.821    0.432    3.664  38.41   24    3  -10   24    3  -10    20.785   90.0       2.00     369.50       2.00     390.29   453   450
   0.863    0.316    5.296    3.002    0.785    3.350  35.33  -12    1   -3  -12    1   -3     2.000  180.0       2.00     390.29       4.00     390.29   453   462
   2.821    0.432    3.664    3.002    0.785    3.350  22.97   25   -2   11   25   -2   11    16.166   90.0       2.00     390.29       2.00     406.45   450   462
   2.821    0.432    3.664    2.525    0.695    3.716  20.90   10  -19   14   10  -19   14     1.155   90.0       2.00     406.45       2.00     407.61   450   463
   2.525    0.695    3.716    3.002    0.785    3.350  19.01   17   22    1   17   22    1    13.115   67.6       2.00     406.45       7.00     394.33   463   462
   2.525    0.695    3.716    1.554    0.764    4.056  43.12  -13  -17   13  -13  -17   13    12.055  114.5       2.00     407.61       7.00     418.58   463   467
   1.217    0.527    4.434    5.757    0.394    0.632  57.13  -13    4   13  -13    4   13    31.177   90.0       2.00     437.63       2.00     468.81   474   476
   5.757    0.394    0.632    1.554    0.764    4.056  45.47  -17   17   -9  -17   17   -9     1.155   30.0       2.00     437.63       3.00     437.05   476   467
   2.517    0.933    3.971    3.569    0.798    2.208  54.24    8   12   -9    8   12   -9    17.010   79.8       3.00     180.71       6.00     163.97   216   139
   3.569    0.798    2.208    2.595    0.760    3.170  40.76    8  -19   -7    8  -19   -7     8.327  136.1       3.00     180.71       9.00     186.48   139   289
   0.004    0.442    6.162    2.812    0.621    3.529  32.49  -25   -9    2  -25   -9    2     4.619   90.0       3.00     321.58       3.00     326.20   417   429
   0.004    0.442    6.162    0.366    0.526    5.700  13.41   -2  -20   15   -2  -20   15    18.330   49.1       3.00     321.58      15.00     307.73   417   412
   0.004    0.442    6.162    0.149    0.696    6.106  15.70  -25  -12   -7  -25  -12   -7    20.033  116.7       3.00     326.20      12.00     344.10   417   434
   1.554    0.764    4.056    3.192    0.460    2.939  42.32   10  -23   -5   10  -23   -5    18.903   77.8       3.00     437.05       7.00     418.58   467   469
   3.192    0.460    2.939    5.757    0.394    0.632  45.74   28    9   -1   28    9   -1    20.817  163.9       3.00     437.05      23.00     442.83   469   476
   3.192    0.460    2.939    5.757    0.394    0.632  45.74   28    9   -1   28    9   -1    23.180  127.1      23.00     442.83      37.00     461.30   469   476
   0.863    0.316    5.296    1.627    0.483    5.408  46.63   11   -4   26   11   -4   26     6.928   30.0       4.00     390.29      10.00     386.82   453   458
   1.627    0.483    5.408    3.002    0.785    3.350  59.95  -14   13   12  -14   13   12     5.033  126.6       4.00     390.29       7.00     394.33   458   462
   3.569    0.798    2.208    5.516    0.620    6.263  52.98   11  -16   -2   11  -16   -2    53.028  178.1       6.00     163.97      59.00     165.70   139   127
   3.569    0.798    2.208    5.516    0.620    6.263  52.98   11  -16   -2   11  -16   -2    11.372   74.7      59.00     165.70      62.00     154.73   139   127
   2.527    0.751    3.767    5.140    0.470    1.467  48.76   -9  -15  -16   -9  -15  -16    49.275  173.9       7.00      24.83      56.00      30.02     3    16
   2.525    0.695    3.716    1.627    0.483    5.408  47.29  -13   -8   18  -13   -8   18     4.619   30.0       7.00     394.33      11.00     392.02   463   458
   3.192    0.460    2.939    2.525    0.695    3.716  27.03    9  -23  -12    9  -23  -12    31.262    7.4       7.00     418.58      38.00     414.54   469   463
   2.748    0.486    4.235    5.516    0.620    6.263  31.94   -6  -20   -7   -6  -20   -7    15.100    6.6       9.00     153.00      24.00     151.27    58   127
   2.595    0.760    3.170    3.613    0.899    2.324  43.35   -3   13    2   -3   13    2    11.547   90.0       9.00     186.48       9.00     198.03   289   291
   3.613    0.899    2.324    3.569    0.798    2.208  10.33   -6  -15   22   -6  -15   22    30.022  177.8       9.00     186.48      39.00     187.64   291   139
   3.613    0.899    2.324    3.569    0.798    2.208  10.33   -6  -15   22   -6  -15   22    18.475  150.0      39.00     187.64      55.00     196.88   291   139
   3.613    0.899    2.324    3.114    0.610    3.237  39.85   -4  -12  -15   -4  -12  -15     5.033  126.6       9.00     198.03      12.00     202.07   291   307
   0.863    0.316    5.296    4.848    0.272    1.115  32.03    1   10    3    1   10    3     4.000   60.0      10.00     386.82      12.00     383.36   453   448
   4.848    0.272    1.115    1.627    0.483    5.408  51.61    7   -9    7    7   -9    7     5.292  100.9      10.00     386.82      11.00     392.02   448   458
   4.848    0.272    1.115    2.525    0.695    3.716  55.13   13  -10   -6   13  -10   -6    18.903  162.2      11.00     392.02      29.00     397.79   448   463
   3.114    0.610    3.237    0.831    1.027    5.476  40.01    6   -9  -17    6   -9  -17    11.547   90.0      12.00     202.07      12.00     213.62   307   322
   0.831    1.027    5.476    3.613    0.899    2.324  39.33   17  -14  -18   17  -14  -18    41.633  163.9      12.00     202.07      52.00     213.62   322   291
   0.831    1.027    5.476    2.864    0.259    3.339  54.25  -10   11   -6  -10   11   -6    45.211  166.7      12.00     213.62      56.00     224.01   322   348
   1.635    0.398    4.849    0.004    0.442    6.162  36.86  -12   11    6  -12   11    6    22.000  180.0      12.00     344.10      34.00     344.10   441   417
   1.635    0.398    4.849    4.848    0.272    1.115  48.15   -3   20   15   -3   20   15    43.313   28.7      12.00     383.36      50.00     362.58   441   448
   0.004    0.442    6.162    6.018    0.561    6.141  17.91  -13   11   25  -13   11   25    17.010    1.9      15.00     307.73      32.00     307.15   417   400
   2.748    0.486    4.235    2.040    0.413    4.558  25.48  -21   -2   21  -21   -2   21    13.317   85.7      24.00     151.27      25.00     137.99    58    53
   2.040    0.413    4.558    5.516    0.620    6.263  40.19    4   -9   -7    4   -9   -7    38.158  174.8      24.00     151.27      62.00     154.73    53   127
   2.040    0.413    4.558    3.174    0.319    3.172  28.79   11   19   17   11   19   17    27.301   36.3      25.00     137.99      47.00     121.82    53    35
   2.525    0.695    3.716    6.006    0.600    5.979  28.33   10   -5   14   10   -5   14    19.009  118.3      29.00     397.79      38.00     414.54   463   456
   6.006    0.600    5.979    4.848    0.272    1.115  36.52   19   14  -14   19   14  -14    35.796   30.0      29.00     397.79      60.00     379.90   456   448
   6.018    0.561    6.141    0.308    0.349    5.971  27.26   14  -11  -19   14  -11  -19    40.841   42.7      32.00     307.15      62.00     279.44   400   407
   0.308    0.349    5.971    0.004    0.442    6.162   9.94  -18   15   14  -18   15   14    18.000  120.0      32.00     307.15      41.00     322.74   407   417
   1.635    0.398    4.849    1.629    0.586    4.275  34.87    1   -8   24    1   -8   24    23.065  137.5      34.00     344.10      51.00     359.69   441   424
   1.629    0.586    4.275    0.004    0.442    6.162  47.74  -20   15  -13  -20   15  -13    19.009   58.3      34.00     344.10      44.00     327.93   424   417
   3.192    0.460    2.939    6.065    0.688    0.341  27.68   27   13   -4   27   13   -4    10.263  167.0      37.00     461.30      47.00     463.61   469   485
   6.065    0.688    0.341    5.757    0.394    0.632  19.01   29    0   -2   29    0   -2    11.719   39.8      37.00     461.30      28.00     468.81   485   476
   6.006    0.600    5.979    3.192    0.460    2.939  40.33  -19   -5  -17  -19   -5  -17    20.232  147.2      38.00     414.54      55.00     425.51   456   469
   5.140    0.470    1.467    4.676    0.479    0.893  35.43    8   -3  -23    8   -3  -23    21.166   40.9      42.00      68.13      58.00      54.27    16    22
   5.140    0.470    1.467    4.676    0.479    0.893  35.43    8   -3  -23    8   -3  -23    17.243    9.6      58.00      54.27      75.00      51.38    16    22
   4.676    0.479    0.893    4.645    0.371    2.363   9.64    9   -8   14    9   -8   14    36.661  109.1      42.00      68.13      54.00     102.77    22    29
   0.308    0.349    5.971    0.004    0.442    6.162   9.94  -18   15   14  -18   15   14     4.000  120.0      42.00     324.47      44.00     327.93   407   417
   0.308    0.349    5.971    1.629    0.586    4.275  43.33   14  -13   15   14  -13   15    29.597   24.2      44.00     327.93      71.00     315.81   407   424
   3.174    0.319    3.172    2.361    0.679    4.495  44.25    0  -17  -19    0  -17  -19    18.583   96.2      45.00     103.35      47.00     121.82    35    36
   2.361    0.679    4.495    4.645    0.371    2.363  36.57    4  -19    2    4  -19    2     9.018    3.7      45.00     103.35      54.00     102.77    36    29
   2.361    0.679    4.495    2.040    0.413    4.558  21.61  -14   15   14  -14   15   14    17.776  163.0      47.00     121.82      64.00     127.02    36    53
   6.065    0.688    0.341    2.597    0.303    3.938  47.66  -23  -13    9  -23  -13    9     7.211  133.9      47.00     463.61      52.00     468.81   485   480
   2.597    0.303    3.938    3.192    0.460    2.939  29.56   10    8   21   10    8   21    22.030   35.2      47.00     463.61      65.00     450.91   480   469
   1.635    0.398    4.849    4.247    0.484    1.532  54.46  -14  -20   17  -14  -20   17     3.055   70.9      50.00     362.58      51.00     359.69   441   447
   4.247    0.484    1.532    4.848    0.272    1.115  19.01   -9  -14   -8   -9  -14   -8     9.866  155.8      50.00     362.58      59.00     366.62   447   448
   4.247    0.484    1.532    1.629    0.586    4.275  36.98    2   20  -11    2   20  -11    11.136  171.1      51.00     359.69      62.00     361.42   447   424
   3.613    0.899    2.324    6.201    0.508    0.226  34.83   13   -7  -25   13   -7  -25    17.010   79.8      52.00     213.62      55.00     196.88   291   297
   6.201    0.508    0.226    0.831    1.027    5.476  48.73   -7  -19    8   -7  -19    8    11.136  111.0      52.00     213.62      56.00     224.01   297   322
   4.676    0.479    0.893    2.361    0.679    4.495  35.13  -23   -4   12  -23   -4   12     9.866  155.8      54.00     102.77      63.00     106.81    22    36
   6.201    0.508    0.226    3.569    0.798    2.208  42.37   -9   17   -1   -9   17   -1    21.071    4.7      55.00     196.88      76.00     195.14   297   139
   3.192    0.460    2.939    2.194    0.524    4.166  32.35   -7  -23  -17   -7  -23  -17    27.301  111.5      55.00     425.51      65.00     450.91   469   468
   2.194    0.524    4.166    6.006    0.600    5.979  44.89   16   -3   18   16   -3   18    43.879   16.8      55.00     425.51      97.00     412.81   468   456
   2.527    0.751    3.767    2.760    0.638    3.587  10.70   -3   28    0   -3   28    0    39.950   34.3      56.00      30.02      89.00       7.51     3    13
   2.760    0.638    3.587    5.140    0.470    1.467  55.63   -2   -4   -3   -2   -4   -3    28.589  131.6      56.00      30.02      75.00      51.38    13    16
   6.201    0.508    0.226    2.864    0.259    3.339  45.72   27   -5    8   27   -5    8    13.317  145.7      56.00     224.01      67.00     231.52   297   348
   6.018    0.561    6.141    3.114    0.697    2.846  25.96  -19    6  -15  -19    6  -15     9.165  130.9      57.00     259.23      63.00     266.16   400   401
   3.114    0.697    2.846    2.864    0.259    3.339  29.88  -25   -8  -15  -25   -8  -15     9.165   10.9      57.00     259.23      66.00     257.50   401   348
   0.308    0.349    5.971    5.714    0.699    0.307  32.06   -6    8    3   -6    8    3     1.155   30.0      59.00     311.19      60.00     310.61   407   422
   4.848    0.272    1.115    3.944    0.772    1.873  36.44   15   18    2   15   18    2    13.317   94.3      59.00     366.62      60.00     379.90   448   442
   3.944    0.772    1.873    4.247    0.484    1.532  19.98  -14  -17    6  -14  -17    6     6.000   60.0      59.00     366.62      62.00     361.42   442   447
   3.944    0.772    1.873    6.006    0.600    5.979  57.26   -7   14   17   -7   14   17    34.196  155.0      60.00     379.90      91.00     394.33   442   456
   2.040    0.413    4.558    3.569    0.798    2.208  50.32  -19   -7  -14  -19   -7  -14     2.000   60.0      62.00     154.73      63.00     153.00    53   139
   6.018    0.561    6.141    5.350    0.430    1.683  27.30    6   16   17    6   16   17     4.000   60.0      62.00     279.44      64.00     275.97   400   404
   5.350    0.430    1.683    0.308    0.349    5.971  49.58   -8   -2  -13   -8   -2  -13    10.392  150.0      62.00     279.44      71.00     284.63   404   407
   3.944    0.772    1.873    1.629    0.586    4.275  23.16   -1    2   -1   -1    2   -1    25.060    4.0      62.00     361.42      87.00     359.69   442   424
   3.944    0.772    1.873    1.629    0.586    4.275  23.16   -1    2   -1   -1    2   -1    52.548   17.9      87.00     359.69     137.00     343.52   442   424
   2.361    0.679    4.495    0.135    0.469    6.002  55.70   13  -11  -19   13  -11  -19    20.232   92.8      63.00     106.81      64.00     127.02    36    40
   0.135    0.469    6.002    4.676    0.479    0.893  48.13    5   16   10    5   16   10    45.446  172.0      63.00     106.81     108.00     113.16    40    22
   2.040    0.413    4.558    0.135    0.469    6.002  45.64   -7    4    4   -7    4    4    16.000   60.0      63.00     153.00      71.00     139.14    53    40
   2.040    0.413    4.558    0.135    0.469    6.002  45.64   -7    4    4   -7    4    4    14.000  120.0      71.00     139.14      64.00     127.02    53    40
   0.135    0.469    6.002    3.569    0.798    2.208  52.41   -7   10   -5   -7   10   -5    37.363  172.0      63.00     153.00     100.00     158.19    40   139
   0.135    0.469    6.002    3.569    0.798    2.208  52.41   -7   10   -5   -7   10   -5    18.583  143.8     100.00     158.19     115.00     169.16    40   139
   6.018    0.561    6.141    4.389    0.544    1.396  45.06   15   20   -2   15   20   -2     9.866   95.8      63.00     266.16      64.00     275.97   400   398
   4.389    0.544    1.396    3.114    0.697    2.846  45.92   23   -9  -12   23   -9  -12     9.165   70.9      63.00     266.16      66.00     257.50   398   401
   4.389    0.544    1.396    5.350    0.430    1.683  35.01  -11  -19   20  -11  -19   20    11.136  128.9      64.00     275.97      71.00     284.63   398   404
   2.194    0.524    4.166    2.597    0.303    3.938  17.51    0   15   -8    0   15   -8    20.000  180.0      65.00     450.91      85.00     450.91   468   480
   4.389    0.544    1.396    2.864    0.259    3.339  43.54    7  -16  -14    7  -16  -14     5.292   40.9      66.00     257.50      70.00     254.03   398   348
   2.864    0.259    3.339    6.163    0.693    5.667  48.87    7   -7    3    7   -7    3    22.716   97.6      67.00     231.52      70.00     254.03   348   389
   6.163    0.693    5.667    6.201    0.508    0.226  41.28    5    6   29    5    6   29    26.000  180.0      67.00     231.52      93.00     231.52   389   297
   4.389    0.544    1.396    6.163    0.693    5.667  52.48   -1   22   19   -1   22   19    22.301   19.7      70.00     254.03      91.00     246.53   398   389
   4.389    0.544    1.396    0.308    0.349    5.971  51.10   -6  -13   -7   -6  -13   -7    11.136  128.9      71.00     284.63      78.00     293.29   398   407
   0.308    0.349    5.971    0.372    0.612    5.974  15.51  -20   -9   -5  -20   -9   -5    23.580   72.7      71.00     315.81      78.00     293.29   407   410
   0.372    0.612    5.974    1.629    0.586    4.275  52.01   15   -6   14   15   -6   14    22.121  174.0      71.00     315.81      93.00     318.12   410   424
   1.629    0.586    4.275    0.372    0.612    5.974  52.01  -15    6  -14  -15    6  -14    22.030   24.8      93.00     318.12     113.00     308.88   424   410
   4.676    0.479    0.893    2.760    0.638    3.587  50.29  -16   14    7  -16   14    7    26.230    7.6      75.00      51.38     101.00      47.92    22    13
   6.201    0.508    0.226    0.183    0.648    6.252  11.69  -22  -19    5  -22  -19    5    24.846  147.7      76.00     195.14      97.00     208.42   297   288
   0.183    0.648    6.252    3.569    0.798    2.208  46.29   -3   11   -2   -3   11   -2    43.143   22.0      76.00     195.14     116.00     178.98   288   139
   4.389    0.544    1.396    0.372    0.612    5.974  52.93  -21   20    4  -21   20    4    36.715  157.8      78.00     293.29     112.00     307.15   398   410
   2.194    0.524    4.166    2.597    0.303    3.938  17.51    0   15   -8    0   15   -8     6.000  180.0      87.00     450.91      93.00     450.91   468   480
   2.527    0.751    3.767    0.200    0.766    6.116  23.96   14   23    3   14   23    3     9.165  130.9      89.00       7.51      83.00       0.58     3     4
   0.200    0.766    6.116    2.760    0.638    3.587  16.85  -21   -2   15  -21   -2   15    13.614  162.7      89.00       7.51     102.00      11.55     4    13
   6.163    0.693    5.667    2.151    0.369    4.401  54.88  -11  -15  -10  -11  -15  -10    15.144   82.4      91.00     246.53      93.00     231.52   389   386
   2.151    0.369    4.401    4.389    0.544    1.396  59.24  -11  -11    8  -11  -11    8    38.626  169.7      91.00     246.53     129.00     253.46   386   398
   6.006    0.600    5.979    1.626    0.067    4.112  35.78   27    5   -1   27    5   -1    19.425  108.0      91.00     394.33      97.00     412.81   456   459
   3.944    0.772    1.873    1.626    0.067    4.112  45.01   -3   29    6   -3   29    6     8.327   43.9      91.00     394.33      97.00     388.56   442   459
   1.626    0.067    4.112    3.944    0.772    1.873  45.01    6  -29    3    6  -29    3    30.199  173.4      97.00     388.56     127.00     392.02   459   442
   2.151    0.369    4.401    6.201    0.508    0.226  45.07  -14   11    1  -14   11    1    15.011   30.0      93.00     231.52     106.00     224.01   386   297
   2.194    0.524    4.166    2.836    0.295    3.791  22.87    3   24  -16    3   24  -16    20.881   35.5      93.00     450.91     110.00     438.79   468   477
   2.836    0.295    3.791    2.597    0.303    3.938   6.16   -9  -13   18   -9  -13   18    11.015  123.0      93.00     450.91      99.00     460.15   477   480
   0.183    0.648    6.252    1.182    0.068    5.205  35.38   29   -1    3   29   -1    3    21.166   19.1      97.00     208.42     117.00     201.50   288   323
   1.182    0.068    5.205    6.201    0.508    0.226  28.33  -17    6   -2  -17    6   -2    15.535  135.1      97.00     208.42     108.00     219.39   323   297
   1.626    0.067    4.112    2.194    0.524    4.166  43.94   12   -9  -19   12   -9  -19     7.024  175.3      97.00     412.81     104.00     413.38   459   468
   2.597    0.303    3.938    2.528    0.559    3.985  14.76   17  -23    2   17  -23    2     9.165   70.9      99.00     460.15      96.00     468.81   480   484
   2.528    0.559    3.985    2.836    0.295    3.791  17.42   -7   18   -6   -7   18   -6    33.005    1.0      99.00     460.15     132.00     459.57   484   477
   4.676    0.479    0.893    0.521    0.352    6.204  49.77    7  -14   10    7  -14   10    26.153  143.4     101.00      47.92     122.00      63.51    22    17
   0.521    0.352    6.204    2.760    0.638    3.587  49.21  -20    3   15  -20    3   15    21.071   64.7     101.00      47.92     110.00      28.87    17    13
   2.760    0.638    3.587    5.091    0.433    1.633  54.30   -6  -19  -15   -6  -19  -15    19.079  114.8     102.00      11.55     110.00      28.87    13    12
   5.091    0.433    1.633    0.200    0.766    6.116  55.51  -22  -12   17  -22  -12   17    25.482   25.5     102.00      11.55     125.00       0.58    12     4
   2.194    0.524    4.166    4.153    1.010    2.505  35.79   10  -11   10   10  -11   10    16.000  120.0     104.00     413.38     112.00     427.24   468   465
   4.153    1.010    2.505    1.626    0.067    4.112  48.17    3    1   -4    3    1   -4    25.482   25.5     104.00     413.38     127.00     402.41   465   459
   6.201    0.508    0.226    4.970    0.239    1.828  36.68   16    1  -14   16    1  -14     5.033   66.6     106.00     224.01     108.00     219.39   297   380
   4.970    0.239    1.828    2.151    0.369    4.401  36.75    1  -16    6    1  -16    6    10.000  180.0     106.00     224.01     116.00     224.01   380   386
   4.676    0.479    0.893    4.933    0.592    1.029  22.73  -11    1  -23  -11    1  -23     6.000   60.0     108.00     113.16     111.00     107.96    22    44
   4.933    0.592    1.029    0.135    0.469    6.002  40.42   -6  -24   -1   -6  -24   -1    11.136  171.1     108.00     113.16     119.00     114.89    44    40
   4.970    0.239    1.828    1.182    0.068    5.205  29.13   -1   -5    7   -1   -5    7     9.238  150.0     108.00     219.39     116.00     224.01   380   323
   0.521    0.352    6.204    5.091    0.433    1.633  34.03   19   23   -4   19   23   -4    22.121    6.0     110.00      28.87     132.00      26.56    17    12
   2.194    0.524    4.166    1.817    0.168    4.683  23.12  -14   19  -10  -14   19  -10    11.719   80.2     110.00     438.79     112.00     427.24   468   472
   1.817    0.168    4.683    2.836    0.295    3.791  15.54   12    0   -5   12    0   -5    29.484  138.3     110.00     438.79     132.00     458.42   472   477
   4.676    0.479    0.893    4.433    0.371    1.366  16.66    5   -2   -9    5   -2   -9    18.475   90.0     111.00     107.96     111.00      89.49    22    27
   4.676    0.479    0.893    4.433    0.371    1.366  16.66    5   -2   -9    5   -2   -9    28.213   67.1     111.00      89.49     122.00      63.51    22    27
   4.433    0.371    1.366    4.933    0.592    1.029  19.11  -18    7   -7  -18    7   -7    10.583  139.1     111.00     107.96     119.00     114.89    27    44
   4.389    0.544    1.396    4.395    0.754    2.447  31.84   -5   10   27   -5   10   27    23.065   42.5     112.00     307.15     129.00     291.56   398   409
   4.395    0.754    2.447    0.372    0.612    5.974  46.14    8   20   -9    8   20   -9     2.000  120.0     112.00     307.15     113.00     308.88   409   410
   1.817    0.168    4.683    4.153    1.010    2.505  58.60   16  -18   13   16  -18   13    27.495  169.1     112.00     427.24     139.00     432.44   472   465
   4.395    0.754    2.447    1.629    0.586    4.275  43.06    4    3   11    4    3   11    32.924  151.7     113.00     308.88     142.00     324.47   409   424
   3.569    0.798    2.208    5.913    0.455    0.455  40.24   19   -1  -23   19   -1  -23     9.866   95.8     115.00     169.16     116.00     178.98   139   217
   5.913    0.455    0.455    0.135    0.469    6.002  20.58   -2  -15   19   -2  -15   19    16.773   26.6     115.00     169.16     130.00     161.66   217    40
   5.913    0.455    0.455    0.183    0.648    6.252  19.65  -21  -21    1  -21  -21    1     7.024  124.7     116.00     178.98     120.00     184.75   217   288
   1.182    0.068    5.205    2.151    0.369    4.401  21.12    8  -13   -7    8  -13   -7    13.317   12.5     116.00     224.01     129.00     221.13   323   386
   0.183    0.648    6.252    0.551    0.560    5.817  14.95   16  -21   15   16  -21   15    17.010   79.8     117.00     201.50     120.00     184.75   288   290
   0.551    0.560    5.817    1.182    0.068    5.205  29.04    5    2    0    5    2    0    20.298  129.8     117.00     201.50     130.00     217.08   290   323
   4.433    0.371    1.366    0.135    0.469    6.002  42.55   -5   -7   -3   -5   -7   -3    15.100    6.6     119.00     114.89     134.00     113.16    27    40
   0.551    0.560    5.817    5.913    0.455    0.455  26.20    6   29   -7    6   29   -7     6.429   21.1     120.00     184.75     126.00     182.44   290   217
   4.433    0.371    1.366    0.521    0.352    6.204  54.54    2  -13   13    2  -13   13    32.187  173.8     122.00      63.51     154.00      66.97    27    17
   5.712    0.965    0.981    5.091    0.433    1.633  38.10   20  -15   -6   20  -15   -6    20.133  126.6     125.00       0.58     137.00      16.74     5    12
   5.913    0.455    0.455    1.262    0.366    4.715  43.37   11  -14   14   11  -14   14    22.271    8.9     126.00     182.44     148.00     178.98   217   287
   1.262    0.366    4.715    0.551    0.560    5.817  33.33  -17    0  -21  -17    0  -21    36.661  169.1     126.00     182.44     162.00     189.37   287   290
   3.944    0.772    1.873    1.949    0.383    4.445  49.94  -15   13   -7  -15   13   -7    20.298   50.2     127.00     392.02     140.00     376.43   442   455
   1.949    0.383    4.445    1.626    0.067    4.112  41.43   -7    9   23   -7    9   23     4.000  120.0     127.00     392.02     129.00     395.48   455   459
   1.626    0.067    4.112    1.427    0.387    4.547  22.92    1   -4   -3    1   -4   -3     7.211   73.9     127.00     402.41     129.00     395.48   459   460
   1.427    0.387    4.547    4.153    1.010    2.505  46.12   23   -8    3   23   -8    3    20.133  173.4     127.00     402.41     147.00     404.72   460   465
   1.427    0.387    4.547    4.153    1.010    2.505  46.12   23   -8    3   23   -8    3    10.583   40.9     147.00     404.72     155.00     397.79   460   465
   2.151    0.369    4.401    6.069    0.747    0.330  53.55   22   13   15   22   13   15    15.621  146.3     129.00     221.13     142.00     229.79   386   369
   6.069    0.747    0.330    1.182    0.068    5.205  42.32   21   -9    1   21   -9    1     4.163   76.1     129.00     221.13     130.00     217.08   369   323
   2.151    0.369    4.401    1.505    0.120    5.243  20.08  -11   22  -18  -11   22  -18     7.572   37.6     129.00     253.46     135.00     248.84   386   399
   1.505    0.120    5.243    4.389    0.544    1.396  50.69   19   11  -19   19   11  -19     3.055  130.9     129.00     253.46     131.00     255.77   399   398
   4.389    0.544    1.396    0.113    0.186    6.158  44.34   -8  -23  -16   -8  -23  -16     4.000   60.0     129.00     291.56     131.00     288.10   398   408
   0.113    0.186    6.158    4.395    0.754    2.447  59.93   -1   -1    1   -1   -1    1    33.645  138.0     129.00     291.56     154.00     314.08   408   409
   1.949    0.383    4.445    1.427    0.387    4.547  24.58   -4   -1    8   -4   -1    8    21.166   19.1     129.00     395.48     149.00     388.56   455   460
   0.135    0.469    6.002    2.694    0.545    4.107  49.94  -14  -14   -3  -14  -14   -3    31.005   61.1     130.00     161.66     145.00     134.52    40    54
   0.135    0.469    6.002    2.694    0.545    4.107  49.94  -14  -14   -3  -14  -14   -3    26.458   19.1     145.00     134.52     170.00     125.86    40    54
   2.694    0.545    4.107    5.913    0.455    0.455  60.69   19    5   19   19    5   19    24.980  136.1     130.00     161.66     148.00     178.98    54   217
   0.551    0.560    5.817    6.069    0.747    0.330  29.82   -6   13   -5   -6   13   -5    17.474  166.6     130.00     217.08     147.00     221.13   290   369
   4.389    0.544    1.396    3.206    0.766    3.163  60.19   17   -8  -19   17   -8  -19    32.332   90.0     131.00     255.77     131.00     288.10   398   395
   3.206    0.766    3.163    1.505    0.120    5.243  49.24   21    9   -7   21    9   -7     8.000   60.0     131.00     255.77     135.00     248.84   395   399
   3.206    0.766    3.163    0.113    0.186    6.158  35.79   15   -2    1   15   -2    1    18.148  172.7     131.00     288.10     149.00     290.41   395   408
   5.091    0.433    1.633    3.701    0.887    2.358  44.67  -25   11   12  -25   11   12    11.015   63.0     132.00      26.56     137.00      16.74    12    15
   3.701    0.887    2.358    0.521    0.352    6.204  47.27   13    1  -27   13    1  -27    24.576  159.4     132.00      26.56     155.00      35.22    15    17
   2.836    0.295    3.791    2.314    0.624    4.221  22.68    2  -25    3    2  -25    3     1.155   90.0     132.00     458.42     132.00     459.57   477   481
   2.314    0.624    4.221    1.817    0.168    4.683  27.62  -19   24    1  -19   24    1    13.317   34.3     132.00     458.42     143.00     450.91   481   472
   2.528    0.559    3.985    2.314    0.624    4.221   8.43  -12  -24  -11  -12  -24  -11     9.238   90.0     132.00     459.57     132.00     468.81   484   481
   4.433    0.371    1.366    0.402    0.420    6.166  56.78  -13  -17  -20  -13  -17  -20    26.153   36.6     134.00     113.16     155.00      97.57    27    34
   0.402    0.420    6.166    0.135    0.469    6.002  24.27   -4    6   23   -4    6   23    13.614  137.3     134.00     113.16     144.00     122.40    34    40
   0.402    0.420    6.166    0.135    0.469    6.002  24.27   -4    6   23   -4    6   23    26.230  172.4     144.00     122.40     170.00     125.86    34    40
   3.206    0.766    3.163    2.151    0.369    4.401  41.15  -18   -7   -9  -18   -7   -9     8.083   30.0     135.00     248.84     142.00     244.80   395   386
   3.701    0.887    2.358    5.712    0.965    0.981  12.81   11   23    6   11   23    6     6.429   21.1     137.00      16.74     143.00      14.43    15     5
   1.629    0.586    4.275    5.109    0.313    1.109  49.28    0  -23  -15    0  -23  -15    13.115   67.6     137.00     343.52     142.00     331.40   424   438
   5.109    0.313    1.109    3.944    0.772    1.873  43.09   14   11    7   14   11    7     9.866  144.2     137.00     343.52     145.00     349.30   438   442
   1.817    0.168    4.683    2.523    0.694    3.658  38.67   22  -12   15   22  -12   15    18.903  102.2     139.00     432.44     143.00     450.91   472   473
   2.523    0.694    3.658    4.153    1.010    2.505  24.39    5  -13    2    5  -13    2    51.160    4.5     139.00     432.44     190.00     428.39   473   465
   3.944    0.772    1.873    2.311    0.532    4.113  52.69  -13   13  -12  -13   13  -12    27.592   79.6     140.00     376.43     145.00     349.30   442   444
   2.311    0.532    4.113    1.949    0.383    4.445  12.41  -28    9   -1  -28    9   -1     8.083  150.0     140.00     376.43     147.00     380.47   444   455
   2.151    0.369    4.401    6.103    0.645    6.151  51.63   18   -1   16   18   -1   16    10.583  100.9     142.00     229.79     144.00     240.18   386   387
   6.103    0.645    6.151    6.069    0.747    0.330  25.65   -3    1  -13   -3    1  -13    10.000   60.0     142.00     229.79     147.00     221.13   387   369
   2.151    0.369    4.401    1.579    0.716    3.960  43.90   -3   -2   -5   -3   -2   -5     5.033   66.6     142.00     244.80     144.00     240.18   386   390
   1.579    0.716    3.960    3.206    0.766    3.163  49.96   22  -20   -1   22  -20   -1    41.053  133.0     142.00     244.80     170.00     274.82   390   395
   4.395    0.754    2.447    3.545    0.765    2.527  45.45    4   -5    6    4   -5    6     4.163   16.1     142.00     324.47     146.00     323.32   409   432
   1.629    0.586    4.275    3.545    0.765    2.527  37.69   10  -25   14   10  -25   14     6.928   90.0     142.00     324.47     142.00     331.40   424   432
   3.545    0.765    2.527    5.109    0.313    1.109  44.64   28   -3   -4   28   -3   -4     3.055  169.1     142.00     331.40     145.00     331.98   432   438
   5.712    0.965    0.981    1.647    0.771    4.027  10.30  -27   10   -1  -27   10   -1    14.000   81.8     143.00      14.43     145.00       0.58     5     6
   1.647    0.771    4.027    3.701    0.887    2.358  13.90    6  -13    5    6  -13    5    24.000  120.0     143.00      14.43     155.00      35.22     6    15
   2.523    0.694    3.658    2.314    0.624    4.221  24.19  -10   -3  -28  -10   -3  -28     9.866  155.8     143.00     450.91     152.00     454.95   473   481
   1.579    0.716    3.960    6.103    0.645    6.151  51.64    7    9   -2    7    9   -2    12.220   10.9     144.00     240.18     156.00     237.87   390   387
   5.109    0.313    1.109    5.672    0.924    0.816  40.11  -23   11   -7  -23   11   -7    11.136  111.0     145.00     331.98     149.00     342.37   438   439
   5.672    0.924    0.816    3.545    0.765    2.527  15.01  -11   -9   12  -11   -9   12     1.155   30.0     145.00     331.98     146.00     331.40   439   432
   2.311    0.532    4.113    5.109    0.313    1.109  49.45  -15   23    7  -15   23    7     1.155   30.0     145.00     349.30     146.00     348.72   444   438
   3.545    0.765    2.527    2.507    0.190    4.067  50.51  -18  -12  -17  -18  -12  -17     8.083   90.0     146.00     323.32     146.00     331.40   432   428
   2.507    0.190    4.067    4.395    0.754    2.447  48.73    7   12   -3    7   12   -3    11.719   39.8     146.00     323.32     155.00     315.81   428   409
   2.507    0.190    4.067    5.672    0.924    0.816  55.82  -11  -13   -9  -11  -13   -9    12.000  120.0     146.00     331.40     152.00     341.79   428   439
   5.109    0.313    1.109    0.414    0.419    6.045  31.45  -15  -23   -9  -15  -23   -9     7.024   64.7     146.00     348.72     149.00     342.37   438   440
   0.414    0.419    6.045    2.311    0.532    4.113  44.59   25  -12    5   25  -12    5    19.079  153.0     146.00     348.72     163.00     357.38   440   444
   6.103    0.645    6.151    0.551    0.560    5.817  28.56    8  -15  -11    8  -15  -11    12.055  174.5     147.00     221.13     159.00     222.28   387   290
   1.949    0.383    4.445    3.610    0.755    2.128  57.90  -18   -8  -19  -18   -8  -19     8.327  103.9     147.00     380.47     149.00     388.56   455   457
   3.610    0.755    2.128    2.311    0.532    4.113  58.15    9  -14   14    9  -14   14    12.000  180.0     147.00     380.47     159.00     380.47   457   444
   2.694    0.545    4.107    1.262    0.366    4.715  53.41  -14   -1   16  -14   -1   16     9.165   10.9     148.00     178.98     157.00     177.25    54   287
   0.113    0.186    6.158    0.043    0.298    6.128   8.53   -7    0    6   -7    0    6     4.163  136.1     149.00     290.41     152.00     293.29   408   403
   0.043    0.298    6.128    3.206    0.766    3.163  30.79  -20   -3   -7  -20   -3   -7    26.153   36.6     149.00     290.41     170.00     274.82   403   395
   0.414    0.419    6.045    5.672    0.924    0.816  45.44   -8   23   -6   -8   23   -6     3.055   10.9     149.00     342.37     152.00     341.79   440   439
   3.610    0.755    2.128    1.427    0.387    4.547  43.69  -19   23    1  -19   23    1    11.015  123.0     149.00     388.56     155.00     397.79   457   460
   0.043    0.298    6.128    3.228    0.070    2.950  21.12   30    5   -1   30    5   -1    27.785   34.1     152.00     293.29     175.00     277.71   403   405
   3.228    0.070    2.950    0.113    0.186    6.158  15.65  -25   -4   -9  -25   -4   -9    20.881   95.5     152.00     293.29     154.00     314.08   405   408
   2.507    0.190    4.067    0.414    0.419    6.045  31.15  -22    3    3  -22    3    3    19.079  147.0     152.00     341.79     168.00     352.18   428   440
   2.314    0.624    4.221    2.098    0.503    4.476  10.39  -23   11  -11  -23   11  -11    13.115   67.6     153.00     456.68     148.00     468.81   481   482
   4.433    0.371    1.366    0.883    0.369    5.319  46.49   -2  -10   -5   -2  -10   -5    30.616   91.9     154.00      66.97     155.00      97.57    27    26
   0.883    0.369    5.319    0.521    0.352    6.204  32.10   -2    5  -23   -2    5  -23     8.083   30.0     154.00      66.97     161.00      62.93    26    17
   3.228    0.070    2.950    4.395    0.754    2.447  54.96    6   12  -11    6   12  -11     2.000  120.0     154.00     314.08     155.00     315.81   405   409
   2.098    0.503    4.476    2.523    0.694    3.658  31.64    2    0    3    2    0    3    10.263   13.0     154.00     454.95     164.00     452.64   482   473
   1.647    0.771    4.027    0.521    0.352    6.204  44.87  -23    4   13  -23    4   13     1.155  150.0     155.00      35.22     156.00      35.80     6    17
   0.883    0.369    5.319    0.402    0.420    6.166  25.43   -1    1   -3   -1    1   -3    13.614  162.7     155.00      97.57     168.00     101.61    26    34
   0.883    0.369    5.319    0.402    0.420    6.166  25.43   -1    1   -3   -1    1   -3    52.814   10.1     168.00     101.61     220.00      92.38    26    34
   3.228    0.070    2.950    2.507    0.190    4.067  24.41    4   -7  -22    4   -7  -22    57.026  178.3     155.00     315.81     212.00     317.54   405   428
   4.153    1.010    2.505    3.610    0.755    2.128  49.93    3  -10   15    3  -10   15     2.000  180.0     155.00     397.79     157.00     397.79   465   457
   0.521    0.352    6.204    0.969    0.738    4.589  32.19  -17  -13  -16  -17  -13  -16    17.474  106.6     156.00      35.80     161.00      52.54    17    19
   0.969    0.738    4.589    1.647    0.771    4.027  26.59   23    8    3   23    8    3    29.597  155.8     156.00      35.80     183.00      47.92    19     6
   6.103    0.645    6.151    6.079    0.216    0.259  32.37   20   -1  -17   20   -1  -17    15.535   75.1     156.00     237.87     160.00     222.86   387   341
   6.079    0.216    0.259    1.579    0.716    3.960  56.44  -17   22  -11  -17   22  -11     6.429  141.0     156.00     237.87     161.00     241.91   341   390
   6.079    0.216    0.259    1.579    0.716    3.960  56.44  -17   22  -11  -17   22  -11    57.492    7.5     161.00     241.91     218.00     234.40   341   390
   2.694    0.545    4.107    4.891    0.691    2.045  27.79   -1  -21    1   -1  -21    1    17.776   43.0     157.00     177.25     170.00     165.12    54   185
   2.694    0.545    4.107    4.891    0.691    2.045  27.79   -1  -21    1   -1  -21    1    26.907   14.9     170.00     165.12     196.00     158.19    54   185
   4.891    0.691    2.045    1.262    0.366    4.715  56.83    9    7   13    9    7   13    13.115  112.4     157.00     177.25     162.00     189.37   185   287
   4.153    1.010    2.505    1.100    0.420    5.598  50.30    5   -8   -9    5   -8   -9    45.004  137.2     157.00     397.79     190.00     428.39   465   461
   1.100    0.420    5.598    3.610    0.755    2.128  34.41   -9   -7   -6   -9   -7   -6    11.015   57.0     157.00     397.79     163.00     388.56   461   457
   0.532    0.581    6.116    0.551    0.560    5.817  16.34    2    0   25    2    0   25     4.163  103.9     158.00     213.62     159.00     217.66   349   290
   0.551    0.560    5.817    0.591    0.289    5.824  15.78   23   10   -4   23   10   -4     2.000  120.0     159.00     217.66     160.00     219.39   290   359
   0.591    0.289    5.824    0.532    0.581    6.116  21.66  -17   -4  -14  -17   -4  -14     3.055   49.1     159.00     217.66     161.00     215.35   359   349
   0.551    0.560    5.817    0.679    0.747    5.746  11.74   -4   -5   -1   -4   -5   -1     3.055   70.9     159.00     222.28     160.00     219.39   290   381
   0.679    0.747    5.746    6.103    0.645    6.151  35.02   -4   25   12   -4   25   12     1.155  150.0     159.00     222.28     160.00     222.86   381   387
   3.610    0.755    2.128    3.177    0.409    2.947  34.94   -3   -8   -9   -3   -8   -9     9.019  116.3     159.00     380.47     163.00     388.56   457   446
   3.177    0.409    2.947    2.311    0.532    4.113  31.56   -2  -19  -18   -2  -19  -18    23.438   80.2     159.00     380.47     163.00     357.38   446   444
   0.679    0.747    5.746    0.591    0.289    5.824  26.38   25   17    0   25   17    0     1.155   30.0     160.00     219.39     161.00     218.82   381   359
   6.079    0.216    0.259    0.679    0.747    5.746  36.04  -20  -22   -1  -20  -22   -1     3.055   49.1     160.00     222.86     162.00     220.55   341   381
   0.969    0.738    4.589    0.575    0.610    5.990  31.61  -14    4   25  -14    4   25    12.000  120.0     161.00      52.54     167.00      62.93    19    25
   0.521    0.352    6.204    0.575    0.610    5.990  17.62  -24   -7   16  -24   -7   16    10.392   90.0     161.00      52.54     161.00      62.93    17    25
   0.575    0.610    5.990    0.883    0.369    5.319  27.75   12    1   17   12    1   17     6.000  180.0     161.00      62.93     167.00      62.93    25    26
   0.591    0.289    5.824    0.397    0.205    5.937   6.96   13   17   17   13   17   17     2.000   60.0     161.00     218.82     162.00     217.08   359   370
   0.397    0.205    5.937    0.679    0.747    5.746  31.91  -20  -16   -3  -20  -16   -3     2.000  120.0     161.00     218.82     162.00     220.55   370   381
   4.891    0.691    2.045    0.551    0.560    5.817  48.65   14   13  -16   14   13  -16     9.866  144.2     162.00     189.37     170.00     195.14   185   290
   0.397    0.205    5.937    6.079    0.216    0.259   7.17   -2   15   -2   -2   15   -2     3.464   30.0     162.00     220.55     165.00     218.82   370   341
   0.414    0.419    6.045    3.177    0.409    2.947  48.65   -6    3    1   -6    3    1     7.211   46.1     163.00     357.38     168.00     352.18   440   446
   3.177    0.409    2.947    1.100    0.420    5.598  54.69  -19   -9  -18  -19   -9  -18    33.645  162.0     163.00     388.56     195.00     398.95   446   461
   2.523    0.694    3.658    0.182    0.670    5.977  22.10   26   15   -1   26   15   -1    18.148   20.5     164.00     452.64     181.00     446.29   473   478
   0.182    0.670    5.977    2.098    0.503    4.476  46.02  -13   -8    2  -13   -8    2    22.716  157.6     164.00     452.64     185.00     461.30   478   482
   0.969    0.738    4.589    0.883    0.369    5.319  42.98    1    8  -14    1    8  -14     1.155  150.0     167.00      62.93     168.00      63.51    19    26
   2.507    0.190    4.067    3.177    0.409    2.947  31.61   14    6   25   14    6   25    49.166  175.3     168.00     352.18     217.00     356.23   428   446
   0.551    0.560    5.817    0.460    0.738    5.657  17.05  -17   -4   22  -17   -4   22     3.055   70.9     169.00     198.03     170.00     195.14   290   298
   0.883    0.369    5.319    0.969    0.738    4.589  42.98   -1   -8   14   -1   -8   14     7.024    4.7     170.00      63.51     177.00      62.93    26    19
   2.694    0.545    4.107    0.402    0.420    6.166  50.62    4    1    2    4    1    2    31.048  176.8     170.00     125.86     201.00     127.59    54    34
   0.460    0.738    5.657    4.891    0.691    2.045  34.38  -14  -19   11  -14  -19   11     2.309  150.0     170.00     195.14     172.00     196.30   298   185
   5.465    0.403    0.034    0.460    0.738    5.657  48.57   -2  -19  -12   -2  -19  -12     1.155   30.0     170.00     198.61     171.00     198.03   310   298
   5.465    0.403    0.034    5.715    0.699    0.309  33.47  -16   -4  -25  -16   -4  -25     4.000  180.0     170.00     199.76     174.00     199.76   310   316
   0.043    0.298    6.128    1.579    0.716    3.960  60.05   16  -15   20   16  -15   20     4.000  180.0     170.00     274.82     174.00     274.82   403   390
   3.373    0.517    2.692    6.079    0.216    0.259  43.44  -21   -4   -7  -21   -4   -7     4.000  180.0     172.00     220.55     176.00     220.55   384   341
   0.043    0.298    6.128    2.666    0.334    3.783  37.75   27   -7  -11   27   -7  -11     3.055  109.1     174.00     274.82     175.00     277.71   403   402
   2.666    0.334    3.783    1.579    0.716    3.960  56.12   -7   -5  -10   -7   -5  -10    11.372  165.3     174.00     274.82     185.00     277.71   402   390
   2.666    0.334    3.783    3.228    0.070    2.950  22.43   -4    3    5   -4    3    5    10.000  180.0     175.00     277.71     185.00     277.71   402   405
   0.969    0.738    4.589    2.371    0.887    3.770  44.73  -21    4  -14  -21    4  -14    16.166   68.2     177.00      62.93     183.00      47.92    19    23
   2.371    0.887    3.770    0.883    0.369    5.319  43.07   27   13    1   27   13    1    22.121  174.0     177.00      62.93     199.00      65.24    23    26
   2.371    0.887    3.770    0.883    0.369    5.319  43.07   27   13    1   27   13    1    13.317   25.7     199.00      65.24     211.00      59.47    23    26
   6.093    0.666    6.072    6.079    0.216    0.259  36.63    1    0   -1    1    0   -1     4.000  180.0     178.00     220.55     182.00     220.55   378   341
   4.891    0.691    2.045    2.347    0.748    3.449  40.58   -3    1    0   -3    1    0     2.000  120.0     181.00     198.03     182.00     199.76   185   313
   0.182    0.670    5.977    1.238    0.511    4.420  49.80   20   -5   22   20   -5   22    15.535  104.9     181.00     446.29     185.00     461.30   478   471
   1.238    0.511    4.420    2.523    0.694    3.658  45.07   23   11  -12   23   11  -12    20.133   53.4     181.00     446.29     193.00     430.13   471   473
   5.756    0.728    0.005    6.093    0.666    6.072  13.09    2   -5   -1    2   -5   -1     3.464   90.0     182.00     217.08     182.00     220.55   321   378
   5.756    0.728    0.005    6.079    0.216    0.259  43.49    9   -4  -10    9   -4  -10    29.866   20.4     182.00     220.55     210.00     210.16   321   341
   2.371    0.887    3.770    1.647    0.771    4.027  33.92  -13   -9    7  -13   -9    7    21.197  172.2     183.00      47.92     204.00      50.81    23     6
   2.371    0.887    3.770    1.647    0.771    4.027  33.92  -13   -9    7  -13   -9    7    11.136  128.9     204.00      50.81     211.00      59.47    23     6
   5.756    0.728    0.005    4.891    0.691    2.045  33.77    5   16    6    5   16    6    24.000  180.0     185.00     200.34     209.00     200.34   321   185
   1.579    0.716    3.960    3.228    0.070    2.950  53.84   -7   20  -17   -7   20  -17    18.903  162.2     185.00     277.71     203.00     283.48   390   405
   1.238    0.511    4.420    2.098    0.503    4.476  48.77    6   11   22    6   11   22     4.000  120.0     185.00     461.30     187.00     464.77   471   482
   1.238    0.511    4.420    5.730    0.374    0.169  43.69   -7    8   -5   -7    8   -5     6.429  141.0     187.00     464.77     192.00     468.81   471   486
   5.730    0.374    0.169    2.098    0.503    4.476  59.83   17  -17  -16   17  -17  -16     4.163  103.9     187.00     464.77     188.00     468.81   486   482
   1.100    0.420    5.598    2.523    0.694    3.658  56.42   14   -3   12   14   -3   12     3.464  150.0     190.00     428.39     193.00     430.13   461   473
   1.100    0.420    5.598    1.238    0.511    4.420  30.21   -2   -4  -21   -2   -4  -21    12.166   34.7     193.00     430.13     203.00     423.20   461   471
   3.177    0.409    2.947    1.311    0.771    5.640  44.92    5   10    8    5   10    8    39.038   57.5     195.00     398.95     216.00     366.04   446   451
   1.311    0.771    5.640    1.100    0.420    5.598  24.56   13   20   14   13   20   14    20.033  116.7     195.00     398.95     204.00     416.85   451   461
   2.694    0.545    4.107    0.489    0.636    5.781  37.08   17   -3   12   17   -3   12    25.534   71.7     196.00     158.19     204.00     133.95    54    63
   0.489    0.636    5.781    4.891    0.691    2.045  42.95  -15  -16   13  -15  -16   13    15.011  150.0     196.00     158.19     209.00     165.70    63   185
   2.694    0.545    4.107    3.508    0.773    2.335  40.17   16    5  -14   16    5  -14     6.000  120.0     201.00     127.59     204.00     132.79    54    55
   3.508    0.773    2.335    0.402    0.420    6.166  48.97    7   10   23    7   10   23     9.165   10.9     201.00     127.59     210.00     125.86    55    34
   5.543    0.866    1.013    1.647    0.771    4.027  20.09  -29    6   -6  -29    6   -6    34.699  153.3     203.00       0.58     234.00      16.17     8     6
   1.647    0.771    4.027    5.523    0.940    1.103  17.98    1    2   30    1    2   30     6.000  180.0     203.00       0.58     197.00       0.58     6     7
   3.228    0.070    2.950    1.549    0.739    5.398  60.96    8  -19   20    8  -19   20    22.716  142.4     203.00     283.48     221.00     297.34   405   406
   1.549    0.739    5.398    1.579    0.716    3.960   9.05    5    0  -26    5    0  -26    13.317   25.7     203.00     283.48     215.00     277.71   406   390
   1.100    0.420    5.598    4.807    0.782    0.867  47.22  -20  -11   20  -20  -11   20     6.429   81.1     203.00     423.20     204.00     416.85   461   470
   4.807    0.782    0.867    1.238    0.511    4.420  44.27   15   13  -11   15   13  -11    16.371  167.8     203.00     423.20     219.00     426.66   470   471
   2.694    0.545    4.107    3.601    0.789    2.397  47.83   10    3  -10   10    3  -10     1.155   90.0     204.00     132.79     204.00     133.95    54    56
   3.601    0.789    2.397    3.508    0.773    2.335   8.25    7  -12   26    7  -12   26     9.165   49.1     204.00     132.79     210.00     125.86    56    55
   3.601    0.789    2.397    0.489    0.636    5.781  50.20    4   -5   -9    4   -5   -9    13.115  172.4     204.00     133.95     217.00     135.68    56    63
   4.807    0.782    0.867    1.311    0.771    5.640  47.36  -25   -4  -17  -25   -4  -17    26.000  180.0     204.00     416.85     230.00     416.85   470   451
   4.891    0.691    2.045    5.665    0.584    0.514  46.59  -11    3  -16  -11    3  -16     9.165  130.9     209.00     165.70     215.00     172.63   185   235
   5.665    0.584    0.514    0.489    0.636    5.781  35.44   -2  -25    3   -2  -25    3     6.429   21.1     209.00     165.70     215.00     163.39   235    63
   5.756    0.728    0.005    4.247    0.726    1.272  54.21   15   20   -1   15   20   -1     9.866   95.8     209.00     200.34     210.00     210.16   321   294
   4.247    0.726    1.272    4.891    0.691    2.045  29.39   -1   -1    1   -1   -1    1    13.614   42.7     209.00     200.34     219.00     191.10   294   185
   3.601    0.789    2.397    0.402    0.420    6.166  45.34   14   -1  -24   14   -1  -24     1.155   30.0     210.00     125.86     211.00     125.29    56    34
   4.247    0.726    1.272    6.079    0.216    0.259  60.09  -19   20   -8  -19   20   -8    20.232  152.8     210.00     210.16     228.00     219.39   294   341
   1.647    0.771    4.027    0.883    0.369    5.319  47.58   -7    6  -10   -7    6  -10    11.719  140.2     211.00      59.47     220.00      66.97     6    26
   0.402    0.420    6.166    2.211    0.776    4.460  54.39   19  -21    2   19  -21    2    11.015   35.2     211.00     125.29     220.00     118.93    34    52
   2.211    0.776    4.460    3.601    0.789    2.397  54.98  -11   -1  -11  -11   -1  -11    12.000  120.0     211.00     125.29     217.00     135.68    52    56
   3.228    0.070    2.950    0.322    0.542    6.041  36.59  -19   -6   -6  -19   -6   -6    22.121   66.0     212.00     317.54     221.00     297.34   405   411
   0.322    0.542    6.041    2.507    0.190    4.067  39.44   21   -2   -5   21   -2   -5    32.578  157.1     212.00     317.54     242.00     330.24   411   428
   4.891    0.691    2.045    5.919    0.439    0.442  51.85   -9   -8   14   -9   -8   14     2.000  120.0     215.00     172.63     216.00     174.36   185   281
   5.919    0.439    0.442    5.665    0.584    0.514  13.88   -8   20   17   -8   20   17     3.055   49.1     215.00     172.63     217.00     170.32   281   235
   1.579    0.716    3.960    1.941    0.835    3.769  16.44   23   10   -6   23   10   -6    33.407   51.1     215.00     277.71     236.00     251.72   390   396
   1.941    0.835    3.769    1.549    0.739    5.398  20.94   -9   -6    8   -9   -6    8    19.218  111.4     215.00     277.71     222.00     295.60   396   406
   5.665    0.584    0.514    5.484    0.602    0.756   7.87    1    2   -2    1    2   -2     3.464   90.0     216.00     163.97     216.00     167.43   235   236
   5.665    0.584    0.514    5.662    0.589    0.719  11.56    0    1  -30    0    1  -30     3.055  109.1     216.00     167.43     217.00     170.32   235   250
   5.662    0.589    0.719    5.484    0.602    0.756   8.53   11   16   21   11   16   21     3.055   49.1     216.00     167.43     218.00     165.12   250   236
   4.891    0.691    2.045    5.622    0.491    0.513  45.12  -16    1  -23  -16    1  -23    17.010  100.2     216.00     174.36     219.00     191.10   185   183
   5.622    0.491    0.513    5.919    0.439    0.442  13.88   -1   -8  -11   -1   -8  -11     3.055   49.1     216.00     174.36     218.00     172.05   183   281
   3.177    0.409    2.947    0.428    0.157    5.998  36.55  -20   -3  -11  -20   -3  -11     9.866   84.2     216.00     366.04     217.00     356.23   446   443
   0.428    0.157    5.998    1.311    0.771    5.640  47.28   -7  -13  -10   -7  -13  -10    32.884  160.5     216.00     366.04     247.00     377.01   443   451
   2.211    0.776    4.460    0.489    0.636    5.781  46.13   19    8   13   19    8   13     4.619  150.0     217.00     135.68     221.00     137.99    52    63
   5.662    0.589    0.719    5.919    0.439    0.442  11.54    7  -25    7    7  -25    7     1.155  150.0     217.00     170.32     218.00     170.90   250   281
   0.428    0.157    5.998    2.507    0.190    4.067  18.80   23   -9  -11   23   -9  -11    27.592   19.6     217.00     356.23     243.00     346.99   443   428
   5.484    0.602    0.756    5.098    0.811    1.235  21.28    7   22  -13    7   22  -13     1.155   90.0     218.00     163.97     218.00     165.12   236   220
   5.098    0.811    1.235    5.662    0.589    0.719  24.46   -7  -15    3   -7  -15    3     1.155  150.0     218.00     165.12     219.00     165.70   220   250
   6.079    0.216    0.259    6.279    0.264    6.258   6.45  -14  -11   24  -14  -11   24    18.037   56.3     218.00     234.40     228.00     219.39   341   379
   1.579    0.716    3.960    6.279    0.264    6.258  58.67   15  -10   11   15  -10   11    22.030  144.8     218.00     234.40     236.00     247.11   390   379
   5.622    0.491    0.513    4.247    0.726    1.272  50.12    9   12    8    9   12    8    19.079  174.8     219.00     191.10     238.00     192.84   183   294
   4.807    0.782    0.867    3.212    0.292    2.976  59.22    1   -1   -1    1   -1   -1    14.742   41.7     219.00     426.66     230.00     416.85   470   466
   3.212    0.292    2.976    1.238    0.511    4.420  46.47   -9  -23   16   -9  -23   16    31.896  166.4     219.00     426.66     250.00     434.17   466   471
   3.212    0.292    2.976    1.238    0.511    4.420  46.47   -9  -23   16   -9  -23   16    28.937   26.0     250.00     434.17     276.00     421.47   466   471
   0.883    0.369    5.319    5.731    0.211    0.515  23.24    2   24   -5    2   24   -5     4.000  120.0     220.00      66.97     222.00      70.44    26    32
   5.731    0.211    0.515    1.647    0.771    4.027  58.64  -17   13  -11  -17   13  -11     4.000  180.0     220.00      66.97     224.00      66.97    32     6
   2.211    0.776    4.460    0.093    0.620    0.090  59.18   18   17   16   18   17   16    17.321  150.0     220.00     118.93     235.00     127.59    52    49
   0.093    0.620    0.090    0.402    0.420    6.166  14.79   16  -12   -5   16  -12   -5    11.547   30.0     220.00     118.93     230.00     113.16    49    34
   5.622    0.491    0.513    5.662    0.589    0.719  14.91   -7    3  -18   -7    3  -18     2.000   60.0     220.00     170.90     221.00     169.16   183   250
   0.883    0.369    5.319    2.319    0.602    4.453  45.22   19   -9  -14   19   -9  -14    20.232   87.2     221.00      90.64     222.00      70.44    26    21
   0.322    0.542    6.041    1.549    0.739    5.398  46.81    7  -20  -11    7  -20  -11     2.000   60.0     221.00     297.34     222.00     295.60   411   406
   2.319    0.602    4.453    5.731    0.211    0.515  54.18  -14   21   15  -14   21   15     4.000   60.0     222.00      70.44     224.00      66.97    21    32
   2.319    0.602    4.453    0.402    0.420    6.166  47.79  -17   15    2  -17   15    2    17.474  133.4     222.00      92.38     234.00     105.08    21    34
   0.489    0.636    5.781    2.664    0.522    3.874  32.60  -19   -4   -1  -19   -4   -1     1.155   90.0     222.00     139.72     222.00     140.87    63    64
   0.322    0.542    6.041    1.941    0.835    3.769  52.07   -5   17  -20   -5   17  -20    57.166  164.2     222.00     295.60     277.00     311.19   411   396
   2.664    0.522    3.874    2.211    0.776    4.460  24.55   -7  -23  -14   -7  -23  -14     4.619   30.0     223.00     137.99     227.00     135.68    64    52
   2.319    0.602    4.453    1.647    0.771    4.027  43.47  -18   -1  -24  -18   -1  -24    55.293   22.7     224.00      66.97     275.00      45.61    21     6
   2.211    0.776    4.460    2.596    0.666    3.922  21.17   13   17   19   13   17   19    11.372   45.3     227.00     135.68     235.00     127.59    52    57
   2.596    0.666    3.922    2.664    0.522    3.874   8.54   -8   13   -1   -8   13   -1     3.464   90.0     227.00     135.68     227.00     139.14    57    64
   4.247    0.726    1.272    6.279    0.264    6.258  54.23  -20   22   -7  -20   22   -7    12.220   10.9     228.00     219.39     240.00     217.08   294   379
   0.402    0.420    6.166    2.228    0.834    4.455  57.24    6    9   -5    6    9   -5     9.019   63.7     230.00     113.16     234.00     105.08    34    37
   2.228    0.834    4.455    0.093    0.620    0.090  59.75  -12  -12  -13  -12  -12  -13     8.083  150.0     230.00     113.16     237.00     117.20    37    49
   3.212    0.292    2.976    1.311    0.771    5.640  50.08   11   16   13   11   16   13    34.078   31.7     230.00     416.85     259.00     398.95   466   451
   5.622    0.491    0.513    0.147    0.362    6.060  19.95    6  -29   -1    6  -29   -1     3.464  150.0     232.00     170.90     235.00     172.63   183   280
   5.543    0.866    1.013    3.119    0.634    3.171  45.99   -7  -10   11   -7  -10   11    16.371  107.8     234.00      16.17     229.00       0.58     8     9
   3.119    0.634    3.171    1.647    0.771    4.027  47.00    1   25   16    1   25   16    29.052  176.6     234.00      16.17     263.00      17.90     9     6
   2.319    0.602    4.453    2.228    0.834    4.455  14.25    0  -18    5    0  -18    5    12.220   10.9     234.00     105.08     246.00     102.77    21    37
   2.228    0.834    4.455    2.319    0.602    4.453  14.25    0   18   -5    0   18   -5    30.265  163.4     246.00     102.77     275.00     111.43    37    21
   2.596    0.666    3.922    0.093    0.620    0.090  38.65   12   11    8   12   11    8     5.292   19.1     235.00     127.59     240.00     125.86    57    49
   1.579    0.716    3.960    1.595    0.722    5.317  11.59    2    1   30    2    1   30     4.619   90.0     236.00     247.11     236.00     251.72   390   391
   1.595    0.722    5.317    6.279    0.264    6.258  53.06  -13  -24   11  -13  -24   11    16.773   33.4     236.00     247.11     250.00     237.87   391   379
   1.595    0.722    5.317    1.941    0.835    3.769  21.72    7  -12  -14    7  -12  -14    20.000  180.0     236.00     251.72     256.00     251.72   391   396
   0.093    0.620    0.090    3.502    0.472    3.443  39.47   -3   -3   -1   -3   -3   -1     9.165  109.1     237.00     117.20     240.00     125.86    49    51
   3.502    0.472    3.443    2.228    0.834    4.455  45.96  -11  -24    2  -11  -24    2    10.000  180.0     237.00     117.20     247.00     117.20    51    37
   3.502    0.472    3.443    2.228    0.834    4.455  45.96  -11  -24    2  -11  -24    2     9.866   95.8     247.00     117.20     248.00     127.02    51    37
   0.147    0.362    6.060    0.547    0.160    5.656  12.80   16   -1    1   16   -1    1     2.000  120.0     237.00     169.16     238.00     170.90   280   272
   5.622    0.491    0.513    0.147    0.362    6.060  19.95    6  -29   -1    6  -29   -1     2.000   60.0     237.00     172.63     238.00     170.90   183   280
   5.622    0.491    0.513    0.547    0.160    5.656  26.26   10  -12   -1   10  -12   -1     4.619   30.0     238.00     170.90     242.00     168.59   183   272
   4.247    0.726    1.272    5.622    0.491    0.513  50.12   -9  -12   -8   -9  -12   -8    15.275  130.9     239.00     193.41     249.00     204.96   294   183
   2.596    0.666    3.922    3.502    0.472    3.443  33.82    4   22  -13    4   22  -13     8.083  171.8     240.00     125.86     248.00     127.02    57    51
   4.247    0.726    1.272    0.300    0.380    6.052  52.29  -23   17   -6  -23   17   -6    15.100   53.4     240.00     217.08     249.00     204.96   294   333
   0.300    0.380    6.052    6.279    0.264    6.258   9.80   11   12    9   11   12    9    23.065  115.7     240.00     217.08     250.00     237.87   333   379
   4.635    0.011    1.544    0.547    0.160    5.656   9.62  -17  -14   -3  -17  -14   -3     2.000  120.0     241.00     166.85     242.00     168.59   262   272
   1.238    0.511    4.420    3.236    0.694    2.405  42.17    5  -23   14    5  -23   14    17.088    5.8     241.00     467.08     224.00     468.81   471   488
   3.236    0.694    2.405    1.250    0.314    4.918  59.42   18   17   17   18   17   17     2.000  120.0     241.00     467.08     242.00     468.81   488   487
   1.250    0.314    4.918    1.238    0.511    4.420  31.18    0  -11   28    0  -11   28    23.065  175.7     241.00     467.08     264.00     468.81   487   471
   4.635    0.011    1.544    5.622    0.491    0.513  27.92  -26   15    3  -26   15    3     4.163   43.9     242.00     168.59     245.00     165.70   262   183
   2.507    0.190    4.067    2.723    0.429    3.461  26.84   14   -5   24   14   -5   24    16.773   93.4     242.00     330.24     243.00     346.99   428   435
   2.723    0.429    3.461    0.322    0.542    6.041  40.21   27    7   -7   27    7   -7     9.866   24.2     242.00     330.24     251.00     326.20   435   411
   2.723    0.429    3.461    0.322    0.542    6.041  40.21   27    7   -7   27    7   -7    22.745  165.3     251.00     326.20     273.00     331.98   435   411
   2.723    0.429    3.461    0.428    0.157    5.998  34.75  -26    6  -13  -26    6  -13    26.458  160.9     243.00     346.99     268.00     355.65   435   443
   0.419    0.798    5.804    2.596    0.666    3.922  18.84  -24   -8    5  -24   -8    5     2.000  180.0     246.00     157.04     248.00     157.04   181    57
   0.419    0.798    5.804    2.961    0.708    3.528  10.28  -17    3  -11  -17    3  -11     3.055   70.9     247.00     159.93     248.00     157.04   181   182
   1.311    0.771    5.640    5.696    0.581    1.219  40.48   15  -20    6   15  -20    6    22.271  128.9     247.00     377.01     261.00     394.33   451   454
   5.696    0.581    1.219    0.428    0.157    5.998  41.98    6  -17   18    6  -17   18     5.292   40.9     247.00     377.01     251.00     373.55   454   443
   2.228    0.834    4.455    2.596    0.666    3.922  22.78   10   20   19   10   20   19    29.143  157.9     248.00     127.02     275.00     137.99    37    57
   2.596    0.666    3.922    2.961    0.708    3.528  14.82   19   20   13   19   20   13     3.464   90.0     248.00     157.04     248.00     160.50    57   182
   5.622    0.491    0.513    2.596    0.666    3.922  54.10  -17  -22    7  -17  -22    7    22.745   14.7     249.00     162.24     271.00     156.46   183    57
   5.622    0.491    0.513    0.300    0.380    6.052  24.54    2  -20   -7    2  -20   -7    25.007  178.7     249.00     204.96     274.00     205.54   183   333
   0.300    0.380    6.052    1.595    0.722    5.317  46.73    5  -26  -15    5  -26  -15     5.033  173.4     250.00     237.87     255.00     238.45   333   391
   2.712    0.740    2.835    0.428    0.157    5.998  59.62    1    1   -1    1    1   -1     8.083   68.2     251.00     373.55     254.00     366.04   452   443
   2.712    0.740    2.835    0.428    0.157    5.998  59.62    1    1   -1    1    1   -1     6.000  120.0     254.00     366.04     257.00     371.24   452   443
   5.696    0.581    1.219    2.712    0.740    2.835  31.24    7   14  -20    7   14  -20     6.429   21.1     251.00     373.55     257.00     371.24   454   452
   1.595    0.722    5.317    3.004    0.315    2.614  42.68   26   11   -6   26   11   -6     5.292  139.1     255.00     238.45     259.00     241.91   391   392
   3.004    0.315    2.614    0.300    0.380    6.052  57.69   -7   -3   -8   -7   -3   -8     8.083  171.8     255.00     238.45     263.00     239.60   392   333
   1.595    0.722    5.317    1.348    0.675    4.195  17.65   -2    4   -7   -2    4   -7    10.263   73.0     256.00     251.72     259.00     241.91   391   393
   1.348    0.675    4.195    1.941    0.835    3.769  24.75   26   10   -1   26   10   -1    17.088    5.8     256.00     251.72     273.00     249.99   393   396
   0.428    0.157    5.998    5.696    0.581    1.219  41.98   -6   17  -18   -6   17  -18    12.000  180.0     257.00     371.24     269.00     371.24   443   454
   1.348    0.675    4.195    3.004    0.315    2.614  43.50   -2   27    1   -2   27    1     4.619   30.0     259.00     241.91     263.00     239.60   393   392
   1.311    0.771    5.640    4.249    0.461    1.480  37.41  -17    6  -21  -17    6  -21     5.033   66.6     259.00     398.95     261.00     394.33   451   464
   4.249    0.461    1.480    3.212    0.292    2.976  37.11    6  -10  -15    6  -10  -15     9.165  169.1     259.00     398.95     268.00     400.68   464   466
   4.249    0.461    1.480    5.696    0.581    1.219  48.70  -15  -18   17  -15  -18   17     8.083  171.8     261.00     394.33     269.00     395.48   464   454
   3.119    0.634    3.171    2.782    0.749    3.447  13.94    5  -15   -1    5  -15   -1    18.330  109.1     263.00      17.90     257.00       0.58     9    10
   2.782    0.749    3.447    1.647    0.771    4.027  46.33   -9  -14    6   -9  -14    6    18.903  137.8     263.00      17.90     277.00      30.60    10     6
   0.300    0.380    6.052    1.348    0.675    4.195  49.23   -1  -11  -12   -1  -11  -12     3.055  169.1     263.00     239.60     266.00     240.18   333   393
   1.348    0.675    4.195    5.476    1.022    0.831  19.72    7  -16   21    7  -16   21    12.055  125.5     266.00     240.18     273.00     249.99   393   388
   5.476    1.022    0.831    0.300    0.380    6.052  45.82    7   16   -3    7   16   -3    23.692   27.6     266.00     240.18     287.00     229.21   388   333
   2.723    0.429    3.461    1.868    0.325    4.169  19.18  -22  -15    8  -22  -15    8     8.718   36.6     268.00     355.65     275.00     350.45   435   445
   1.868    0.325    4.169    0.428    0.157    5.998  30.68  -14   13  -23  -14   13  -23    15.620   93.7     268.00     355.65     269.00     371.24   445   443
   4.249    0.461    1.480    2.830    0.441    3.661  51.73   16   -4   19   16   -4   19     5.292   79.1     268.00     400.68     269.00     395.48   464   449
   2.830    0.441    3.661    3.212    0.292    2.976  21.97   -3    4    8   -3    4    8    22.271  111.0     268.00     400.68     276.00     421.47   449   466
   1.868    0.325    4.169    5.696    0.581    1.219  52.42   22   -9   18   22   -9   18     8.327  136.1     269.00     371.24     275.00     377.01   445   454
   5.696    0.581    1.219    2.830    0.441    3.661  58.32    7    7   -2    7    7   -2    19.425   72.0     269.00     395.48     275.00     377.01   454   449
   2.596    0.666    3.922    2.673    0.766    3.421  26.15    1    0    4    1    0    4    18.903   77.8     271.00     156.46     275.00     137.99    57    60
   2.673    0.766    3.421    5.622    0.491    0.513  33.05    5    4    4    5    4    4     1.155  150.0     271.00     156.46     272.00     157.04    60   183
   5.622    0.491    0.513    2.311    0.207    3.970  40.62   22  -16   -5   22  -16   -5    14.000  141.8     272.00     157.04     283.00     165.70   183   184
   2.311    0.207    3.970    2.673    0.766    3.421  35.17   27   -7   10   27   -7   10    14.000  141.8     272.00     157.04     283.00     165.70   184    60
   5.476    1.022    0.831    1.941    0.835    3.769  31.38  -10  -13  -18  -10  -13  -18    24.440   10.9     273.00     249.99     297.00     245.37   388   396
   2.723    0.429    3.461    0.054    0.226    0.333  46.47  -12    5  -10  -12    5  -10    10.000  120.0     273.00     331.98     278.00     340.64   435   433
   2.723    0.429    3.461    0.054    0.226    0.333  46.47  -12    5  -10  -12    5  -10    10.263   73.0     278.00     340.64     275.00     350.45   435   433
   0.054    0.226    0.333    0.322    0.542    6.041  26.38  -11   -3   11  -11   -3   11     5.033   53.4     273.00     331.98     276.00     327.93   433   411
   0.300    0.380    6.052    2.502    0.719    3.806  42.73  -25   -6   14  -25   -6   14    21.166  139.1     274.00     205.54     290.00     219.39   333   300
   2.502    0.719    3.806    5.622    0.491    0.513  47.79   17   12   19   17   12   19    20.232   32.8     274.00     205.54     291.00     194.57   300   183
   1.647    0.771    4.027    4.464    0.207    2.336  60.78    9   -6  -10    9   -6  -10    15.144   82.4     275.00      45.61     277.00      30.60     6    18
   4.464    0.207    2.336    2.319    0.602    4.453  42.00    0  -28   -1    0  -28   -1    11.547  150.0     275.00      45.61     285.00      51.38    18    21
   4.464    0.207    2.336    2.319    0.602    4.453  42.00    0  -28   -1    0  -28   -1    12.220   10.9     285.00      51.38     297.00      49.07    18    21
   2.673    0.766    3.421    2.228    0.834    4.455  45.17   -6   -9  -23   -6   -9  -23    15.011   30.0     275.00     137.99     288.00     130.48    60    37
   0.054    0.226    0.333    1.868    0.325    4.169  45.52   11  -12   24   11  -12   24    23.861  142.8     275.00     350.45     294.00     364.89   433   445
   2.830    0.441    3.661    1.868    0.325    4.169  30.63   -9   -5   11   -9   -5   11    22.539   32.5     275.00     377.01     294.00     364.89   449   445
   2.228    0.834    4.455    2.319    0.602    4.453  14.25    0   18   -5    0   18   -5     8.718  156.6     276.00     112.01     284.00     115.47    37    21
   0.322    0.542    6.041    5.850    0.162    0.315  26.78    9    6    4    9    6    4    16.773   86.6     276.00     327.93     277.00     311.19   411   414
   5.850    0.162    0.315    0.054    0.226    0.333  29.13   -4   -3  -22   -4   -3  -22    21.633   13.9     276.00     327.93     297.00     322.74   414   433
   2.830    0.441    3.661    1.238    0.511    4.420  55.58  -13  -12   18  -13  -12   18    21.633  166.1     276.00     421.47     297.00     426.66   449   471
   4.464    0.207    2.336    2.782    0.749    3.447  53.03    8   -9    7    8   -9    7    20.526  167.0     277.00      30.60     297.00      35.22    18    10
   5.850    0.162    0.315    1.941    0.835    3.769  59.95  -10    7  -11  -10    7  -11    22.030   24.8     277.00     311.19     297.00     301.95   414   396
   5.622    0.491    0.513    2.673    0.766    3.421  33.05   -5   -4    4   -5   -4    4     2.000  120.0     283.00     165.70     284.00     167.43   183    60
   2.228    0.834    4.455    4.800    0.116    1.383  52.54  -20  -21    2  -20  -21    2    15.535  104.9     284.00     115.47     288.00     130.48    37    47
   4.800    0.116    1.383    2.319    0.602    4.453  52.63    7  -14  -13    7  -14  -13    15.011   30.0     284.00     115.47     297.00     107.96    47    21
   5.622    0.491    0.513    3.700    0.437    2.158  44.12   27    5    6   27    5    6    25.534  108.3     284.00     167.43     292.00     191.68   183   273
   3.700    0.437    2.158    2.673    0.766    3.421  42.26   14  -13  -11   14  -13  -11    13.013    2.5     284.00     167.43     297.00     166.85   273    60
   0.300    0.380    6.052    0.238    0.536    5.857  16.99  -12   -2   19  -12   -2   19    10.263   73.0     287.00     229.21     290.00     219.39   333   368
   0.238    0.536    5.857    5.476    1.022    0.831  51.37    3  -21  -14    3  -21  -14    12.166  145.3     287.00     229.21     297.00     236.14   368   388
   2.319    0.602    4.453    2.541    0.990    3.989  29.57   17  -14   16   17  -14   16     1.155  150.0     288.00     106.23     289.00     106.81    21    38
   4.800    0.116    1.383    2.673    0.766    3.421  47.72   17   -8    1   17   -8    1     9.165  169.1     288.00     130.48     297.00     132.21    47    60
   0.238    0.536    5.857    2.502    0.719    3.806  29.01  -27  -10    7  -27  -10    7     8.083   30.0     290.00     219.39     297.00     215.35   368   300
   5.622    0.491    0.513    0.799    0.300    5.492  31.25   11  -25   -4   11  -25   -4     3.055   70.9     291.00     194.57     292.00     191.68   183   296
   0.799    0.300    5.492    2.502    0.719    3.806  46.40   26   -8    3   26   -8    3     6.429  158.9     291.00     194.57     297.00     196.88   296   300
   0.799    0.300    5.492    3.700    0.437    2.158  48.86   11   13   10   11   13   10     5.033    6.6     292.00     191.68     297.00     191.10   296   273
   2.830    0.441    3.661    0.054    0.226    0.333  39.22  -15    8   -5  -15    8   -5     3.055   10.9     294.00     364.89     297.00     364.31   449   433
